#OTU ID	S1HB3xDD2.MID109-109.P4.jan14_ncdenovo	S1HB3xDD2.MID110-110.P2.jan14_ncdenovo	S1HB3xDD2.MID98-98.P2.dec13_ncdenovo	S1HB3xDD2.MID104-104.P2.nov13_ncdenovo	S1HB3xDD2.MID98-98.P2.dec13_otuclust	S1HB3xDD2.MID104-104.P2.nov13_otuclust	S1HB3xDD2.MID110-110.P2.jan14_otuclust	S1HB3xDD2.MID109-109.P4.jan14_otuclust	S1HB3xDD2.MID109-109.P4.jan14_ncref	S1HB3xDD2.MID104-104.P2.nov13_ncref	S1HB3xDD2.MID98-98.P2.dec13_ncref	S1HB3xDD2.MID110-110.P2.jan14_ncref	S1HB3xDD2.MID104-104.P2.nov13	S1HB3xDD2.MID109-109.P4.jan14	S1HB3xDD2.MID98-98.P2.dec13	S1HB3xDD2.MID110-110.P2.jan14	PDD2xHB3.MID47-48.P2.apr13_ncdenovo	PDD2xHB3.MID47-48.P2.apr13_otuclust	PDD2xHB3.MID47-48.P2.apr13_ncref	PDD2xHB3.MID47-48.P2.apr13
M01896:14:000000000-A7ERE:1:2109:26315:18455	1635	962	832	1126	1	1	1	1	1635	1126	834	964	1814	2622	1558	1622	1413	1	1413	2232
M01896:2:000000000-A69JN:1:1116:27833:12295	1358	628	953	1038	1	1	1	1	1358	1038	953	628	1715	2501	1764	1158	923	1	923	1582
M00595:42:000000000-A5J1T:1:2112:19464:17422	835	372	401	581	1	1	1	1	837	581	401	372	1003	1612	764	662	930	1	930	1548
M00595:42:000000000-A5J1T:1:1101:4532:12230	1037	452	750	597	1	1	1	1	1037	601	759	452	1050	1953	1316	876	880	1	880	1480
M01896:15:000000000-A7EN9:1:1115:28876:13171	828	654	739	1171	1	1	1	1	828	1173	739	654	1981	1664	1449	1285	843	1	843	1494
M00595:54:000000000-A7CT0:1:1118:10244:10451	253	214	132	295	1	1	1	1	253	301	134	214	648	633	350	525	587	1	591	1107
M00595:42:000000000-A5J1T:1:1116:17374:4600	198	159	120	316	1	1	1	1	198	316	120	159	639	530	301	400	408	1	408	817
M00595:42:000000000-A5J1T:1:1102:27999:19813	170	170	110	345	1	1	1	1	170	345	110	170	717	483	314	418	456	1	456	905
M01896:2:000000000-A69JN:1:1114:7859:11051	246	165	210	370	1	1	1	1	248	370	210	165	693	613	457	389	277	1	277	528
M01896:14:000000000-A7ERE:1:2112:19502:16076	192	129	54	263	1	1	1	1	192	263	54	129	567	591	165	363	156	1	156	369
M01896:2:000000000-A69JN:1:2103:5035:6461	264	217	118	277	1	1	1	1	264	279	120	217	601	643	289	573	583	1	583	1145
M00595:42:000000000-A5J1T:1:2103:20766:3210	303	287	233	381	1	1	1	1	303	383	233	287	717	665	496	589	792	1	794	1398
M01896:14:000000000-A7ERE:1:1101:28628:8590	169	129	80	224	1	1	1	1	169	224	80	129	449	469	223	333	297	0	297	576
M00595:42:000000000-A5J1T:1:1110:15599:11188	156	130	90	224	1	1	1	1	156	224	90	130	481	418	252	330	438	1	438	822
M01896:14:000000000-A7ERE:1:2119:20537:21154	245	120	85	185	1	1	1	1	249	185	85	120	401	633	235	296	286	1	286	611
M01896:14:000000000-A7ERE:1:1112:20535:7984	614	610	394	830	1	1	1	1	614	832	398	612	1417	1281	759	1119	925	1	925	1582
M01896:15:000000000-A7EN9:1:2114:5816:14728	250	139	214	309	1	1	1	1	248	309	220	139	607	559	488	322	212	1	212	454
M01896:15:000000000-A7EN9:1:1108:21573:19530	559	466	355	684	1	1	1	1	563	686	355	466	1370	1283	841	1067	621	1	621	1155
M00595:42:000000000-A5J1T:1:1111:20695:14539	520	414	248	653	1	1	1	1	524	655	246	414	1336	1305	661	910	1124	1	1126	2070
M01896:15:000000000-A7EN9:1:1104:19193:7159	319	219	203	507	1	1	1	1	319	507	203	219	1036	881	543	550	403	1	403	835
M00595:54:000000000-A7CT0:1:1103:23391:21826	151	140	92	226	1	1	1	1	157	226	92	140	475	419	215	320	490	1	490	903
M01896:15:000000000-A7EN9:1:1113:19402:4774	290	181	153	337	1	1	1	1	290	337	153	181	615	616	367	397	551	1	551	1030
M01896:14:000000000-A7ERE:1:1105:17764:11178	155	67	85	157	1	1	1	1	157	157	87	67	352	419	198	166	179	1	181	359
M01896:2:000000000-A69JN:1:2106:22046:6896	234	200	204	308	1	1	1	1	234	316	207	200	650	546	480	428	569	1	573	1021
M00595:54:000000000-A7CT0:1:1107:24083:11329	104	96	95	173	1	1	1	1	104	175	97	96	344	274	213	183	366	1	366	622
M01896:14:000000000-A7ERE:1:1118:28109:19685	115	45	28	59	1	1	1	1	115	59	28	47	107	234	62	101	107	1	107	224
M01896:14:000000000-A7ERE:1:1110:9532:2564	177	57	37	75	1	1	1	1	177	75	37	57	173	479	84	154	159	1	159	355
M00595:54:000000000-A7CT0:1:2103:18158:13513	106	72	85	194	1	1	1	1	104	194	85	72	414	338	250	177	100	1	100	246
M01896:2:000000000-A69JN:1:2108:18795:15961	130	74	41	156	1	1	1	1	130	156	41	74	380	358	148	257	295	1	295	612
M01896:14:000000000-A7ERE:1:2103:15285:8532	175	88	77	289	1	1	1	1	175	293	77	88	622	487	221	293	306	1	308	683
M01896:15:000000000-A7EN9:1:1101:13235:7788	73	59	50	103	1	1	1	1	73	103	52	61	254	206	148	138	152	1	152	305
M00595:54:000000000-A7CT0:1:1108:15227:11423	132	69	77	200	1	1	1	1	132	200	75	69	443	349	200	218	84	1	84	219
M00595:42:000000000-A5J1T:1:2113:17249:17301	93	25	11	45	1	1	1	1	93	45	11	25	90	222	37	50	123	1	123	247
M00595:54:000000000-A7CT0:1:1118:9403:14996	89	114	60	173	1	1	1	1	89	175	60	116	340	250	145	234	240	1	240	506
M00595:42:000000000-A5J1T:1:2116:13071:19218	124	68	97	193	1	1	1	1	124	193	94	68	388	321	232	207	336	1	340	725
M01896:14:000000000-A7ERE:1:2113:13542:19521	131	75	55	191	1	1	1	1	131	191	55	75	465	419	181	201	91	1	91	222
M00595:54:000000000-A7CT0:1:2118:16062:14962	47	45	28	98	1	1	1	1	47	98	28	45	196	122	70	125	113	1	113	236
M00595:42:000000000-A5J1T:1:2119:7483:12228	84	22	11	19	1	1	1	1	84	21	11	22	53	193	32	50	97	1	97	196
M00595:54:000000000-A7CT0:1:2105:16671:23179	54	71	84	127	1	1	1	1	54	129	84	71	270	157	205	164	163	1	163	340
M00595:42:000000000-A5J1T:1:2112:13405:4392	81	45	50	79	1	1	1	1	79	79	50	45	206	233	149	139	131	1	133	307
M01896:2:000000000-A69JN:1:1112:12742:6806	81	56	34	120	1	1	1	1	81	120	34	58	298	242	111	140	182	1	182	345
M01896:14:000000000-A7ERE:1:1110:4845:13367	81	41	36	99	1	1	1	1	81	101	36	41	223	183	93	123	106	1	106	262
M01896:14:000000000-A7ERE:1:1109:16987:11794	76	50	0	87	0	0	0	0	76	87	27	50	187	204	109	136	83	0	81	221
M00595:42:000000000-A5J1T:1:1115:16610:6939	81	69	93	220	1	1	1	1	81	220	93	69	622	281	313	295	307	1	309	698
M01896:2:000000000-A69JN:1:2102:14002:15481	70	61	76	141	1	1	1	1	70	141	76	61	321	201	181	156	208	1	208	430
M00595:42:000000000-A5J1T:1:2113:17247:23378	63	66	20	96	1	1	1	1	63	96	20	66	202	170	44	159	137	1	137	279
M01896:15:000000000-A7EN9:1:1112:13650:24235	491	379	306	555	1	1	1	1	491	553	304	378	1066	1155	762	873	441	1	441	881
M01896:15:000000000-A7EN9:1:1114:25676:4801	50	44	23	89	0	0	0	0	50	93	23	44	186	162	80	122	101	0	101	240
M01896:15:000000000-A7EN9:1:1114:22486:19273	60	29	41	49	1	1	1	1	60	49	41	29	119	128	96	64	106	1	106	221
M01896:14:000000000-A7ERE:1:1106:13389:17406	37	47	27	83	1	1	1	1	43	89	24	53	205	117	79	130	51	1	51	116
M00595:42:000000000-A5J1T:1:1104:20455:11573	36	45	21	102	1	1	1	1	36	102	21	45	263	127	81	126	105	1	105	233
M01896:14:000000000-A7ERE:1:2118:21973:2710	37	17	9	23	1	1	1	1	37	23	9	17	38	83	25	32	67	1	67	141
M01896:2:000000000-A69JN:1:1107:18770:23171	45	23	25	94	1	1	1	1	45	94	25	23	202	119	61	77	93	1	93	214
M01896:15:000000000-A7EN9:1:1104:6658:20006	36	8	24	19	1	1	1	1	36	19	24	8	49	89	59	29	36	1	38	90
	34	29	10	41	1	2	2	3	32	43	10	29	86	107	40	71	123	3	121	263
M00595:42:000000000-A5J1T:1:2113:24314:19403	26	8	4	10	1	1	1	1	26	12	4	8	27	47	10	18	80	1	80	175
M01896:15:000000000-A7EN9:1:1111:21817:2894	26	2	5	8	1	1	1	1	26	8	0	2	25	59	19	14	31	1	31	82
M01896:14:000000000-A7ERE:1:1110:5232:11002	26	31	30	105	1	1	1	1	26	108	30	31	321	138	133	104	73	1	73	187
M01896:14:000000000-A7ERE:1:2117:24550:5632	446	369	265	494	1	1	1	1	446	494	265	369	857	884	548	717	684	1	684	1188
M00595:42:000000000-A5J1T:1:1117:20381:8751	47	35	46	142	1	1	1	1	47	142	46	35	412	212	156	164	225	1	225	579
M01896:14:000000000-A7ERE:1:1103:14337:9938	348	133	254	259	1	1	1	1	352	265	262	133	489	764	532	292	273	1	278	525
M01896:14:000000000-A7ERE:1:2116:14406:5530	39	42	28	117	1	1	1	1	39	117	28	42	353	198	139	142	170	1	170	454
M01896:2:000000000-A69JN:1:2119:17039:6983	21	14	12	52	1	1	1	1	21	52	12	14	183	83	37	54	134	1	134	354
M01896:2:000000000-A69JN:1:1104:16971:2021	209	164	271	416	1	1	1	1	209	418	271	162	792	465	626	353	170	1	168	338
M00595:42:000000000-A5J1T:1:1114:26399:7767	37	17	10	90	1	1	1	1	37	88	10	17	278	144	37	105	119	1	119	311
M01896:15:000000000-A7EN9:1:1113:14016:24590	428	346	209	598	1	1	1	1	428	602	209	350	1150	1042	500	784	1163	1	1165	2000
M00595:42:000000000-A5J1T:1:2102:22099:5968	113	144	106	278	1	1	1	1	113	278	106	144	494	275	271	325	272	1	274	488
M01896:14:000000000-A7ERE:1:1116:25596:10561	6	0	0	0	0	0	0	0	6	0	0	0	0	1	0	0	0	0	0	1
M00595:42:000000000-A5J1T:1:1110:20185:15602	9	8	0	8	0	1	1	1	9	8	0	8	22	42	8	16	37	1	37	78
M00595:42:000000000-A5J1T:1:2109:25828:5457	337	247	181	389	1	1	1	1	337	391	181	247	745	752	384	556	569	1	569	1048
M00595:42:000000000-A5J1T:1:1111:23382:14526	480	343	266	437	1	1	1	1	480	437	266	343	955	1133	645	772	552	1	555	1066
M00595:42:000000000-A5J1T:1:2110:16339:5836	360	208	201	357	1	1	1	1	362	357	201	208	601	759	423	415	354	1	354	642
M01896:2:000000000-A69JN:1:1102:24823:6851	333	201	389	403	1	1	1	1	335	403	392	205	748	683	725	455	325	1	325	579
M01896:15:000000000-A7EN9:1:2118:16165:13253	380	312	190	384	1	1	1	1	380	384	194	314	651	757	386	581	615	1	615	1031
M00595:42:000000000-A5J1T:1:1108:26505:17224	7	2	2	12	1	1	1	1	7	12	2	2	23	32	5	11	10	1	10	30
M00595:54:000000000-A7CT0:1:1103:15693:9915	268	81	184	145	1	1	1	1	268	145	184	81	266	530	376	173	134	1	134	283
M00595:42:000000000-A5J1T:1:2110:11734:7655	3	0	0	0	0	0	0	1	3	0	0	0	4	14	1	1	5	1	5	9
M01896:15:000000000-A7EN9:1:1112:11551:10293	155	192	131	298	1	1	1	1	155	298	131	194	593	354	282	411	367	1	367	740
M00595:42:000000000-A5J1T:1:1108:16260:15202	6	0	0	0	0	0	0	0	0	0	0	0	0	1	0	4	0	0	0	2
M01896:2:000000000-A69JN:1:2117:24530:16858	2	4	2	25	1	1	1	1	2	25	2	4	118	31	16	24	58	1	58	136
M01896:14:000000000-A7ERE:1:2114:9777:9509	2	0	0	0	0	0	0	0	0	0	0	0	0	4	2	2	0	0	0	0
M01896:14:000000000-A7ERE:1:2104:2709:14624	2	0	0	0	0	0	0	0	2	0	0	0	1	6	2	1	0	0	0	0
M01896:14:000000000-A7ERE:1:2101:17708:6996	2	0	0	0	0	0	0	0	0	0	0	0	5	16	6	4	0	0	0	2
M01896:14:000000000-A7ERE:1:2117:16227:13619	2	0	0	0	0	0	0	0	2	0	0	0	0	1	0	0	0	0	0	0
M00595:42:000000000-A5J1T:1:1103:18939:11115	2	0	0	0	0	1	0	1	2	4	0	0	71	30	12	14	28	1	30	141
M01896:15:000000000-A7EN9:1:1116:2386:13749	4	0	0	0	0	0	0	1	2	0	0	0	0	5	0	1	0	0	0	4
M01896:14:000000000-A7ERE:1:1110:20209:8310	2	0	0	0	0	0	0	1	2	0	0	0	1	3	1	2	0	0	0	0
M01896:14:000000000-A7ERE:1:2115:22559:13870	2	0	0	0	0	0	0	0	0	0	0	0	2	4	1	0	0	0	0	1
M01896:15:000000000-A7EN9:1:2102:15689:12212	2	0	0	0	0	0	0	1	2	0	0	0	0	2	0	0	0	0	0	0
M01896:15:000000000-A7EN9:1:1116:12951:23170	2	0	0	0	0	0	0	0	0	0	0	0	0	2	0	0	0	0	0	0
M01896:2:000000000-A69JN:1:2104:22033:17809	2	0	0	2	0	1	0	1	2	2	0	0	4	8	1	1	0	0	0	4
M01896:14:000000000-A7ERE:1:1106:14016:20450	0	52	0	0	0	0	0	0	0	0	0	52	2	1	1	5	0	0	0	5
M01896:15:000000000-A7EN9:1:1116:14346:17316	0	8	0	0	0	0	0	0	0	0	0	8	4	1	0	9	0	0	0	2
M01896:2:000000000-A69JN:1:2104:9373:4387	0	5	2	39	0	1	1	0	0	39	0	5	147	29	19	45	104	1	104	333
M01896:14:000000000-A7ERE:1:2104:7378:19346	0	2	0	0	0	0	0	0	0	0	0	2	0	0	0	2	0	0	0	0
M01896:14:000000000-A7ERE:1:2114:17975:11484	0	2	0	0	0	0	0	0	0	0	2	4	15	14	22	23	0	0	2	10
M00595:54:000000000-A7CT0:1:2110:16078:10608	0	2	0	0	0	0	0	0	5	0	7	0	6	16	15	5	0	0	0	2
M01896:15:000000000-A7EN9:1:1111:21101:4169	0	2	0	0	0	0	1	0	0	0	0	2	5	7	3	4	0	0	0	0
M01896:2:000000000-A69JN:1:2109:23076:11450	0	0	2	9	0	1	0	0	0	9	0	0	55	14	7	6	22	1	24	80
M00595:54:000000000-A7CT0:1:2101:12683:9582	0	0	2	0	1	0	0	0	0	0	2	0	0	0	3	0	0	0	0	1
M00595:54:000000000-A7CT0:1:2108:17232:4192	0	0	2	0	0	0	0	0	0	0	0	0	0	0	2	1	0	0	0	0
M01896:2:000000000-A69JN:1:2102:12531:3881	0	0	2	0	0	0	0	0	0	0	0	0	6	3	3	3	0	0	0	3
M00595:54:000000000-A7CT0:1:1119:20997:23111	0	0	2	0	0	0	0	0	0	0	0	0	0	0	2	0	0	0	0	0
M00595:54:000000000-A7CT0:1:2103:24399:13825	0	0	2	0	0	0	0	0	0	0	2	0	0	0	3	0	0	0	0	0
M00595:42:000000000-A5J1T:1:1117:22207:8970	0	0	2	0	1	0	0	0	0	0	2	0	3	4	4	0	5	1	5	8
M00595:54:000000000-A7CT0:1:1113:16567:17811	0	0	2	0	0	0	0	0	0	0	2	0	0	0	2	0	0	0	0	0
M00595:54:000000000-A7CT0:1:2103:19304:22809	0	0	2	0	1	0	1	0	0	0	0	2	3	3	3	3	0	0	0	3
M01896:2:000000000-A69JN:1:2118:25569:10939	0	0	0	16	0	0	0	0	0	0	0	0	3	0	1	2	0	0	0	1
M01896:2:000000000-A69JN:1:2104:25852:5060	0	0	0	4	0	0	0	0	2	4	0	0	7	2	1	1	0	0	0	1
M01896:2:000000000-A69JN:1:2104:11957:6559	0	0	0	3	0	0	0	0	0	5	0	0	5	1	0	1	0	0	0	1
M01896:2:000000000-A69JN:1:2115:5468:11757	0	0	0	2	0	1	0	0	0	2	0	0	2	0	0	0	0	0	0	0
M01896:2:000000000-A69JN:1:1111:9385:12610	0	0	0	2	0	0	0	0	0	2	0	0	2	1	0	0	0	0	0	0
M01896:14:000000000-A7ERE:1:2109:21385:9470	0	0	0	2	0	0	0	0	5	2	0	0	3	4	1	1	0	0	0	1
M01896:2:000000000-A69JN:1:2102:6393:16406	0	0	0	2	0	0	0	0	0	2	0	0	3	1	0	0	0	0	0	1
M01896:14:000000000-A7ERE:1:2114:17774:15396	0	0	0	2	0	0	0	0	0	2	0	0	9	6	0	14	0	0	0	0
M01896:2:000000000-A69JN:1:1110:22426:18531	0	0	0	2	0	0	0	0	0	2	0	0	4	7	0	1	0	0	0	0
M01896:2:000000000-A69JN:1:1118:7485:20110	0	0	0	2	0	0	0	0	0	2	0	0	2	0	0	0	0	0	0	0
M01896:2:000000000-A69JN:1:2103:16572:20990	0	0	0	2	0	0	0	0	0	2	0	0	2	0	0	0	0	0	0	0
M01896:2:000000000-A69JN:1:2112:15613:10848	0	0	0	2	0	1	0	0	0	2	0	0	3	1	0	0	0	0	0	0
M01896:2:000000000-A69JN:1:1103:8461:11857	0	0	0	2	0	0	0	0	0	2	0	0	2	0	0	0	0	0	0	0
M01896:2:000000000-A69JN:1:2105:27131:7723	0	0	0	2	0	0	0	0	0	2	0	0	3	1	1	0	0	0	0	0
M00595:54:000000000-A7CT0:1:1105:12078:17535	0	0	0	0	1	0	0	0	0	0	0	0	1	5	6	3	0	0	0	0
M01896:2:000000000-A69JN:1:1113:8556:9092	0	0	0	0	0	1	0	0	0	9	0	0	18	14	5	8	0	0	0	2
M01896:15:000000000-A7EN9:1:1108:6018:4791	0	0	0	0	0	0	0	0	4	0	0	0	10	4	0	0	0	0	0	6
M01896:14:000000000-A7ERE:1:1103:28821:15755	0	0	0	0	0	0	0	0	4	0	0	0	1	8	4	5	0	0	0	0
M01896:15:000000000-A7EN9:1:1102:9860:18001	0	0	0	0	0	0	0	0	4	0	0	0	4	2	0	5	0	0	0	1
M01896:15:000000000-A7EN9:1:2118:20156:5781	0	0	0	0	0	0	0	0	9	7	2	0	14	31	12	19	0	0	0	4
M01896:15:000000000-A7EN9:1:1118:16534:12954	0	0	0	0	0	0	0	0	2	0	0	0	0	2	0	0	0	0	0	0
M01896:14:000000000-A7ERE:1:2118:27917:9324	0	0	0	0	0	0	0	0	4	0	0	0	8	15	7	6	0	0	0	5
M01896:15:000000000-A7EN9:1:2111:14044:12862	0	0	0	0	0	0	0	0	2	0	0	0	0	2	1	2	0	0	0	1
M01896:14:000000000-A7ERE:1:2105:12480:13473	0	0	0	0	0	0	0	0	2	0	0	0	0	2	0	0	0	0	0	0
M01896:14:000000000-A7ERE:1:2104:18630:24747	0	0	0	0	0	0	0	0	2	0	0	0	0	2	0	0	0	0	0	0
M01896:15:000000000-A7EN9:1:2109:21907:23438	0	0	0	0	0	0	0	0	2	0	0	0	2	5	1	1	0	0	0	1
M01896:15:000000000-A7EN9:1:2104:17491:20769	0	0	0	0	0	0	0	0	2	0	0	0	4	6	3	2	0	0	0	0
M01896:15:000000000-A7EN9:1:1110:14678:21248	0	0	0	0	0	0	0	0	4	0	0	0	3	5	3	0	0	0	0	2
M01896:15:000000000-A7EN9:1:1104:9498:3739	0	0	0	0	0	0	0	0	2	0	0	0	0	2	0	0	0	0	0	0
M01896:14:000000000-A7ERE:1:2104:20538:9136	0	0	0	0	0	0	0	0	2	0	0	0	0	2	0	0	0	0	0	0
M01896:14:000000000-A7ERE:1:2113:22581:5902	0	0	0	0	0	0	0	0	2	0	0	0	2	5	3	2	0	0	0	3
M01896:15:000000000-A7EN9:1:2103:11666:14758	0	0	0	0	0	0	0	0	2	0	0	0	5	5	0	4	0	0	0	3
M01896:15:000000000-A7EN9:1:2102:9792:22475	0	0	0	0	0	0	0	0	2	0	0	0	2	6	2	5	0	0	0	4
M01896:2:000000000-A69JN:1:2115:16194:18727	0	0	0	0	0	0	0	0	0	6	0	0	1	1	1	0	0	0	0	2
M01896:15:000000000-A7EN9:1:2111:4926:17916	0	0	0	0	0	0	0	0	0	4	0	0	4	5	3	1	0	0	0	0
M01896:2:000000000-A69JN:1:2115:22198:12200	0	0	0	0	0	0	0	0	0	3	0	0	4	5	1	2	0	0	0	3
M01896:2:000000000-A69JN:1:1107:17922:2178	0	0	0	0	0	0	0	0	0	3	0	0	4	0	2	0	0	0	0	1
M01896:2:000000000-A69JN:1:2105:18212:5518	0	0	0	0	0	0	0	0	0	3	0	0	4	0	1	2	0	0	0	1
M01896:2:000000000-A69JN:1:1114:6461:14133	0	0	0	0	0	0	0	0	0	2	2	0	4	4	2	0	0	0	0	0
M01896:2:000000000-A69JN:1:1106:26441:10571	0	0	0	0	0	0	0	0	0	2	0	0	2	0	0	0	0	0	0	1
M01896:2:000000000-A69JN:1:2102:5274:13338	0	0	0	0	0	0	0	0	0	2	0	0	2	1	1	0	0	0	0	1
M01896:2:000000000-A69JN:1:2108:25583:7767	0	0	0	0	0	0	0	0	0	2	0	0	2	0	0	0	0	0	0	0
M01896:2:000000000-A69JN:1:1105:4537:14118	0	0	0	0	0	0	0	0	0	2	0	0	5	0	0	0	0	0	0	0
M01896:2:000000000-A69JN:1:1110:23257:3530	0	0	0	0	0	0	0	0	0	4	0	0	5	2	0	1	0	0	0	1
M01896:2:000000000-A69JN:1:2103:10359:2790	0	0	0	0	0	0	0	0	0	2	0	0	2	0	0	0	0	0	0	1
M01896:14:000000000-A7ERE:1:1110:10788:19408	0	0	0	0	0	0	0	0	0	2	0	0	11	1	1	2	0	0	0	6
M01896:2:000000000-A69JN:1:2103:9295:17084	0	0	0	0	0	0	0	0	0	2	0	0	1	0	0	0	0	0	0	0
M01896:2:000000000-A69JN:1:2117:16256:20359	0	0	0	0	0	0	0	0	0	2	0	0	8	3	4	1	0	0	0	1
M01896:2:000000000-A69JN:1:1109:6980:9503	0	0	0	0	0	0	0	0	0	2	0	0	2	1	0	0	0	0	0	2
M01896:2:000000000-A69JN:1:2118:24327:21047	0	0	0	0	0	0	0	0	0	2	0	0	3	0	1	0	0	0	0	0
M01896:15:000000000-A7EN9:1:2104:20129:11803	0	0	0	0	0	0	0	0	0	2	0	0	7	12	3	5	0	0	0	7
M01896:2:000000000-A69JN:1:2117:19857:5597	0	0	0	0	0	0	0	0	0	2	0	0	2	0	0	0	0	0	0	0
M01896:2:000000000-A69JN:1:2119:23670:8671	0	0	0	0	0	0	0	0	0	2	0	0	2	1	0	1	0	0	0	0
M01896:2:000000000-A69JN:1:2114:18679:14350	0	0	0	0	0	0	0	0	0	2	0	0	4	4	0	3	0	0	0	0
M01896:2:000000000-A69JN:1:2116:17008:2747	0	0	0	0	0	0	0	0	0	2	0	0	3	2	3	0	0	0	0	1
M00595:42:000000000-A5J1T:1:2105:13317:16212	0	0	0	0	0	0	0	0	0	4	0	0	11	6	1	8	0	0	0	9
M01896:2:000000000-A69JN:1:2119:14328:17868	0	0	0	0	0	0	0	0	0	2	0	0	2	0	0	0	0	0	0	0
M01896:2:000000000-A69JN:1:2102:22599:10106	0	0	0	0	0	0	0	0	0	2	0	0	2	1	1	2	0	0	0	0
M01896:2:000000000-A69JN:1:2104:7568:22111	0	0	0	0	0	0	0	0	0	2	0	0	3	0	1	1	0	0	0	0
M01896:2:000000000-A69JN:1:2102:5871:6712	0	0	0	0	0	0	0	0	0	2	0	0	2	0	0	0	0	0	0	0
M01896:2:000000000-A69JN:1:1108:13276:2767	0	0	0	0	0	0	0	0	0	2	0	0	2	0	0	0	0	0	0	0
M01896:2:000000000-A69JN:1:1118:10347:9865	0	0	0	0	0	0	0	0	0	2	0	0	4	2	2	1	0	0	0	1
M01896:2:000000000-A69JN:1:2109:12498:3990	0	0	0	0	0	0	0	0	0	2	0	0	3	2	0	2	0	0	0	0
M01896:2:000000000-A69JN:1:1115:15038:18744	0	0	0	0	0	0	0	0	0	2	0	0	3	2	5	1	0	0	0	0
M01896:2:000000000-A69JN:1:1111:12215:9175	0	0	0	0	0	0	0	0	0	2	0	0	6	2	0	0	0	0	0	0
M01896:2:000000000-A69JN:1:2117:18594:23613	0	0	0	0	0	0	0	0	0	2	0	0	2	0	0	0	0	0	0	0
M01896:2:000000000-A69JN:1:2101:23619:20681	0	0	0	0	0	0	0	0	0	2	0	0	2	0	0	1	0	0	0	0
M01896:2:000000000-A69JN:1:1112:16631:7556	0	0	0	0	0	0	0	0	0	2	0	0	2	1	0	0	0	0	0	0
M00595:54:000000000-A7CT0:1:2111:18438:15135	0	0	0	0	0	0	0	0	0	0	3	0	1	2	3	0	0	0	0	0
M00595:54:000000000-A7CT0:1:1107:4743:11105	0	0	0	0	0	0	0	0	0	0	2	0	1	1	2	0	0	0	0	0
M00595:54:000000000-A7CT0:1:2118:23125:5544	0	0	0	0	0	0	0	0	0	0	2	0	0	0	2	0	0	0	0	0
M00595:54:000000000-A7CT0:1:1106:23384:4494	0	0	0	0	0	0	0	0	0	0	2	0	0	1	2	0	0	0	0	0
M00595:54:000000000-A7CT0:1:2104:24335:16300	0	0	0	0	0	0	0	0	0	0	2	0	0	0	2	0	0	0	0	0
M00595:54:000000000-A7CT0:1:2111:9909:16473	0	0	0	0	0	0	0	0	0	0	2	0	0	0	2	0	0	0	0	1
M00595:54:000000000-A7CT0:1:2109:8559:12498	0	0	0	0	0	0	0	0	0	0	2	0	3	5	6	7	0	0	0	6
M00595:54:000000000-A7CT0:1:1103:19100:13896	0	0	0	0	0	0	0	0	0	0	0	4	1	6	4	1	0	0	0	2
M01896:14:000000000-A7ERE:1:2116:1945:12107	0	0	0	0	0	0	0	0	0	0	0	4	1	4	0	4	0	0	0	0
M01896:14:000000000-A7ERE:1:2116:21689:9332	0	0	0	0	0	0	0	0	0	0	0	2	0	4	1	1	0	0	0	1
M01896:15:000000000-A7EN9:1:1114:8599:7380	0	0	0	0	0	0	0	0	0	0	0	2	1	0	1	2	0	0	0	0
M01896:15:000000000-A7EN9:1:2108:3824:11803	0	0	0	0	0	0	0	0	0	0	0	2	0	0	0	3	0	0	0	1
M01896:14:000000000-A7ERE:1:2109:18218:12928	0	0	0	0	0	0	0	0	0	0	0	2	2	4	0	3	0	0	0	1
M01896:15:000000000-A7EN9:1:2104:5865:9613	0	0	0	0	0	0	0	0	0	0	0	2	4	2	2	4	0	0	0	1
M01896:14:000000000-A7ERE:1:2109:27085:15387	0	0	0	0	0	0	0	0	0	0	0	2	5	3	0	3	0	0	0	2
M01896:14:000000000-A7ERE:1:2104:25617:16187	0	0	0	0	0	0	0	0	0	0	0	0	3	5	1	2	0	0	0	1
M01896:14:000000000-A7ERE:1:2117:16956:13951	0	0	0	0	0	0	0	0	0	0	0	0	2	1	2	2	0	0	0	1
M01896:2:000000000-A69JN:1:1101:14131:21895	0	0	0	0	0	0	0	0	0	0	0	0	1	0	0	0	0	0	0	0
M01896:14:000000000-A7ERE:1:2113:18295:15887	0	0	0	0	0	0	0	0	0	0	0	0	2	1	0	1	0	0	0	1
M01896:2:000000000-A69JN:1:1114:28936:12666	0	0	0	0	0	0	0	0	0	0	0	0	3	1	0	3	0	0	0	0
M01896:15:000000000-A7EN9:1:1103:3616:7525	0	0	0	0	0	0	0	0	0	0	0	0	3	5	0	2	0	0	0	0
M00595:54:000000000-A7CT0:1:1112:14131:18228	0	0	0	0	0	0	0	0	0	0	0	0	4	5	3	3	0	0	0	4
M01896:2:000000000-A69JN:1:1106:7784:6046	0	0	0	0	0	0	0	0	0	0	0	0	5	1	0	1	0	0	0	0
M01896:15:000000000-A7EN9:1:2106:4625:16795	0	0	0	0	0	0	0	0	0	0	0	0	5	4	2	5	0	0	0	2
M01896:14:000000000-A7ERE:1:1104:18156:18259	0	0	0	0	0	0	0	0	0	0	0	0	2	5	0	4	0	0	0	3
M01896:15:000000000-A7EN9:1:1118:10782:17915	0	0	0	0	0	0	0	0	0	0	0	0	2	6	1	3	0	0	0	6
M01896:15:000000000-A7EN9:1:1104:26035:17778	0	0	0	0	0	0	0	0	0	0	0	0	3	9	1	5	0	0	0	1
M00595:54:000000000-A7CT0:1:1113:22427:19028	0	0	0	0	0	0	0	0	0	0	0	0	7	10	7	9	0	0	0	7
M01896:14:000000000-A7ERE:1:1102:3383:17331	0	0	0	0	0	0	0	0	0	0	0	0	5	6	1	6	0	0	0	3
M01896:2:000000000-A69JN:1:2102:13716:21831	0	0	0	0	0	0	0	0	0	0	0	0	3	4	2	3	0	0	0	0
M01896:14:000000000-A7ERE:1:2108:21887:8737	0	0	0	0	0	0	0	0	0	0	0	0	4	5	4	4	0	0	0	3
M01896:15:000000000-A7EN9:1:2106:3641:13568	0	0	0	0	0	0	0	0	0	0	0	0	1	3	1	0	0	0	0	1
M01896:15:000000000-A7EN9:1:1115:22824:5359	0	0	0	0	0	0	0	0	0	0	0	0	6	3	5	2	0	0	0	5
M01896:2:000000000-A69JN:1:1105:23661:2439	0	0	0	0	0	0	0	0	0	0	0	0	2	1	0	0	0	0	0	0
M00595:54:000000000-A7CT0:1:2104:13847:13525	0	0	0	0	0	0	0	0	0	0	0	0	1	1	3	0	0	0	0	1
M00595:42:000000000-A5J1T:1:2118:10317:13324	0	0	0	0	0	0	0	0	0	0	0	0	2	3	0	3	0	0	0	5
M00595:54:000000000-A7CT0:1:1114:15353:12517	0	0	0	0	0	0	0	0	0	0	0	0	18	11	8	13	0	0	0	4
M00595:54:000000000-A7CT0:1:1105:20099:2195	0	0	0	0	0	0	0	0	0	0	0	0	6	3	4	2	0	0	0	0
M01896:15:000000000-A7EN9:1:2111:9532:16269	0	0	0	0	0	0	0	0	0	0	0	0	1	0	1	2	0	0	0	0
M01896:15:000000000-A7EN9:1:2104:18726:19447	0	0	0	0	0	0	0	0	0	0	0	0	1	2	1	1	0	0	0	0
M00595:42:000000000-A5J1T:1:2112:19003:18043	0	0	0	0	0	0	0	0	0	0	0	0	4	5	3	5	2	0	0	8
M01896:2:000000000-A69JN:1:2102:17891:13934	0	0	0	0	0	0	0	0	0	0	0	0	5	6	1	3	0	0	0	2
M01896:15:000000000-A7EN9:1:2108:16130:12045	0	0	0	0	0	0	0	0	0	0	0	0	1	3	1	6	0	0	0	6
M01896:2:000000000-A69JN:1:1106:15615:20350	0	0	0	0	0	0	0	0	0	0	0	0	3	0	0	1	0	0	0	0
M00595:42:000000000-A5J1T:1:1107:8704:13180	0	0	0	0	0	0	0	0	0	0	0	0	1	1	1	2	0	0	0	2
M01896:15:000000000-A7EN9:1:2116:24361:12694	0	0	0	0	0	0	0	0	0	0	0	0	6	3	0	5	0	0	0	5
M00595:42:000000000-A5J1T:1:2117:22404:21211	0	0	0	0	0	0	0	0	0	0	0	0	9	12	6	8	0	0	0	4
M01896:15:000000000-A7EN9:1:1116:17516:5473	0	0	0	0	0	0	0	0	0	0	0	0	3	4	4	4	0	0	0	3
M01896:15:000000000-A7EN9:1:2103:19384:20432	0	0	0	0	0	0	0	0	0	0	0	0	2	7	3	0	0	0	0	1
M00595:54:000000000-A7CT0:1:2104:9706:17984	0	0	0	0	0	0	0	0	0	0	0	0	8	3	4	4	0	0	0	2
M00595:54:000000000-A7CT0:1:1109:14468:21421	0	0	0	0	0	0	0	0	0	0	0	0	4	4	2	2	0	0	0	4
M00595:54:000000000-A7CT0:1:1105:24508:13351	0	0	0	0	0	0	0	0	0	0	0	0	2	0	2	3	0	0	0	0
M01896:14:000000000-A7ERE:1:2107:25392:20843	0	0	0	0	0	0	0	0	0	0	0	0	3	4	3	1	0	0	0	0
M00595:54:000000000-A7CT0:1:1117:14598:8628	0	0	0	0	0	0	0	0	0	0	0	0	8	11	7	11	0	0	0	8
M00595:54:000000000-A7CT0:1:1116:13570:17889	0	0	0	0	0	0	0	0	0	0	0	0	6	9	2	5	0	0	0	3
M00595:54:000000000-A7CT0:1:2112:13809:11973	0	0	0	0	0	0	0	0	0	0	0	0	6	9	7	6	0	0	0	4
M00595:54:000000000-A7CT0:1:2112:17989:21083	0	0	0	0	0	0	0	0	0	0	0	0	1	0	2	0	0	0	0	0
M01896:2:000000000-A69JN:1:1109:7003:11131	0	0	0	0	0	0	0	0	0	0	0	0	2	1	0	1	0	0	0	3
M01896:2:000000000-A69JN:1:1103:21796:13637	0	0	0	0	0	0	0	0	0	0	0	0	5	1	1	1	0	0	0	2
M01896:15:000000000-A7EN9:1:2109:8565:13700	0	0	0	0	0	0	0	0	0	0	0	0	10	18	2	7	0	0	0	4
M01896:2:000000000-A69JN:1:1110:4707:9280	0	0	0	0	0	0	0	0	0	0	0	0	2	0	0	1	0	0	0	0
M01896:2:000000000-A69JN:1:2105:29411:15629	0	0	0	0	0	0	0	0	0	0	0	0	5	0	0	6	0	0	0	1
M01896:14:000000000-A7ERE:1:1102:21519:15046	0	0	0	0	0	0	0	0	0	0	0	0	8	4	0	1	0	0	0	4
M01896:2:000000000-A69JN:1:1110:15861:17803	0	0	0	0	0	0	0	0	0	0	0	0	3	3	0	0	0	0	0	3
M01896:2:000000000-A69JN:1:2114:14407:18343	0	0	0	0	0	0	0	0	0	0	0	0	8	3	4	4	0	0	0	3
M01896:15:000000000-A7EN9:1:2106:11578:19466	0	0	0	0	0	0	0	0	0	0	0	0	3	5	0	3	0	0	0	1
M00595:42:000000000-A5J1T:1:1105:23460:10999	0	0	0	0	0	0	0	0	0	0	0	0	1	0	4	3	0	0	0	4
M01896:2:000000000-A69JN:1:1111:28301:7954	0	0	0	0	0	0	0	0	0	0	0	0	1	2	1	2	0	0	0	3
M01896:2:000000000-A69JN:1:1111:18130:12887	0	0	0	0	0	0	0	0	0	0	0	0	6	8	1	2	0	0	0	3
M01896:15:000000000-A7EN9:1:1102:5597:8553	0	0	0	0	0	0	0	0	0	0	0	0	3	6	5	0	0	0	0	1
M00595:42:000000000-A5J1T:1:1107:16134:3922	0	0	0	0	0	0	0	0	0	0	0	0	4	1	2	0	0	0	0	2
M00595:54:000000000-A7CT0:1:1111:17357:16252	0	0	0	0	0	0	0	0	0	0	0	0	1	1	3	0	0	0	0	0
M01896:2:000000000-A69JN:1:1112:28231:10358	0	0	0	0	0	0	0	0	0	0	0	0	2	0	0	0	0	0	0	0
M01896:2:000000000-A69JN:1:1112:12633:14381	0	0	0	0	0	0	0	0	0	0	0	0	2	2	0	0	0	0	0	0
M00595:42:000000000-A5J1T:1:1112:12381:2508	0	0	0	0	0	0	0	0	0	0	0	0	1	3	0	0	0	0	0	2
M01896:2:000000000-A69JN:1:1113:23239:5897	0	0	0	0	0	0	0	0	0	0	0	0	2	1	3	0	0	0	0	1
M00595:42:000000000-A5J1T:1:2107:14894:9707	0	0	0	0	0	0	0	0	0	0	0	0	3	2	3	4	0	0	0	4
M00595:54:000000000-A7CT0:1:1102:9046:22981	0	0	0	0	0	0	0	0	0	0	0	0	5	6	4	5	0	0	0	6
M00595:54:000000000-A7CT0:1:2101:13727:3513	0	0	0	0	0	0	0	0	0	0	0	0	6	7	4	7	0	0	0	1
M00595:54:000000000-A7CT0:1:1116:18621:4844	0	0	0	0	0	0	0	0	0	0	0	0	5	6	2	0	0	0	0	0
M01896:2:000000000-A69JN:1:2105:28487:17272	0	0	0	0	0	0	0	0	0	0	0	0	4	3	4	2	0	0	0	1
M01896:2:000000000-A69JN:1:1115:4027:6249	0	0	0	0	0	0	0	0	0	0	0	0	3	1	0	0	0	0	0	1
M01896:2:000000000-A69JN:1:1115:5638:17243	0	0	0	0	0	0	0	0	0	0	0	0	3	3	2	2	0	0	0	0
M01896:2:000000000-A69JN:1:2113:18599:12769	0	0	0	0	0	0	0	0	0	0	0	0	8	5	0	4	0	0	0	7
M01896:2:000000000-A69JN:1:1116:11670:18933	0	0	0	0	0	0	0	0	0	0	0	0	3	2	1	0	0	0	0	2
M01896:2:000000000-A69JN:1:1116:14906:8533	0	0	0	0	0	0	0	0	0	0	0	0	2	1	0	0	0	0	0	0
M01896:2:000000000-A69JN:1:1116:6081:16779	0	0	0	0	0	0	0	0	0	0	0	0	2	0	0	0	0	0	0	0
M01896:14:000000000-A7ERE:1:1104:17016:16575	0	0	0	0	0	0	0	0	0	0	0	0	1	1	0	3	0	0	0	0
M01896:15:000000000-A7EN9:1:1111:18715:22542	0	0	0	0	0	0	0	0	0	0	0	0	1	3	1	0	0	0	0	0
M00595:42:000000000-A5J1T:1:2111:13470:4508	0	0	0	0	0	0	0	0	0	0	0	0	1	0	0	0	0	0	0	5
M01896:2:000000000-A69JN:1:2105:6663:10142	0	0	0	0	0	0	0	0	0	0	0	0	3	0	4	2	0	0	0	2
M00595:54:000000000-A7CT0:1:2106:12186:22750	0	0	0	0	0	0	0	0	0	0	0	0	1	2	3	2	0	0	0	1
M01896:2:000000000-A69JN:1:1117:27975:12035	0	0	0	0	0	0	0	0	0	0	0	0	4	0	1	0	0	0	0	0
M00595:42:000000000-A5J1T:1:1117:8287:2061	0	0	0	0	0	0	0	0	0	0	0	0	1	3	2	1	0	0	0	3
M01896:14:000000000-A7ERE:1:2101:11379:21964	0	0	0	0	0	0	0	0	0	0	0	0	7	5	0	3	0	0	2	4
M01896:2:000000000-A69JN:1:1118:26050:18291	0	0	0	0	0	0	0	0	0	0	0	0	4	2	0	0	0	0	0	1
M01896:14:000000000-A7ERE:1:2106:14100:16297	0	0	0	0	0	0	0	0	0	0	0	0	2	1	0	7	0	0	0	1
M01896:15:000000000-A7EN9:1:2106:24219:10398	0	0	0	0	0	0	0	0	0	0	0	0	6	9	4	5	0	0	0	1
M00595:54:000000000-A7CT0:1:2115:15508:6827	0	0	0	0	0	0	0	0	0	0	0	0	5	6	3	5	0	0	0	11
M01896:2:000000000-A69JN:1:1119:19376:19068	0	0	0	0	0	0	0	0	0	0	0	0	2	0	0	0	0	0	0	2
M01896:2:000000000-A69JN:1:2118:25620:21332	0	0	0	0	0	0	0	0	0	0	0	0	5	5	5	3	0	0	0	0
M01896:2:000000000-A69JN:1:1117:16039:12835	0	0	0	0	0	0	0	0	0	0	0	0	6	0	0	0	0	0	0	1
M01896:15:000000000-A7EN9:1:1113:16006:20697	0	0	0	0	0	0	0	0	0	0	0	0	1	0	0	3	0	0	0	3
M01896:2:000000000-A69JN:1:2102:4340:12530	0	0	0	0	0	0	0	0	0	0	0	0	3	1	0	0	0	0	0	0
M01896:2:000000000-A69JN:1:2103:5835:19360	0	0	0	0	0	0	0	0	0	0	0	0	2	0	0	0	0	0	0	0
M01896:2:000000000-A69JN:1:2108:13989:13524	0	0	0	0	0	0	0	0	0	0	0	0	3	0	0	0	0	0	0	0
M01896:14:000000000-A7ERE:1:2103:25334:3833	0	0	0	0	0	0	0	0	0	0	0	0	4	6	0	7	0	0	0	1
M01896:2:000000000-A69JN:1:2104:23325:20029	0	0	0	0	0	0	0	0	0	0	0	0	2	0	0	0	0	0	0	1
M01896:2:000000000-A69JN:1:2104:19625:24108	0	0	0	0	0	0	0	0	0	0	0	0	2	0	0	0	0	0	0	0
M01896:2:000000000-A69JN:1:2104:5775:16129	0	0	0	0	0	0	0	0	0	0	0	0	2	0	0	0	0	0	0	0
M01896:2:000000000-A69JN:1:2105:7694:5859	0	0	0	0	0	0	0	0	0	0	0	0	2	3	2	4	0	0	0	1
M01896:14:000000000-A7ERE:1:1109:27877:17279	0	0	0	0	0	0	0	0	0	0	0	0	4	3	0	6	0	0	0	1
M01896:2:000000000-A69JN:1:2105:12523:8873	0	0	0	0	0	0	0	0	0	0	0	0	3	0	0	0	0	0	0	0
M01896:15:000000000-A7EN9:1:2118:19517:19825	0	0	0	0	0	0	0	0	0	0	0	0	3	5	2	8	0	0	0	3
M01896:2:000000000-A69JN:1:2113:14264:17314	0	0	0	0	0	0	0	0	0	0	0	0	4	0	1	0	0	0	0	2
M01896:2:000000000-A69JN:1:2106:16810:3492	0	0	0	0	0	0	0	0	0	0	0	0	3	0	0	0	0	0	0	0
M00595:42:000000000-A5J1T:1:2111:11390:17614	0	0	0	0	0	0	0	0	0	0	0	0	2	4	0	0	0	0	0	5
M01896:14:000000000-A7ERE:1:2103:9268:12769	0	0	0	0	0	0	0	0	0	0	0	0	2	4	1	5	0	0	0	1
M01896:2:000000000-A69JN:1:2106:15212:23062	0	0	0	0	0	0	0	0	0	0	0	0	2	1	0	0	0	0	0	0
M01896:15:000000000-A7EN9:1:1111:11180:18430	0	0	0	0	0	0	0	0	0	0	0	0	2	1	0	1	0	0	0	0
M00595:42:000000000-A5J1T:1:2104:16004:16569	0	0	0	0	0	0	0	0	0	0	0	0	4	4	1	2	0	0	0	5
M01896:2:000000000-A69JN:1:2108:24898:3798	0	0	0	0	0	0	0	0	0	0	0	0	2	1	1	0	0	0	0	0
M01896:2:000000000-A69JN:1:2108:23092:7960	0	0	0	0	0	0	0	0	0	0	0	0	4	1	0	1	0	0	0	0
M01896:2:000000000-A69JN:1:2108:6839:14489	0	0	0	0	0	0	0	0	0	0	0	0	2	0	0	0	0	0	0	0
M01896:14:000000000-A7ERE:1:2104:22568:22277	0	0	0	0	0	0	0	0	0	0	0	0	2	3	2	3	0	0	0	1
M01896:14:000000000-A7ERE:1:1118:8619:4514	0	0	0	0	0	0	0	0	0	0	0	0	1	2	1	1	0	0	0	0
M01896:2:000000000-A69JN:1:2111:18932:1898	0	0	0	0	0	0	0	0	0	0	0	0	2	6	4	0	0	0	0	0
M01896:2:000000000-A69JN:1:2117:20910:8884	0	0	0	0	0	0	0	0	0	0	0	0	5	4	0	0	0	0	0	0
M01896:2:000000000-A69JN:1:2113:18061:20053	0	0	0	0	0	0	0	0	0	0	0	0	3	0	2	1	0	0	0	1
M01896:2:000000000-A69JN:1:2111:23760:9424	0	0	0	0	0	0	0	0	0	0	0	0	2	0	0	1	0	0	0	0
M01896:2:000000000-A69JN:1:1110:5370:15278	0	0	0	0	0	0	0	0	0	0	0	0	3	2	3	2	0	0	0	1
M00595:42:000000000-A5J1T:1:1118:16473:20437	0	0	0	0	0	0	0	0	0	0	0	0	1	3	0	5	0	0	0	1
M00595:42:000000000-A5J1T:1:1119:7481:16346	0	0	0	0	0	0	0	0	0	0	0	0	1	0	0	0	0	0	0	1
M00595:54:000000000-A7CT0:1:2118:16641:20078	0	0	0	0	0	0	0	0	0	0	0	0	2	0	2	2	0	0	0	2
M00595:54:000000000-A7CT0:1:2102:16121:14687	0	0	0	0	0	0	0	0	0	0	0	0	5	7	4	4	0	0	0	3
M01896:14:000000000-A7ERE:1:1103:6515:8879	0	0	0	0	0	0	0	0	0	0	0	0	2	2	1	1	0	0	0	3
M01896:2:000000000-A69JN:1:2105:18364:8774	0	0	0	0	0	0	0	0	0	0	0	0	3	1	0	2	0	0	0	0
M01896:2:000000000-A69JN:1:2113:23698:19839	0	0	0	0	0	0	0	0	0	0	0	0	3	1	1	0	0	0	0	0
M01896:2:000000000-A69JN:1:2113:7746:20088	0	0	0	0	0	0	0	0	0	0	0	0	2	0	0	0	0	0	0	0
M01896:15:000000000-A7EN9:1:1102:25170:12780	0	0	0	0	0	0	0	0	0	0	0	0	1	3	0	0	0	0	0	0
M00595:54:000000000-A7CT0:1:1111:22718:17681	0	0	0	0	0	0	0	0	0	0	0	0	5	1	1	0	0	0	0	2
M01896:2:000000000-A69JN:1:2105:25325:21230	0	0	0	0	0	0	0	0	0	0	0	0	7	1	1	0	0	0	0	2
M01896:2:000000000-A69JN:1:2114:23458:20701	0	0	0	0	0	0	0	0	0	0	0	0	2	0	0	0	0	0	0	0
M01896:2:000000000-A69JN:1:2114:25617:16189	0	0	0	0	0	0	0	0	0	0	0	0	1	0	0	2	0	0	0	1
M01896:2:000000000-A69JN:1:2114:12637:24049	0	0	0	0	0	0	0	0	0	0	0	0	2	0	0	0	0	0	0	0
M00595:42:000000000-A5J1T:1:2119:24477:16410	0	0	0	0	0	0	0	0	0	0	0	0	2	1	0	2	0	0	0	4
M01896:2:000000000-A69JN:1:2116:9520:22630	0	0	0	0	0	0	0	0	0	0	0	0	2	0	0	0	0	0	0	0
M01896:2:000000000-A69JN:1:2117:4701:12436	0	0	0	0	0	0	0	0	0	0	0	0	2	0	0	0	0	0	0	1
M00595:42:000000000-A5J1T:1:1117:21782:1841	0	0	0	0	0	0	0	0	0	0	0	0	2	5	2	4	0	0	0	2
M01896:14:000000000-A7ERE:1:2117:4807:14007	0	0	0	0	0	0	0	0	0	0	0	0	4	1	3	3	0	0	0	2
M01896:2:000000000-A69JN:1:2118:10820:17730	0	0	0	0	0	0	0	0	0	0	0	0	3	0	0	0	0	0	0	0
M00595:42:000000000-A5J1T:1:2115:21850:15360	0	0	0	0	0	0	0	0	0	0	0	0	4	3	3	2	0	0	0	3
M01896:2:000000000-A69JN:1:2119:15381:19311	0	0	0	0	0	0	0	0	0	0	0	0	2	0	0	0	0	0	0	0
M01896:2:000000000-A69JN:1:2119:23006:20511	0	0	0	0	0	0	0	0	0	0	0	0	2	0	0	0	0	0	0	0
M01896:2:000000000-A69JN:1:1101:6593:5042	0	0	0	0	0	0	0	0	0	0	0	0	2	0	0	0	0	0	0	0
M00595:42:000000000-A5J1T:1:2116:7799:12973	0	0	0	0	0	0	0	0	0	0	0	0	2	3	0	2	0	0	0	2
M01896:2:000000000-A69JN:1:1102:5330:10843	0	0	0	0	0	0	0	0	0	0	0	0	2	0	0	1	0	0	0	0
M01896:2:000000000-A69JN:1:1102:16637:12173	0	0	0	0	0	0	0	0	0	0	0	0	1	1	0	1	0	0	0	1
M01896:2:000000000-A69JN:1:1102:11957:21570	0	0	0	0	0	0	0	0	0	0	0	0	2	1	0	1	0	0	0	0
M01896:2:000000000-A69JN:1:1104:24426:2991	0	0	0	0	0	0	0	0	0	0	0	0	2	0	0	0	0	0	0	2
M01896:14:000000000-A7ERE:1:1116:3323:16677	0	0	0	0	0	0	0	0	0	0	0	0	2	3	3	7	0	0	0	0
M01896:2:000000000-A69JN:1:1104:18150:10872	0	0	0	0	0	0	0	0	0	0	0	0	2	0	0	1	0	0	0	0
M01896:15:000000000-A7EN9:1:1104:3910:14826	0	0	0	0	0	0	0	0	0	0	0	0	1	3	1	2	0	0	0	1
M01896:2:000000000-A69JN:1:1105:23918:2017	0	0	0	0	0	0	0	0	0	0	0	0	2	0	0	0	0	0	0	0
M01896:2:000000000-A69JN:1:1105:14464:2195	0	0	0	0	0	0	0	0	0	0	0	0	2	0	1	0	0	0	0	0
M01896:2:000000000-A69JN:1:1106:7964:12124	0	0	0	0	0	0	0	0	0	0	0	0	5	5	1	2	0	0	0	1
M00595:42:000000000-A5J1T:1:2107:8650:8779	0	0	0	0	0	0	0	0	0	0	0	0	2	1	0	0	0	0	2	2
M01896:2:000000000-A69JN:1:1108:28399:11450	0	0	0	0	0	0	0	0	0	0	0	0	2	0	0	0	0	0	0	0
M00595:42:000000000-A5J1T:1:2103:25146:8767	0	0	0	0	0	0	0	0	0	0	0	0	2	3	1	0	0	0	0	2
M01896:15:000000000-A7EN9:1:1114:10824:17253	0	0	0	0	0	0	0	0	0	0	0	0	2	4	1	3	0	0	0	1
M01896:2:000000000-A69JN:1:1109:9318:13440	0	0	0	0	0	0	0	0	0	0	0	0	1	1	0	1	0	0	0	0
M01896:2:000000000-A69JN:1:1109:17250:11250	0	0	0	0	0	0	0	0	0	0	0	0	2	1	0	0	0	0	0	0
M01896:14:000000000-A7ERE:1:2116:10468:16198	0	0	0	0	0	0	0	0	0	0	0	0	1	3	0	2	0	0	0	1
M01896:2:000000000-A69JN:1:1110:28273:18887	0	0	0	0	0	0	0	0	0	0	0	0	2	1	0	1	0	0	0	1
M01896:15:000000000-A7EN9:1:1105:23910:2613	0	0	0	0	0	0	0	0	0	0	0	0	2	1	0	1	0	0	0	0
M00595:42:000000000-A5J1T:1:1111:5592:6582	0	0	0	0	0	0	0	0	0	0	0	0	1	1	0	1	0	0	0	3
M01896:15:000000000-A7EN9:1:2109:15071:10345	0	0	0	0	0	0	0	0	0	0	0	0	2	3	1	1	0	0	0	1
M01896:15:000000000-A7EN9:1:2116:4948:15465	0	0	0	0	0	0	0	0	0	0	0	0	2	3	2	1	0	0	0	2
M00595:54:000000000-A7CT0:1:2105:23727:17259	0	0	0	0	0	0	0	0	0	0	0	0	1	2	3	0	0	0	0	0
M01896:2:000000000-A69JN:1:2109:5441:13499	0	0	0	0	0	0	0	0	0	0	0	0	2	0	2	1	0	0	0	0
M00595:54:000000000-A7CT0:1:1111:24231:13705	0	0	0	0	0	0	0	0	0	0	0	0	1	4	2	2	0	0	0	1
M00595:54:000000000-A7CT0:1:1118:8579:13896	0	0	0	0	0	0	0	0	0	0	0	0	1	0	2	2	0	0	0	0
M00595:42:000000000-A5J1T:1:2104:5679:6789	0	0	0	0	0	0	0	0	0	0	0	0	1	1	1	3	0	0	0	2
M01896:2:000000000-A69JN:1:1117:14981:9506	0	0	0	0	0	0	0	0	0	0	0	0	2	0	0	0	0	0	0	2
M01896:15:000000000-A7EN9:1:1118:6189:18947	0	0	0	0	0	0	0	0	0	0	0	0	1	3	0	3	0	0	0	0
M01896:15:000000000-A7EN9:1:2117:2523:13971	0	0	0	0	0	0	0	0	0	0	0	0	1	0	0	3	0	0	0	0
M01896:15:000000000-A7EN9:1:2106:5774:11893	0	0	0	0	0	0	0	0	0	0	0	0	2	2	4	3	0	0	0	0
M01896:2:000000000-A69JN:1:2106:6639:9638	0	0	0	0	0	0	0	0	0	0	0	0	3	0	0	0	0	0	0	0
M01896:2:000000000-A69JN:1:2103:7497:18736	0	0	0	0	0	0	0	0	0	0	0	0	3	0	1	0	0	0	0	0
M01896:15:000000000-A7EN9:1:1103:18358:16368	0	0	0	0	0	0	0	0	0	0	0	0	2	3	1	1	0	0	0	0
M01896:14:000000000-A7ERE:1:1107:23131:12855	0	0	0	0	0	0	0	0	0	0	0	0	4	3	1	5	0	0	0	4
M00595:54:000000000-A7CT0:1:1105:9700:23017	0	0	0	0	0	0	0	0	0	0	0	0	2	4	3	4	0	0	0	3
M01896:2:000000000-A69JN:1:2104:22394:15257	0	0	0	0	0	0	0	0	0	0	0	0	2	0	0	0	0	0	0	0
M00595:42:000000000-A5J1T:1:2116:16422:23029	0	0	0	0	0	0	0	0	0	0	0	0	1	0	0	1	0	0	0	2
M01896:2:000000000-A69JN:1:2105:20223:16544	0	0	0	0	0	0	0	0	0	0	0	0	2	1	0	0	0	0	0	1
M01896:2:000000000-A69JN:1:2106:9526:12596	0	0	0	0	0	0	0	0	0	0	0	0	4	0	1	1	0	0	0	1
M01896:2:000000000-A69JN:1:2107:7681:7261	0	0	0	0	0	0	0	0	0	0	0	0	2	0	0	0	0	0	0	0
M01896:14:000000000-A7ERE:1:1106:1942:11722	0	0	0	0	0	0	0	0	0	0	0	0	2	2	1	3	0	0	0	1
M01896:2:000000000-A69JN:1:2109:11835:16643	0	0	0	0	0	0	0	0	0	0	0	0	2	0	0	0	0	0	0	0
M01896:2:000000000-A69JN:1:2109:9416:17051	0	0	0	0	0	0	0	0	0	0	0	0	2	2	0	0	0	0	0	0
M01896:2:000000000-A69JN:1:2109:13561:20980	0	0	0	0	0	0	0	0	0	0	0	0	2	0	0	0	0	0	0	1
M01896:2:000000000-A69JN:1:2111:20495:10605	0	0	0	0	0	0	0	0	0	0	0	0	2	0	0	0	0	0	0	0
M01896:2:000000000-A69JN:1:2111:17958:13844	0	0	0	0	0	0	0	0	0	0	0	0	2	0	0	0	0	0	0	1
M01896:2:000000000-A69JN:1:2111:24224:20998	0	0	0	0	0	0	0	0	0	0	0	0	2	1	0	0	0	0	0	0
M00595:54:000000000-A7CT0:1:1105:14740:5955	0	0	0	0	0	0	0	0	0	0	0	0	4	7	7	3	0	0	0	1
M01896:2:000000000-A69JN:1:2113:8589:12422	0	0	0	0	0	0	0	0	0	0	0	0	2	0	0	0	0	0	0	1
M00595:42:000000000-A5J1T:1:1102:18299:13514	0	0	0	0	0	0	0	0	0	0	0	0	1	0	0	1	0	0	0	3
M01896:2:000000000-A69JN:1:2115:25721:5747	0	0	0	0	0	0	0	0	0	0	0	0	2	3	1	1	0	0	0	0
M00595:54:000000000-A7CT0:1:2111:21671:16921	0	0	0	0	0	0	0	0	0	0	0	0	1	0	2	0	0	0	0	0
M01896:2:000000000-A69JN:1:2115:20155:17953	0	0	0	0	0	0	0	0	0	0	0	0	3	1	0	0	0	0	0	1
M01896:14:000000000-A7ERE:1:2101:8886:22955	0	0	0	0	0	0	0	0	0	0	0	0	1	0	0	2	0	0	0	2
M00595:54:000000000-A7CT0:1:1116:13260:4119	0	0	0	0	0	0	0	0	0	0	0	0	1	1	2	0	0	0	0	0
M01896:2:000000000-A69JN:1:2116:17506:22476	0	0	0	0	0	0	0	0	0	0	0	0	1	3	0	1	0	0	0	0
M01896:2:000000000-A69JN:1:2116:13444:24283	0	0	0	0	0	0	0	0	0	0	0	0	2	0	1	0	0	0	0	1
M01896:2:000000000-A69JN:1:2117:7498:22798	0	0	0	0	0	0	0	0	0	0	0	0	2	1	0	0	0	0	0	0
M01896:14:000000000-A7ERE:1:1113:17965:21498	0	0	0	0	0	0	0	0	0	0	0	0	1	2	0	0	0	0	0	0
M01896:2:000000000-A69JN:1:2118:9317:10003	0	0	0	0	0	0	0	0	0	0	0	0	2	0	1	0	0	0	0	0
M01896:2:000000000-A69JN:1:2118:20890:19746	0	0	0	0	0	0	0	0	0	0	0	0	2	0	0	0	0	0	0	0
M01896:14:000000000-A7ERE:1:2108:21152:12763	0	0	0	0	0	0	0	0	0	0	0	0	1	7	0	0	0	0	0	0
M00595:54:000000000-A7CT0:1:2104:18016:16799	0	0	0	0	0	0	0	0	0	0	0	0	1	1	1	1	0	0	0	0
M01896:14:000000000-A7ERE:1:2104:11892:21024	0	0	0	0	0	0	0	0	0	0	0	0	0	2	0	3	0	0	0	1
M00595:54:000000000-A7CT0:1:2104:16710:11721	0	0	0	0	0	0	0	0	0	0	0	0	0	2	2	0	0	0	0	0
M01896:15:000000000-A7EN9:1:1114:11042:15941	0	0	0	0	0	0	0	0	0	0	0	0	0	5	0	0	0	0	0	0
M01896:14:000000000-A7ERE:1:2104:15008:20031	0	0	0	0	0	0	0	0	0	0	0	0	0	3	0	0	0	0	0	0
M00595:42:000000000-A5J1T:1:2116:5625:10138	0	0	0	0	0	0	0	0	0	0	0	0	0	2	1	0	0	0	0	2
M01896:14:000000000-A7ERE:1:2104:27062:12646	0	0	0	0	0	0	0	0	0	0	0	0	0	3	0	0	0	0	0	0
M01896:14:000000000-A7ERE:1:1109:21328:9600	0	0	0	0	0	0	0	0	0	0	0	0	0	3	0	0	0	0	0	0
M00595:42:000000000-A5J1T:1:2114:18962:19857	0	0	0	0	0	0	0	0	0	0	0	0	0	1	0	0	0	0	2	4
M01896:14:000000000-A7ERE:1:1115:18439:16636	0	0	0	0	0	0	0	0	0	0	0	0	0	4	1	0	0	0	0	1
M00595:42:000000000-A5J1T:1:1102:23139:11571	0	0	0	0	0	0	0	0	0	0	0	0	0	1	0	1	0	0	2	2
M00595:42:000000000-A5J1T:1:1108:20385:11592	0	0	0	0	0	0	0	0	0	0	0	0	0	1	0	0	0	0	2	2
M01896:14:000000000-A7ERE:1:1113:28439:9029	0	0	0	0	0	0	0	0	0	0	0	0	0	1	0	0	0	0	0	0
M01896:15:000000000-A7EN9:1:1113:22667:2456	0	0	0	0	0	0	0	0	0	0	0	0	0	4	1	3	0	0	0	4
M01896:15:000000000-A7EN9:1:1101:17768:24779	0	0	0	0	0	0	0	0	0	0	0	0	0	4	6	3	0	0	0	3
M00595:42:000000000-A5J1T:1:1119:24227:4900	0	0	0	0	0	0	0	0	0	0	0	0	0	1	0	0	0	0	2	2
M01896:14:000000000-A7ERE:1:2103:26116:4899	0	0	0	0	0	0	0	0	0	0	0	0	0	2	0	0	0	0	0	0
M00595:54:000000000-A7CT0:1:2101:13147:14204	0	0	0	0	0	0	0	0	0	0	0	0	0	4	3	0	0	0	0	0
M01896:14:000000000-A7ERE:1:2104:19090:24475	0	0	0	0	0	0	0	0	0	0	0	0	0	3	0	0	0	0	0	0
M01896:14:000000000-A7ERE:1:2106:20006:11365	0	0	0	0	0	0	0	0	0	0	0	0	0	5	0	0	0	0	0	1
M01896:14:000000000-A7ERE:1:2106:26437:13847	0	0	0	0	0	0	0	0	0	0	0	0	0	4	1	3	0	0	0	3
M01896:15:000000000-A7EN9:1:2117:6070:6116	0	0	0	0	0	0	0	0	0	0	0	0	0	4	0	0	0	0	0	0
M01896:14:000000000-A7ERE:1:2111:26983:11937	0	0	0	0	0	0	0	0	0	0	0	0	0	2	0	1	0	0	0	0
M01896:15:000000000-A7EN9:1:1101:18971:22334	0	0	0	0	0	0	0	0	0	0	0	0	0	1	0	0	0	0	0	0
M01896:15:000000000-A7EN9:1:1103:25375:18556	0	0	0	0	0	0	0	0	0	0	0	0	0	2	0	0	0	0	0	0
M00595:54:000000000-A7CT0:1:2107:23247:3322	0	0	0	0	0	0	0	0	0	0	0	0	0	1	2	0	0	0	0	0
M01896:15:000000000-A7EN9:1:1107:6233:3843	0	0	0	0	0	0	0	0	0	0	0	0	0	2	0	0	0	0	0	0
M01896:15:000000000-A7EN9:1:1118:3639:16596	0	0	0	0	0	0	0	0	0	0	0	0	0	4	0	1	0	0	0	3
M01896:14:000000000-A7ERE:1:2101:18238:20238	0	0	0	0	0	0	0	0	0	0	0	0	0	4	0	0	0	0	0	1
M00595:42:000000000-A5J1T:1:2111:24590:15766	0	0	0	0	0	0	0	0	0	0	0	0	0	2	1	1	0	0	0	1
M01896:15:000000000-A7EN9:1:1116:16548:4789	0	0	0	0	0	0	0	0	0	0	0	0	0	1	2	4	0	0	0	0
M01896:15:000000000-A7EN9:1:2104:20478:20207	0	0	0	0	0	0	0	0	0	0	0	0	0	2	0	0	0	0	0	0
M01896:15:000000000-A7EN9:1:2105:25639:19368	0	0	0	0	0	0	0	0	0	0	0	0	0	2	0	0	0	0	0	0
M01896:15:000000000-A7EN9:1:2105:10276:19434	0	0	0	0	0	0	0	0	0	0	0	0	0	2	0	0	0	0	0	0
M01896:15:000000000-A7EN9:1:1112:5838:22367	0	0	0	0	0	0	0	0	0	0	0	0	0	4	0	0	0	0	0	1
M00595:42:000000000-A5J1T:1:2105:17326:15843	0	0	0	0	0	0	0	0	0	0	0	0	0	3	0	0	0	0	2	3
M00595:42:000000000-A5J1T:1:2104:19108:19319	0	0	0	0	0	0	0	0	0	0	0	0	0	1	2	0	0	0	0	2
M01896:14:000000000-A7ERE:1:1107:9697:22603	0	0	0	0	0	0	0	0	0	0	0	0	0	3	0	2	0	0	0	0
M00595:54:000000000-A7CT0:1:1117:20415:12234	0	0	0	0	0	0	0	0	0	0	0	0	0	1	1	1	0	0	0	1
M01896:14:000000000-A7ERE:1:1112:9104:18257	0	0	0	0	0	0	0	0	0	0	0	0	0	2	1	0	0	0	0	0
M00595:54:000000000-A7CT0:1:1101:8571:13254	0	0	0	0	0	0	0	0	0	0	0	0	0	1	3	0	0	0	0	1
M00595:54:000000000-A7CT0:1:1106:20389:17518	0	0	0	0	0	0	0	0	0	0	0	0	0	1	2	0	0	0	0	0
M01896:15:000000000-A7EN9:1:1103:15962:23725	0	0	0	0	0	0	0	0	0	0	0	0	0	1	1	3	0	0	0	1
M01896:14:000000000-A7ERE:1:1115:24325:19575	0	0	0	0	0	0	0	0	0	0	0	0	0	2	0	0	0	0	0	0
M00595:54:000000000-A7CT0:1:2118:13779:20415	0	0	0	0	0	0	0	0	0	0	0	0	0	4	4	2	0	0	0	1
M00595:54:000000000-A7CT0:1:1112:13312:9681	0	0	0	0	0	0	0	0	0	0	0	0	0	2	2	1	0	0	0	0
M01896:14:000000000-A7ERE:1:2105:14713:9092	0	0	0	0	0	0	0	0	0	0	0	0	0	1	1	0	0	0	0	0
M01896:14:000000000-A7ERE:1:2108:23329:9161	0	0	0	0	0	0	0	0	0	0	0	0	0	3	1	2	0	0	0	1
M00595:42:000000000-A5J1T:1:1114:23776:16845	0	0	0	0	0	0	0	0	0	0	0	0	0	1	0	0	6	1	6	8
M01896:14:000000000-A7ERE:1:2116:11247:7001	0	0	0	0	0	0	0	0	0	0	0	0	0	2	0	0	0	0	0	0
M01896:15:000000000-A7EN9:1:1101:6688:22931	0	0	0	0	0	0	0	0	0	0	0	0	0	2	0	0	0	0	0	1
M01896:15:000000000-A7EN9:1:1114:8892:14079	0	0	0	0	0	0	0	0	0	0	0	0	0	2	1	2	0	0	0	0
M00595:42:000000000-A5J1T:1:1105:20027:3001	0	0	0	0	0	0	0	0	0	0	0	0	0	1	1	0	0	0	0	2
M01896:15:000000000-A7EN9:1:1116:19149:18710	0	0	0	0	0	0	0	0	0	0	0	0	0	1	1	0	0	0	0	0
M01896:15:000000000-A7EN9:1:2104:22536:6544	0	0	0	0	0	0	0	0	0	0	0	0	0	2	0	0	0	0	0	0
M00595:42:000000000-A5J1T:1:2118:15636:20340	0	0	0	0	0	0	0	0	0	0	0	0	0	1	0	2	0	0	0	2
M01896:15:000000000-A7EN9:1:2114:11842:13560	0	0	0	0	0	0	0	0	0	0	0	0	0	1	0	0	0	0	0	0
M01896:14:000000000-A7ERE:1:2118:9781:11132	0	0	0	0	0	0	0	0	0	0	0	0	0	3	0	2	0	0	0	0
M01896:15:000000000-A7EN9:1:2118:5885:21335	0	0	0	0	0	0	0	0	0	0	0	0	0	2	0	0	0	0	0	0
M01896:15:000000000-A7EN9:1:2119:12485:25035	0	0	0	0	0	0	0	0	0	0	0	0	0	2	0	0	0	0	0	0
M00595:54:000000000-A7CT0:1:1117:23687:8302	0	0	0	0	0	0	0	0	0	0	0	0	0	0	3	1	0	0	0	0
M00595:54:000000000-A7CT0:1:2102:18043:22044	0	0	0	0	0	0	0	0	0	0	0	0	0	0	5	2	0	0	0	0
M00595:54:000000000-A7CT0:1:1103:18269:10497	0	0	0	0	0	0	0	0	0	0	0	0	0	0	2	0	0	0	0	0
M00595:54:000000000-A7CT0:1:1105:9598:14189	0	0	0	0	0	0	0	0	0	0	0	0	0	0	5	0	0	0	0	0
M00595:42:000000000-A5J1T:1:2114:18769:15771	0	0	0	0	0	0	0	0	0	0	0	0	0	0	1	0	0	0	0	2
M00595:54:000000000-A7CT0:1:1107:24796:5708	0	0	0	0	0	0	0	0	0	0	0	0	0	0	3	0	0	0	0	0
M00595:54:000000000-A7CT0:1:1112:14666:8689	0	0	0	0	0	0	0	0	0	0	0	0	0	0	3	0	0	0	0	0
M00595:54:000000000-A7CT0:1:2105:19295:6847	0	0	0	0	0	0	0	0	0	0	0	0	0	0	2	3	0	0	0	1
M00595:54:000000000-A7CT0:1:2111:11261:12375	0	0	0	0	0	0	0	0	0	0	0	0	0	0	2	0	0	0	0	0
M00595:54:000000000-A7CT0:1:2116:25209:11937	0	0	0	0	0	0	0	0	0	0	0	0	0	0	2	0	0	0	0	0
M00595:54:000000000-A7CT0:1:1105:16740:7158	0	0	0	0	0	0	0	0	0	0	0	0	0	0	2	0	0	0	0	1
M00595:54:000000000-A7CT0:1:1113:13920:21116	0	0	0	0	0	0	0	0	0	0	0	0	0	0	2	0	0	0	0	0
M00595:54:000000000-A7CT0:1:2108:17885:4337	0	0	0	0	0	0	0	0	0	0	0	0	0	0	1	2	0	0	0	1
M00595:54:000000000-A7CT0:1:2117:20147:19301	0	0	0	0	0	0	0	0	0	0	0	0	0	0	2	0	0	0	0	0
M01896:14:000000000-A7ERE:1:1102:23601:7840	0	0	0	0	0	0	0	0	0	0	0	0	0	0	0	2	0	0	0	0
M01896:15:000000000-A7EN9:1:2106:9190:19369	0	0	0	0	0	0	0	0	0	0	0	0	0	0	0	3	0	0	0	0
M01896:14:000000000-A7ERE:1:1113:9901:8217	0	0	0	0	0	0	0	0	0	0	0	0	0	0	0	2	0	0	0	0
M00595:42:000000000-A5J1T:1:2101:15341:3590	0	0	0	0	0	0	0	0	0	0	0	0	0	0	0	1	0	0	2	2
M01896:14:000000000-A7ERE:1:1113:9782:19948	0	0	0	0	0	0	0	0	0	0	0	0	0	0	0	1	0	0	0	0
M00595:42:000000000-A5J1T:1:2111:10106:18519	0	0	0	0	0	0	0	0	0	0	0	0	0	0	0	2	0	0	2	2
M01896:15:000000000-A7EN9:1:1114:12146:18994	0	0	0	0	0	0	0	0	0	0	0	0	0	0	0	3	0	0	0	1
M01896:14:000000000-A7ERE:1:2104:22717:20639	0	0	0	0	0	0	0	0	0	0	0	0	0	0	0	1	0	0	0	1
M01896:15:000000000-A7EN9:1:1112:28946:9994	0	0	0	0	0	0	0	0	0	0	0	0	0	0	0	3	0	0	0	0
M01896:15:000000000-A7EN9:1:2103:15511:23631	0	0	0	0	0	0	0	0	0	0	0	0	0	0	0	2	0	0	0	0
M01896:14:000000000-A7ERE:1:1103:22412:4295	0	0	0	0	0	0	0	0	0	0	0	0	0	0	0	2	0	0	0	0
M01896:14:000000000-A7ERE:1:1111:9777:8611	0	0	0	0	0	0	0	0	0	0	0	0	0	0	0	2	0	0	0	0
M01896:14:000000000-A7ERE:1:1116:25666:12693	0	0	0	0	0	0	0	0	0	0	0	0	0	0	0	2	0	0	0	0
M01896:14:000000000-A7ERE:1:2102:10917:16105	0	0	0	0	0	0	0	0	0	0	0	0	0	0	0	2	0	0	0	0
M01896:14:000000000-A7ERE:1:2103:23440:5128	0	0	0	0	0	0	0	0	0	0	0	0	0	0	0	2	0	0	0	0
M01896:14:000000000-A7ERE:1:2109:25991:7087	0	0	0	0	0	0	0	0	0	0	0	0	0	0	0	2	0	0	0	1
M01896:14:000000000-A7ERE:1:2118:7581:5823	0	0	0	0	0	0	0	0	0	0	0	0	0	0	0	2	0	0	0	0
M01896:15:000000000-A7EN9:1:2104:27490:12562	0	0	0	0	0	0	0	0	0	0	0	0	0	0	0	2	0	0	0	0
M01896:15:000000000-A7EN9:1:2116:12352:23493	0	0	0	0	0	0	0	0	0	0	0	0	0	0	0	2	0	0	0	1
M00595:42:000000000-A5J1T:1:2109:14719:13677	0	0	0	0	0	0	0	0	0	0	0	0	0	0	0	0	2	1	2	2
M00595:42:000000000-A5J1T:1:2111:15772:20007	0	0	0	0	0	0	0	0	0	0	0	0	0	0	0	0	2	0	2	2
M00595:42:000000000-A5J1T:1:1110:17424:5188	0	0	0	0	0	0	0	0	0	0	0	0	0	0	0	0	2	0	0	2
M00595:42:000000000-A5J1T:1:2113:15993:19251	0	0	0	0	0	0	0	0	0	0	0	0	0	0	0	0	0	0	4	1
M00595:42:000000000-A5J1T:1:2112:19979:17761	0	0	0	0	0	0	0	0	0	0	0	0	0	0	0	0	0	0	2	3
M00595:42:000000000-A5J1T:1:2106:10049:15387	0	0	0	0	0	0	0	0	0	0	0	0	0	0	0	0	0	0	2	2
M00595:42:000000000-A5J1T:1:1115:10945:9616	0	0	0	0	0	0	0	0	0	0	0	0	0	0	0	0	0	0	2	2
M00595:42:000000000-A5J1T:1:1117:11386:21018	0	0	0	0	0	0	0	0	0	0	0	0	0	0	0	0	0	0	2	2
M00595:42:000000000-A5J1T:1:2112:13123:24559	0	0	0	0	0	0	0	0	0	0	0	0	0	0	0	0	0	0	2	2
M00595:42:000000000-A5J1T:1:1103:18871:8576	0	0	0	0	0	0	0	0	0	0	0	0	0	0	0	0	0	0	0	1
M00595:42:000000000-A5J1T:1:2102:7041:18317	0	0	0	0	0	0	0	0	0	0	0	0	0	0	0	0	0	0	0	2
M00595:42:000000000-A5J1T:1:1108:9595:4452	0	0	0	0	0	0	0	0	0	0	0	0	0	0	0	0	0	0	0	1
M00595:42:000000000-A5J1T:1:1113:11422:12333	0	0	0	0	0	0	0	0	0	0	0	0	0	0	0	0	0	0	0	2
M00595:42:000000000-A5J1T:1:2103:14501:19697	0	0	0	0	0	0	0	0	0	0	0	0	0	0	0	0	0	0	0	2
M00595:42:000000000-A5J1T:1:2109:21466:22428	0	0	0	0	0	0	0	0	0	0	0	0	0	0	0	0	0	0	0	2
M00595:42:000000000-A5J1T:1:2112:26648:14458	0	0	0	0	0	0	0	0	0	0	0	0	0	0	0	0	0	0	0	2
M00595:42:000000000-A5J1T:1:1117:7059:11438	0	0	0	0	0	0	0	0	0	0	0	0	0	0	0	0	0	0	0	2
M00595:42:000000000-A5J1T:1:1117:8544:16403	0	0	0	0	0	0	0	0	0	0	0	0	0	0	0	0	0	0	0	2
M00595:42:000000000-A5J1T:1:2112:14455:10198	0	0	0	0	0	0	0	0	0	0	0	0	0	0	0	0	0	0	0	2
M00595:42:000000000-A5J1T:1:2114:6826:12540	0	0	0	0	0	0	0	0	0	0	0	0	0	0	0	0	0	0	0	2
