#OTU ID	S1HB3xDD2.MID109-109.P4.jan14_ncdenovo	S1HB3xDD2.MID110-110.P2.jan14_ncdenovo	S1HB3xDD2.MID98-98.P2.dec13_ncdenovo	S1HB3xDD2.MID104-104.P2.nov13_ncdenovo	S1HB3xDD2.MID98-98.P2.dec13_otuclust	S1HB3xDD2.MID104-104.P2.nov13_otuclust	S1HB3xDD2.MID110-110.P2.jan14_otuclust	S1HB3xDD2.MID109-109.P4.jan14_otuclust	S1HB3xDD2.MID109-109.P4.jan14_ncref	S1HB3xDD2.MID104-104.P2.nov13_ncref	S1HB3xDD2.MID98-98.P2.dec13_ncref	S1HB3xDD2.MID110-110.P2.jan14_ncref	S1HB3xDD2.MID104-104.P2.nov13	S1HB3xDD2.MID109-109.P4.jan14	S1HB3xDD2.MID98-98.P2.dec13	S1HB3xDD2.MID110-110.P2.jan14	PDD2xHB3.MID47-48.P2.apr13_ncdenovo	PDD2xHB3.MID47-48.P2.apr13_otuclust	PDD2xHB3.MID47-48.P2.apr13_ncref	PDD2xHB3.MID47-48.P2.apr13
M00595:42:000000000-A5J1T:1:2112:19464:17422	835	372	401	581	1	1	1	1	835	581	401	372	1000	1597	757	657	930	1	930	1534
M01896:2:000000000-A69JN:1:1116:27833:12295	840	522	855	903	1	1	1	1	840	903	855	522	1478	1654	1560	965	851	1	851	1425
M00595:42:000000000-A5J1T:1:1101:4532:12230	1035	452	750	597	1	1	1	1	1035	597	750	452	1024	1891	1275	851	880	1	880	1459
M01896:15:000000000-A7EN9:1:1115:28876:13171	824	652	735	1163	1	1	1	1	824	1163	735	652	1936	1628	1427	1267	843	1	843	1477
M01896:14:000000000-A7ERE:1:2109:26315:18455	1613	946	826	1105	1	1	1	1	1613	1105	826	946	1740	2514	1513	1558	1408	1	1408	2183
M01896:2:000000000-A69JN:1:1114:7859:11051	246	165	210	368	1	1	1	1	246	368	210	165	676	591	446	384	277	1	277	520
M00595:42:000000000-A5J1T:1:1116:17374:4600	198	157	120	316	1	1	1	1	198	316	120	157	621	507	294	386	408	1	408	798
M00595:42:000000000-A5J1T:1:1102:27999:19813	170	170	110	345	1	1	1	1	170	345	110	170	693	466	304	406	456	1	456	889
M01896:14:000000000-A7ERE:1:2112:19502:16076	190	129	54	261	1	1	1	1	190	261	54	129	546	568	161	349	156	1	156	363
M01896:15:000000000-A7EN9:1:1113:14016:24590	426	346	206	600	1	1	1	1	426	600	206	348	1111	992	472	759	1163	1	1163	1953
M01896:14:000000000-A7ERE:1:1101:28628:8590	169	129	80	222	1	1	1	1	169	222	80	129	432	446	212	327	297	0	297	564
M01896:15:000000000-A7EN9:1:2114:5816:14728	248	139	212	309	1	1	1	1	248	309	214	139	585	533	463	301	212	1	212	442
M00595:42:000000000-A5J1T:1:2102:22099:5968	113	144	106	278	1	1	1	1	113	278	106	144	485	267	267	322	272	1	272	482
M00595:42:000000000-A5J1T:1:1110:15599:11188	156	130	90	224	1	1	1	1	156	224	90	130	469	400	243	319	438	1	438	809
M00595:54:000000000-A7CT0:1:1118:10244:10451	253	214	132	293	1	1	1	1	253	293	132	214	583	573	316	471	587	1	587	1060
M01896:14:000000000-A7ERE:1:2119:20537:21154	245	120	85	185	1	1	1	1	245	185	85	120	387	609	227	286	284	1	284	597
M00595:42:000000000-A5J1T:1:1111:20695:14539	516	414	248	647	1	1	1	1	516	647	246	414	1274	1228	635	859	1122	1	1122	2026
M01896:14:000000000-A7ERE:1:1105:17764:11178	155	67	85	157	1	1	1	1	155	157	87	67	339	394	190	161	179	1	181	345
M00595:54:000000000-A7CT0:1:1103:23391:21826	151	140	92	224	1	1	1	1	155	224	92	140	459	396	209	314	488	1	488	885
M01896:15:000000000-A7EN9:1:1113:19402:4774	290	181	153	337	1	1	1	1	290	337	153	181	604	601	358	387	551	1	551	1008
M01896:14:000000000-A7ERE:1:2113:13542:19521	131	75	55	188	1	1	1	1	131	188	55	75	448	407	175	189	91	1	91	222
M01896:2:000000000-A69JN:1:2103:5035:6461	264	217	118	277	1	1	1	1	264	277	118	217	581	615	278	537	581	1	581	1111
M00595:54:000000000-A7CT0:1:1107:24083:11329	104	96	93	173	1	1	1	1	104	173	93	96	327	262	206	180	364	1	364	607
M00595:42:000000000-A5J1T:1:2116:13071:19218	124	68	94	193	1	1	1	1	124	193	94	68	378	298	214	190	336	1	336	695
M01896:14:000000000-A7ERE:1:1118:28109:19685	115	45	28	57	1	1	1	1	115	57	28	45	101	230	60	94	107	1	107	211
M01896:14:000000000-A7ERE:1:1110:9532:2564	177	57	37	73	1	1	1	1	177	73	37	57	165	464	82	146	159	1	159	343
M00595:54:000000000-A7CT0:1:2103:18158:13513	104	72	85	194	1	1	1	1	104	194	85	72	401	314	240	168	100	1	100	233
M01896:2:000000000-A69JN:1:2108:18795:15961	128	74	38	150	1	1	1	1	128	150	38	74	345	339	137	241	292	1	292	591
M01896:14:000000000-A7ERE:1:2103:15285:8532	95	45	39	235	1	1	1	1	95	235	39	45	330	292	124	171	153	0	153	376
M01896:15:000000000-A7EN9:1:1101:13235:7788	73	59	50	103	1	1	1	1	73	103	50	59	228	186	135	125	152	1	152	300
M00595:54:000000000-A7CT0:1:1108:15227:11423	128	67	77	200	1	1	1	1	128	200	75	67	420	329	198	203	84	1	84	206
M00595:54:000000000-A7CT0:1:1103:15693:9915	268	81	184	145	1	1	1	1	268	145	184	81	265	524	371	170	134	1	134	280
M00595:42:000000000-A5J1T:1:2113:17249:17301	93	25	11	45	1	1	1	1	93	45	11	25	82	217	35	48	123	1	123	237
M00595:54:000000000-A7CT0:1:1118:9403:14996	89	114	60	171	1	1	1	1	89	171	60	114	321	236	136	221	240	1	240	485
M01896:2:000000000-A69JN:1:1112:12742:6806	81	54	34	116	1	1	1	1	81	116	34	56	275	217	97	125	182	1	182	332
M00595:54:000000000-A7CT0:1:2118:16062:14962	47	45	28	98	1	1	1	1	47	98	28	45	188	120	68	114	113	1	113	233
M01896:2:000000000-A69JN:1:2106:22046:6896	232	200	199	304	1	1	1	1	232	304	199	200	601	505	445	402	569	1	569	987
M00595:42:000000000-A5J1T:1:2119:7483:12228	84	22	11	19	1	1	1	1	84	21	11	22	50	184	32	50	97	1	97	194
M00595:54:000000000-A7CT0:1:2105:16671:23179	54	71	84	127	1	1	1	1	54	127	84	71	261	155	204	157	163	1	163	334
M00595:42:000000000-A5J1T:1:2112:13405:4392	79	45	50	79	1	1	1	1	79	79	50	45	197	218	144	133	131	1	131	295
M01896:14:000000000-A7ERE:1:1110:4845:13367	81	41	36	99	1	1	1	1	81	101	36	41	213	174	87	118	106	1	106	256
M01896:14:000000000-A7ERE:1:1109:16987:11794	76	50	0	87	0	0	0	0	76	87	27	50	178	195	104	129	83	0	81	211
M01896:2:000000000-A69JN:1:2102:14002:15481	70	61	76	141	1	1	1	1	70	141	76	61	312	190	179	152	208	1	208	423
M00595:42:000000000-A5J1T:1:1115:16610:6939	81	69	93	214	1	1	1	1	81	214	93	69	589	270	300	285	307	1	307	682
M00595:42:000000000-A5J1T:1:2113:17247:23378	63	66	20	96	1	1	1	1	63	96	20	66	195	164	42	154	135	1	135	273
M01896:14:000000000-A7ERE:1:1110:23623:19485	52	44	26	93	0	0	0	0	52	93	26	44	176	147	83	117	104	0	104	233
M01896:14:000000000-A7ERE:1:1106:13389:17406	37	47	22	83	1	1	1	1	37	85	22	47	185	99	64	109	51	1	51	109
M01896:15:000000000-A7EN9:1:1114:22486:19273	60	29	41	47	1	1	1	1	60	47	41	29	113	127	94	62	106	1	106	213
M00595:42:000000000-A5J1T:1:1104:20455:11573	36	45	21	102	1	1	1	1	36	102	21	45	249	124	77	118	105	1	105	225
M01896:2:000000000-A69JN:1:1107:18770:23171	45	23	25	94	1	1	1	1	45	94	23	23	193	113	57	75	93	1	93	211
M01896:14:000000000-A7ERE:1:2118:21973:2710	37	17	7	23	1	1	1	1	37	23	7	17	37	77	22	31	67	1	67	129
M01896:15:000000000-A7EN9:1:1104:6658:20006	36	8	24	19	1	1	1	1	36	19	24	8	45	84	54	25	36	1	38	86
M01896:15:000000000-A7EN9:1:1112:13650:24235	491	379	304	553	1	1	1	1	491	553	302	376	1039	1128	734	843	441	1	441	863
	34	29	12	41	2	2	2	3	32	41	12	29	80	98	39	68	123	3	121	254
M00595:42:000000000-A5J1T:1:2113:24314:19403	26	8	4	10	1	1	1	1	26	10	4	8	24	44	10	16	80	1	80	166
M01896:14:000000000-A7ERE:1:1112:20535:7984	614	610	394	830	1	1	1	1	614	830	394	610	1395	1260	744	1107	925	1	925	1567
M01896:15:000000000-A7EN9:1:1111:21817:2894	26	2	3	8	1	1	1	1	26	8	0	2	24	56	17	12	31	1	31	80
M01896:2:000000000-A69JN:1:2113:12405:10532	514	102	96	129	0	0	0	0	514	129	96	102	187	754	133	152	70	0	70	109
M01896:14:000000000-A7ERE:1:1110:5232:11002	26	31	30	105	1	1	1	1	26	105	30	31	307	123	127	99	73	1	73	181
M01896:14:000000000-A7ERE:1:2117:24550:5632	446	369	265	494	1	1	1	1	446	494	265	369	856	878	545	707	684	1	684	1185
M00595:42:000000000-A5J1T:1:1117:20381:8751	47	35	46	140	1	1	1	1	47	140	46	35	387	185	147	154	225	1	225	558
M01896:14:000000000-A7ERE:1:1103:14337:9938	348	133	254	259	1	1	1	1	350	259	256	133	469	720	497	283	273	1	273	503
M01896:14:000000000-A7ERE:1:2116:14406:5530	39	42	28	115	1	1	1	1	39	115	28	42	334	176	126	136	168	1	168	438
M01896:2:000000000-A69JN:1:2119:17039:6983	21	14	12	52	1	1	1	1	21	52	12	14	168	76	35	47	134	1	134	343
M00595:42:000000000-A5J1T:1:1114:26399:7767	37	17	10	88	1	1	1	1	37	88	10	17	265	133	29	93	119	1	119	300
M01896:2:000000000-A69JN:1:1104:16971:2021	206	159	264	408	1	1	1	1	206	408	264	157	744	439	596	325	166	1	166	319
M00595:42:000000000-A5J1T:1:1111:23382:14526	480	343	264	437	1	1	1	1	480	437	264	343	911	1071	599	732	548	1	548	1019
M01896:15:000000000-A7EN9:1:1108:21573:19530	559	466	355	684	1	1	1	1	559	684	353	466	1309	1227	820	1021	621	1	621	1129
M01896:14:000000000-A7ERE:1:1116:25596:10561	6	0	0	0	0	0	0	0	6	0	0	0	0	1	0	0	0	0	0	0
M00595:42:000000000-A5J1T:1:1102:8862:18070	80	41	38	54	0	0	0	0	80	54	38	41	265	178	92	104	153	1	153	287
M01896:14:000000000-A7ERE:1:2117:5508:20163	6	0	0	0	0	0	0	0	0	0	0	0	2	1	0	3	0	0	0	0
M01896:2:000000000-A69JN:1:2116:12307:21862	8	0	0	8	0	0	0	0	8	8	0	0	13	16	4	8	3	0	3	7
M00595:42:000000000-A5J1T:1:2109:25828:5457	337	245	179	389	1	1	1	1	337	389	179	245	736	734	375	547	569	1	569	1035
M00595:42:000000000-A5J1T:1:2110:16339:5836	360	208	201	357	1	1	1	1	360	357	201	208	593	736	415	407	354	1	354	628
M00595:42:000000000-A5J1T:1:1108:26505:17224	7	2	2	12	1	1	1	1	7	12	2	2	21	31	5	11	10	1	10	30
M00595:42:000000000-A5J1T:1:1110:20185:15602	9	8	0	8	0	1	1	1	9	8	0	8	18	33	7	15	37	1	37	74
M00595:42:000000000-A5J1T:1:2103:20766:3210	301	285	233	379	1	1	1	1	301	379	233	285	695	642	480	565	788	1	788	1368
M01896:2:000000000-A69JN:1:1102:24823:6851	331	201	387	401	1	1	1	1	331	401	387	201	720	646	695	431	323	1	323	549
M01896:15:000000000-A7EN9:1:2118:16165:13253	380	312	190	382	1	1	1	1	380	382	190	314	624	734	371	557	613	1	613	1002
M01896:15:000000000-A7EN9:1:1104:19193:7159	319	219	203	505	1	1	1	1	319	505	203	217	1004	843	523	519	403	1	403	818
M00595:42:000000000-A5J1T:1:2114:20735:4739	7	12	4	5	0	0	0	0	7	3	4	12	15	24	8	20	2	0	2	15
M00595:42:000000000-A5J1T:1:2110:11734:7655	3	0	0	0	0	0	0	1	3	0	0	0	2	13	1	1	5	1	5	9
M01896:15:000000000-A7EN9:1:1113:19134:23086	3	5	7	6	0	0	0	0	3	8	7	5	14	9	14	12	2	0	2	4
M01896:15:000000000-A7EN9:1:1112:11551:10293	155	192	131	296	1	1	1	1	155	296	131	192	569	345	276	400	367	1	367	728
M01896:2:000000000-A69JN:1:2106:19848:6190	5	2	0	8	0	0	0	0	5	8	0	2	13	11	0	5	0	0	0	4
M01896:14:000000000-A7ERE:1:1110:4971:19109	2	0	0	0	0	0	0	0	2	0	0	0	2	10	5	1	0	0	2	4
M01896:2:000000000-A69JN:1:1113:15036:14068	2	0	0	2	0	0	0	0	2	2	0	0	9	9	0	9	0	0	0	5
M01896:15:000000000-A7EN9:1:2118:24463:19256	2	0	0	0	0	0	0	0	0	0	0	0	2	6	3	2	0	0	0	1
M01896:14:000000000-A7ERE:1:2112:18134:20880	2	0	0	0	0	0	0	0	2	0	0	0	0	2	0	0	0	0	0	0
M01896:2:000000000-A69JN:1:2117:24530:16858	2	4	2	25	1	1	1	1	2	25	2	4	112	28	14	24	58	1	58	130
M01896:15:000000000-A7EN9:1:2106:12480:10033	2	0	0	0	0	0	0	0	0	0	0	0	1	3	0	1	0	0	0	0
M01896:14:000000000-A7ERE:1:2117:16227:13619	2	0	0	0	0	0	0	0	2	0	0	0	0	1	0	0	0	0	0	0
M01896:14:000000000-A7ERE:1:2114:9777:9509	2	0	0	0	0	0	0	0	0	0	0	0	0	2	0	0	0	0	0	0
M01896:14:000000000-A7ERE:1:2104:2709:14624	2	0	0	0	0	0	0	0	2	0	0	0	0	1	0	0	0	0	0	0
M01896:14:000000000-A7ERE:1:2101:17708:6996	2	0	0	0	0	0	0	0	0	0	0	0	1	2	2	1	0	0	0	1
M01896:15:000000000-A7EN9:1:2106:5053:8386	2	0	0	0	0	0	0	0	0	0	0	0	1	8	3	3	0	0	0	2
M01896:14:000000000-A7ERE:1:2111:29002:9098	2	0	0	0	0	0	0	0	2	0	0	0	6	13	2	5	2	0	2	6
M01896:15:000000000-A7EN9:1:2106:24307:13978	2	0	0	0	0	0	0	0	0	0	0	0	0	2	0	0	0	0	0	0
M01896:15:000000000-A7EN9:1:1107:25310:14231	2	0	0	0	0	0	0	0	2	0	0	0	0	5	0	0	0	0	0	1
M01896:14:000000000-A7ERE:1:2103:10027:22398	2	0	0	2	0	0	0	0	2	2	0	0	3	7	3	10	0	0	0	2
M01896:15:000000000-A7EN9:1:2106:2420:13642	2	0	0	0	0	0	0	0	2	0	0	0	0	4	2	1	0	0	0	0
M01896:2:000000000-A69JN:1:1102:4289:8848	2	2	2	2	0	0	0	0	2	2	2	2	5	8	3	4	0	0	0	0
M01896:15:000000000-A7EN9:1:1116:2386:13749	2	0	0	0	0	0	0	1	2	0	0	0	0	2	0	0	0	0	0	0
M00595:42:000000000-A5J1T:1:1103:18939:11115	2	0	0	0	0	1	0	1	2	0	0	0	52	17	9	9	26	1	28	130
M01896:14:000000000-A7ERE:1:1110:20209:8310	2	0	0	0	0	0	0	1	2	0	0	0	0	3	1	2	0	0	0	0
M01896:15:000000000-A7EN9:1:1105:15910:20217	2	0	0	2	0	0	0	0	2	2	0	0	8	11	2	5	0	0	0	2
M01896:14:000000000-A7ERE:1:2113:23264:6478	2	0	0	0	0	0	0	0	2	0	0	0	2	2	1	0	0	0	0	0
M00595:54:000000000-A7CT0:1:2114:12214:6857	2	0	2	0	0	0	0	0	2	0	2	0	0	3	2	0	0	0	0	1
M01896:14:000000000-A7ERE:1:2115:22559:13870	2	0	0	0	0	0	0	0	0	0	0	0	0	2	1	0	0	0	0	0
M01896:15:000000000-A7EN9:1:2119:4827:18486	2	0	0	0	0	0	0	0	2	0	0	0	0	2	0	0	0	0	0	0
M01896:15:000000000-A7EN9:1:2117:27003:11731	2	0	0	0	0	0	0	0	2	0	0	0	0	2	0	0	0	0	0	0
M01896:15:000000000-A7EN9:1:2102:15689:12212	2	0	0	0	0	0	0	1	2	0	0	0	0	2	0	0	0	0	0	0
M01896:15:000000000-A7EN9:1:1116:12951:23170	2	0	0	0	0	0	0	0	0	0	0	0	0	2	0	0	0	0	0	0
M01896:14:000000000-A7ERE:1:2101:24220:9639	4	2	0	0	0	0	0	0	4	0	0	2	6	10	1	3	0	0	0	3
M01896:2:000000000-A69JN:1:2104:22033:17809	2	0	0	2	0	1	0	1	2	2	0	0	4	7	1	1	0	0	0	2
M01896:14:000000000-A7ERE:1:1106:14016:20450	0	52	0	0	0	0	0	0	0	0	0	52	0	0	0	1	0	0	0	0
M01896:2:000000000-A69JN:1:2104:9373:4387	0	5	2	39	0	1	1	0	0	39	0	5	137	28	16	39	104	1	104	316
M01896:15:000000000-A7EN9:1:1116:14346:17316	0	8	0	0	0	0	0	0	0	0	0	8	0	0	0	1	0	0	0	0
M01896:14:000000000-A7ERE:1:2104:11895:13629	0	2	0	0	0	0	0	0	0	0	0	2	0	0	0	2	0	0	0	0
M01896:15:000000000-A7EN9:1:2116:11139:19773	0	2	0	0	0	0	0	0	0	0	0	2	4	6	2	4	0	0	0	3
M01896:14:000000000-A7ERE:1:1105:23592:16848	0	2	0	0	0	0	0	0	0	0	0	2	1	0	0	2	0	0	0	2
M01896:15:000000000-A7EN9:1:2115:22609:19848	0	2	0	0	0	0	0	0	0	0	0	2	0	1	0	3	2	0	2	2
M01896:14:000000000-A7ERE:1:2104:7378:19346	0	2	0	0	0	0	0	0	0	0	0	2	0	0	0	2	0	0	0	0
M01896:14:000000000-A7ERE:1:2114:17975:11484	0	2	0	0	0	0	0	0	0	0	0	2	4	3	6	7	0	0	0	3
M00595:54:000000000-A7CT0:1:1104:15627:5191	0	2	2	0	0	0	0	0	0	0	2	2	2	4	4	4	0	0	0	1
M01896:14:000000000-A7ERE:1:1114:11267:23469	0	2	0	0	0	0	0	0	0	0	0	2	0	0	0	2	0	0	0	0
M01896:14:000000000-A7ERE:1:2109:27365:16259	0	2	0	0	0	0	0	0	0	0	0	2	0	1	1	2	0	0	0	0
M00595:54:000000000-A7CT0:1:2110:16078:10608	0	2	0	0	0	0	0	0	5	0	5	0	6	13	9	4	0	0	0	2
M01896:14:000000000-A7ERE:1:1119:14781:2914	0	2	0	0	0	0	0	0	0	0	0	2	0	0	1	3	0	0	0	0
M01896:15:000000000-A7EN9:1:1111:21101:4169	0	2	0	0	0	0	1	0	0	0	0	2	2	3	1	2	0	0	0	0
M01896:2:000000000-A69JN:1:1119:10749:13598	0	0	3	0	0	0	0	0	6	4	0	6	10	12	7	12	0	0	0	2
M00595:54:000000000-A7CT0:1:1107:12785:19543	0	0	3	0	0	0	0	0	0	0	0	0	2	1	3	1	0	0	0	0
M00595:54:000000000-A7CT0:1:1109:11240:8871	0	0	3	0	0	0	0	0	0	0	3	0	0	0	4	1	0	0	0	0
M00595:54:000000000-A7CT0:1:2118:21067:14021	0	0	3	0	0	0	0	0	0	0	0	0	3	4	6	3	0	0	0	5
M00595:54:000000000-A7CT0:1:2114:15822:9346	0	0	2	0	0	0	0	0	0	0	0	0	0	0	1	0	0	0	0	0
M01896:2:000000000-A69JN:1:2109:9292:17518	0	0	2	4	0	0	0	0	0	4	2	0	13	10	11	4	0	0	0	9
M00595:54:000000000-A7CT0:1:1106:13527:20163	0	0	2	0	0	0	0	0	0	0	0	0	0	1	2	0	0	0	0	0
M00595:54:000000000-A7CT0:1:2117:16747:14614	0	0	2	0	0	0	0	0	0	0	2	0	3	6	3	7	0	0	0	2
M00595:54:000000000-A7CT0:1:2101:12683:9582	0	0	2	0	1	0	0	0	0	0	2	0	0	0	3	0	0	0	0	1
M00595:54:000000000-A7CT0:1:2108:17232:4192	0	0	2	0	0	0	0	0	0	0	0	0	0	0	2	1	0	0	0	0
M00595:54:000000000-A7CT0:1:2103:13696:5801	0	0	2	0	0	0	0	0	0	0	0	0	0	0	2	0	0	0	0	0
M00595:54:000000000-A7CT0:1:1119:20997:23111	0	0	2	0	0	0	0	0	0	0	0	0	0	0	2	0	0	0	0	0
M00595:54:000000000-A7CT0:1:1109:12825:7941	0	0	2	0	0	0	0	0	0	0	2	0	0	0	2	0	0	0	0	0
M00595:54:000000000-A7CT0:1:2103:24399:13825	0	0	2	0	0	0	0	0	0	0	2	0	0	0	3	0	0	0	0	0
M00595:54:000000000-A7CT0:1:1111:13152:9573	0	0	2	2	0	0	0	0	0	2	2	0	8	2	6	0	0	0	0	3
M00595:54:000000000-A7CT0:1:1103:16476:11344	0	0	2	0	0	0	0	0	0	0	2	0	2	1	2	0	0	0	0	1
M00595:54:000000000-A7CT0:1:1109:11649:14298	0	0	2	0	0	0	0	0	0	0	2	0	0	0	2	0	0	0	0	0
M00595:54:000000000-A7CT0:1:1101:8852:16355	0	0	2	0	0	0	0	0	0	0	2	0	0	0	2	0	0	0	0	0
M00595:54:000000000-A7CT0:1:2102:23738:15955	0	0	2	0	0	0	0	0	0	0	2	0	5	9	6	5	0	0	0	1
M01896:14:000000000-A7ERE:1:1113:10724:24732	0	0	2	2	0	0	0	0	0	6	4	0	13	11	7	3	0	0	0	11
M00595:54:000000000-A7CT0:1:2103:19304:22809	0	0	2	0	1	0	1	0	0	0	0	2	3	2	3	3	0	0	0	3
M00595:54:000000000-A7CT0:1:1113:16567:17811	0	0	2	0	0	0	0	0	0	0	2	0	0	0	2	0	0	0	0	0
M00595:54:000000000-A7CT0:1:2106:16379:11365	0	0	2	0	0	0	0	0	0	0	2	0	0	0	2	0	0	0	0	0
M01896:2:000000000-A69JN:1:2118:25569:10939	0	0	0	16	0	0	0	0	0	0	0	0	3	0	0	0	0	0	0	0
M01896:2:000000000-A69JN:1:2109:23076:11450	0	0	0	9	0	1	0	0	0	9	0	0	46	8	3	5	22	1	22	75
M01896:2:000000000-A69JN:1:2104:25852:5060	0	0	0	4	0	0	0	0	0	4	0	0	4	0	0	0	0	0	0	0
M01896:2:000000000-A69JN:1:2104:11957:6559	0	0	0	3	0	0	0	0	0	3	0	0	3	0	0	0	0	0	0	0
M01896:2:000000000-A69JN:1:2106:17919:14063	0	0	0	3	0	0	0	0	0	3	0	0	3	2	0	0	0	0	0	2
M01896:2:000000000-A69JN:1:1105:13852:24563	0	0	0	2	0	0	0	0	0	2	0	0	10	3	1	2	0	0	0	4
M01896:2:000000000-A69JN:1:2117:19720:13019	0	0	0	2	0	0	0	0	0	2	0	0	2	0	0	0	0	0	0	0
M01896:2:000000000-A69JN:1:2118:17884:22337	0	0	0	2	0	0	0	0	0	0	0	0	3	2	0	4	0	0	0	2
M01896:2:000000000-A69JN:1:1115:5312:11059	0	0	0	2	0	0	0	0	0	2	0	0	2	0	0	0	0	0	0	0
M01896:2:000000000-A69JN:1:1111:9385:12610	0	0	0	2	0	0	0	0	0	2	0	0	2	0	0	0	0	0	0	0
M01896:2:000000000-A69JN:1:2115:5468:11757	0	0	0	2	0	1	0	0	0	2	0	0	2	0	0	0	0	0	0	0
M01896:2:000000000-A69JN:1:2103:20913:6174	0	0	0	2	0	0	0	0	0	2	0	0	2	0	0	0	0	0	0	0
M01896:2:000000000-A69JN:1:1105:20985:3815	0	0	0	2	0	0	0	0	0	2	0	0	2	0	0	0	0	0	0	0
M01896:2:000000000-A69JN:1:2116:10483:8244	0	0	0	2	0	0	0	0	0	2	0	0	2	0	0	0	0	0	0	0
M01896:14:000000000-A7ERE:1:2109:21385:9470	0	0	0	2	0	0	0	0	5	2	0	0	3	5	1	1	0	0	0	1
M01896:2:000000000-A69JN:1:1106:13088:16322	0	0	0	2	0	0	0	0	0	2	0	0	3	0	0	0	0	0	0	1
M01896:2:000000000-A69JN:1:1117:24637:12586	0	0	0	2	0	0	0	0	0	2	0	0	2	0	0	0	0	0	0	0
M01896:2:000000000-A69JN:1:2109:29242:12888	0	0	0	2	0	0	0	0	0	0	0	0	3	0	0	0	0	0	0	0
M01896:2:000000000-A69JN:1:2102:6393:16406	0	0	0	2	0	0	0	0	0	2	0	0	2	0	0	0	0	0	0	1
M01896:2:000000000-A69JN:1:2109:22751:20157	0	0	0	2	0	0	0	0	0	2	0	0	2	0	0	0	0	0	0	0
M01896:2:000000000-A69JN:1:2104:7167:7984	0	0	0	2	0	0	0	0	0	2	0	0	4	0	0	0	0	0	0	0
M01896:2:000000000-A69JN:1:1110:18111:10062	0	0	0	2	0	0	0	0	0	2	0	0	2	0	0	1	0	0	0	0
M01896:2:000000000-A69JN:1:2116:17255:18731	0	0	0	2	0	0	0	0	0	2	0	0	6	4	0	2	0	0	0	2
M01896:2:000000000-A69JN:1:1103:23947:19804	0	0	0	2	0	0	0	0	0	2	0	0	2	0	0	0	0	0	0	0
M01896:2:000000000-A69JN:1:1101:26248:9446	0	0	0	2	0	0	0	0	0	2	0	0	3	0	0	1	0	0	0	0
M01896:2:000000000-A69JN:1:1119:24137:19396	0	0	0	2	0	0	0	0	0	2	0	0	2	0	0	0	0	0	0	0
M01896:2:000000000-A69JN:1:1118:7485:20110	0	0	0	2	0	0	0	0	0	2	0	0	2	0	0	0	0	0	0	0
M01896:2:000000000-A69JN:1:2110:15913:17425	0	0	0	2	0	0	0	0	0	2	0	0	2	0	0	1	0	0	0	1
M01896:2:000000000-A69JN:1:2103:16572:20990	0	0	0	2	0	0	0	0	0	2	0	0	2	0	0	0	0	0	0	0
M01896:2:000000000-A69JN:1:1104:12080:22619	0	0	0	2	0	0	0	0	0	2	0	0	3	2	0	0	2	0	2	3
M01896:2:000000000-A69JN:1:2112:15613:10848	0	0	0	2	0	1	0	0	0	2	0	0	3	1	0	0	0	0	0	0
M01896:2:000000000-A69JN:1:2101:17039:16902	0	0	0	2	0	0	0	0	0	2	0	0	4	0	0	0	0	0	0	0
M01896:2:000000000-A69JN:1:1103:8461:11857	0	0	0	2	0	0	0	0	0	2	0	0	2	0	0	0	0	0	0	0
M01896:2:000000000-A69JN:1:2106:26643:8791	0	0	0	2	0	0	0	0	0	0	0	0	2	1	0	1	0	0	0	0
M01896:2:000000000-A69JN:1:2104:16634:23413	0	0	0	2	0	0	0	0	0	2	0	0	5	11	4	2	0	0	0	5
M01896:2:000000000-A69JN:1:2107:28403:15741	0	0	0	2	0	0	0	0	0	2	0	0	3	0	0	1	0	0	0	0
M01896:2:000000000-A69JN:1:2103:24010:6297	0	0	0	2	0	0	0	0	0	2	0	0	6	0	1	1	0	0	0	2
M01896:2:000000000-A69JN:1:2105:27131:7723	0	0	0	2	0	0	0	0	0	2	0	0	2	0	0	0	0	0	0	0
M01896:2:000000000-A69JN:1:2110:13909:22780	0	0	0	2	0	0	0	0	0	2	0	0	2	0	0	0	0	0	0	0
M01896:2:000000000-A69JN:1:1113:5655:17115	0	0	0	2	0	0	0	0	0	0	0	0	2	0	0	0	0	0	0	0
M01896:2:000000000-A69JN:1:1113:5542:18182	0	0	0	2	0	0	0	0	0	0	0	0	4	2	5	2	0	0	0	2
M01896:2:000000000-A69JN:1:1107:7606:22080	0	0	0	2	0	0	0	0	0	2	0	0	2	0	0	0	0	0	0	0
M01896:2:000000000-A69JN:1:2109:5381:16072	0	0	0	2	0	0	0	0	0	2	0	0	2	0	0	1	0	0	0	0
M01896:2:000000000-A69JN:1:2110:22330:22168	0	0	0	2	0	0	0	0	0	2	0	0	2	0	0	0	0	0	0	1
M00595:54:000000000-A7CT0:1:1105:12078:17535	0	0	0	0	1	0	0	0	0	0	0	0	1	5	6	3	0	0	0	0
M01896:2:000000000-A69JN:1:1113:8556:9092	0	0	0	0	0	1	0	0	0	9	0	0	18	10	4	6	0	0	0	2
M01896:15:000000000-A7EN9:1:1108:6018:4791	0	0	0	0	0	0	0	0	4	0	0	0	0	1	0	0	0	0	0	0
M01896:14:000000000-A7ERE:1:2106:6647:19754	0	0	0	0	0	0	0	0	4	0	0	0	0	1	0	0	0	0	0	0
M01896:15:000000000-A7EN9:1:2107:21242:18110	0	0	0	0	0	0	0	0	4	0	0	0	1	1	0	0	0	0	0	0
M01896:15:000000000-A7EN9:1:1115:17155:18093	0	0	0	0	0	0	0	0	9	7	2	0	14	24	12	16	0	0	0	2
M01896:14:000000000-A7ERE:1:1101:3358:9555	0	0	0	0	0	0	0	0	2	0	0	0	0	3	0	0	0	0	0	0
M01896:15:000000000-A7EN9:1:1118:16534:12954	0	0	0	0	0	0	0	0	2	0	0	0	0	2	0	0	0	0	0	0
M01896:14:000000000-A7ERE:1:2118:27917:9324	0	0	0	0	0	0	0	0	4	0	0	0	3	9	0	3	0	0	0	2
M01896:14:000000000-A7ERE:1:2111:23339:9896	0	0	0	0	0	0	0	0	4	0	0	0	1	4	0	1	0	0	0	2
M01896:15:000000000-A7EN9:1:2110:26060:3973	0	0	0	0	0	0	0	0	2	0	0	0	0	2	0	1	0	0	0	0
M01896:14:000000000-A7ERE:1:1115:17997:6162	0	0	0	0	0	0	0	0	2	0	0	0	1	5	1	1	0	0	0	1
M01896:14:000000000-A7ERE:1:2105:12480:13473	0	0	0	0	0	0	0	0	2	0	0	0	0	2	0	0	0	0	0	0
M01896:14:000000000-A7ERE:1:2104:18630:24747	0	0	0	0	0	0	0	0	2	0	0	0	0	2	0	0	0	0	0	0
M01896:15:000000000-A7EN9:1:2114:23418:7631	0	0	0	0	0	0	0	0	2	0	0	0	0	2	0	0	0	0	0	0
M01896:15:000000000-A7EN9:1:2109:21907:23438	0	0	0	0	0	0	0	0	2	0	0	0	1	2	0	1	0	0	0	0
M01896:15:000000000-A7EN9:1:2111:23566:17974	0	0	0	0	0	0	0	0	2	0	0	0	1	2	0	0	0	0	0	0
M01896:14:000000000-A7ERE:1:2110:16562:10777	0	0	0	0	0	0	0	0	2	0	0	0	0	3	0	0	0	0	0	0
M01896:15:000000000-A7EN9:1:2104:17491:20769	0	0	0	0	0	0	0	0	2	0	0	0	3	5	1	2	0	0	0	0
M01896:15:000000000-A7EN9:1:1110:14678:21248	0	0	0	0	0	0	0	0	4	0	0	0	3	5	3	0	0	0	0	1
M01896:15:000000000-A7EN9:1:1104:9498:3739	0	0	0	0	0	0	0	0	2	0	0	0	0	2	0	0	0	0	0	0
M01896:14:000000000-A7ERE:1:2108:26106:6738	0	0	0	0	0	0	0	0	2	0	0	0	0	2	0	0	0	0	0	0
M01896:15:000000000-A7EN9:1:1114:19738:8364	0	0	0	0	0	0	0	0	2	0	0	0	0	2	0	0	0	0	0	0
M01896:15:000000000-A7EN9:1:2105:14516:16369	0	0	0	0	0	0	0	0	2	0	0	0	1	3	0	0	0	0	0	0
M01896:14:000000000-A7ERE:1:2104:20538:9136	0	0	0	0	0	0	0	0	2	0	0	0	0	2	0	0	0	0	0	0
M01896:14:000000000-A7ERE:1:2113:22581:5902	0	0	0	0	0	0	0	0	2	0	0	0	0	2	0	0	0	0	0	0
M01896:15:000000000-A7EN9:1:2105:11563:19407	0	0	0	0	0	0	0	0	2	0	0	0	0	2	0	0	0	0	0	0
M01896:14:000000000-A7ERE:1:2113:5004:17205	0	0	0	0	0	0	0	0	2	0	0	0	0	2	0	0	0	0	0	0
M01896:15:000000000-A7EN9:1:2103:11666:14758	0	0	0	0	0	0	0	0	2	0	0	0	0	2	0	0	0	0	0	0
M01896:2:000000000-A69JN:1:1104:7859:5989	0	0	0	0	0	0	0	0	2	0	0	4	2	4	0	5	0	0	0	0
M01896:15:000000000-A7EN9:1:2102:9792:22475	0	0	0	0	0	0	0	0	2	0	0	0	0	2	0	0	0	0	0	0
M01896:14:000000000-A7ERE:1:1107:12766:18724	0	0	0	0	0	0	0	0	2	0	0	0	0	2	0	0	0	0	0	0
M01896:2:000000000-A69JN:1:2115:16194:18727	0	0	0	0	0	0	0	0	0	6	0	0	1	0	0	0	0	0	0	0
M01896:15:000000000-A7EN9:1:2111:4926:17916	0	0	0	0	0	0	0	0	0	4	0	0	3	4	2	1	0	0	0	0
M01896:2:000000000-A69JN:1:2115:22198:12200	0	0	0	0	0	0	0	0	0	3	0	0	3	1	0	0	0	0	0	0
M01896:2:000000000-A69JN:1:1107:17922:2178	0	0	0	0	0	0	0	0	0	3	0	0	3	0	0	0	0	0	0	0
M01896:2:000000000-A69JN:1:2117:19395:17857	0	0	0	0	0	0	0	0	0	3	0	0	3	0	0	0	0	0	0	0
M01896:2:000000000-A69JN:1:2105:18212:5518	0	0	0	0	0	0	0	0	0	3	0	0	3	0	0	0	0	0	0	0
M01896:2:000000000-A69JN:1:1116:18749:10083	0	0	0	0	0	0	0	0	0	2	0	0	2	1	0	2	0	0	0	0
M01896:2:000000000-A69JN:1:1106:26441:10571	0	0	0	0	0	0	0	0	0	2	0	0	2	0	0	0	0	0	0	0
M01896:2:000000000-A69JN:1:1114:6461:14133	0	0	0	0	0	0	0	0	0	2	2	0	4	2	2	0	0	0	0	0
M01896:2:000000000-A69JN:1:2102:5274:13338	0	0	0	0	0	0	0	0	0	2	0	0	2	0	0	0	0	0	0	0
M01896:2:000000000-A69JN:1:2108:25583:7767	0	0	0	0	0	0	0	0	0	2	0	0	2	0	0	0	0	0	0	0
M01896:2:000000000-A69JN:1:1105:4537:14118	0	0	0	0	0	0	0	0	0	2	0	0	2	0	0	0	0	0	0	0
M01896:2:000000000-A69JN:1:2107:21380:17792	0	0	0	0	0	0	0	0	0	2	0	0	2	0	0	0	0	0	0	0
M01896:2:000000000-A69JN:1:2103:10359:2790	0	0	0	0	0	0	0	0	0	2	0	0	2	0	0	0	0	0	0	0
M01896:2:000000000-A69JN:1:1110:23257:3530	0	0	0	0	0	0	0	0	0	4	0	0	5	0	0	0	0	0	0	1
M01896:2:000000000-A69JN:1:1111:22149:7091	0	0	0	0	0	0	0	0	0	2	0	0	2	0	0	0	0	0	0	0
M01896:2:000000000-A69JN:1:2103:9295:17084	0	0	0	0	0	0	0	0	0	2	0	0	1	0	0	0	0	0	0	0
M01896:2:000000000-A69JN:1:2117:16256:20359	0	0	0	0	0	0	0	0	0	2	0	0	6	3	3	0	0	0	0	1
M01896:2:000000000-A69JN:1:2105:25549:10982	0	0	0	0	0	0	0	0	0	2	0	0	2	0	0	0	0	0	0	0
M01896:2:000000000-A69JN:1:1106:13479:5492	0	0	0	0	0	0	0	0	0	2	0	0	2	0	0	0	0	0	0	0
M01896:2:000000000-A69JN:1:1106:7882:6277	0	0	0	0	0	0	0	0	0	2	0	0	5	2	2	0	0	0	0	1
M01896:2:000000000-A69JN:1:1109:6980:9503	0	0	0	0	0	0	0	0	0	2	0	0	2	0	0	0	0	0	0	1
M01896:2:000000000-A69JN:1:2118:24327:21047	0	0	0	0	0	0	0	0	0	2	0	0	2	0	0	0	0	0	0	0
M01896:2:000000000-A69JN:1:2101:25022:11309	0	0	0	0	0	0	0	0	0	4	6	0	10	23	13	5	0	0	5	10
M01896:2:000000000-A69JN:1:1106:24612:18984	0	0	0	0	0	0	0	0	0	2	0	0	2	0	0	0	0	0	0	0
M01896:2:000000000-A69JN:1:1108:16588:10588	0	0	0	0	0	0	0	0	0	2	0	0	2	0	0	1	0	0	0	0
M01896:2:000000000-A69JN:1:1115:8367:5085	0	0	0	0	0	0	0	0	0	2	0	0	2	0	0	0	0	0	0	0
M00595:54:000000000-A7CT0:1:1108:12219:10182	0	0	0	0	0	0	0	0	0	2	0	0	3	7	9	5	0	0	0	4
M01896:2:000000000-A69JN:1:1117:13661:19461	0	0	0	0	0	0	0	0	0	2	0	0	2	0	0	0	0	0	0	0
M01896:2:000000000-A69JN:1:2109:25224:6915	0	0	0	0	0	0	0	0	0	2	0	0	8	2	1	4	0	0	0	1
M01896:2:000000000-A69JN:1:2117:19857:5597	0	0	0	0	0	0	0	0	0	2	0	0	2	0	0	0	0	0	0	0
M01896:2:000000000-A69JN:1:2119:23670:8671	0	0	0	0	0	0	0	0	0	2	0	0	2	0	0	0	0	0	0	0
M01896:2:000000000-A69JN:1:2114:18679:14350	0	0	0	0	0	0	0	0	0	2	0	0	3	0	0	0	0	0	0	0
M01896:2:000000000-A69JN:1:1109:8471:16710	0	0	0	0	0	0	0	0	0	2	0	0	2	2	0	0	0	0	0	0
M01896:2:000000000-A69JN:1:1113:7375:15405	0	0	0	0	0	0	0	0	0	2	0	0	2	1	0	0	0	0	0	0
M01896:2:000000000-A69JN:1:2116:17008:2747	0	0	0	0	0	0	0	0	0	2	0	0	2	0	1	0	0	0	0	0
M01896:2:000000000-A69JN:1:2115:7631:4895	0	0	0	0	0	0	0	0	0	2	0	0	2	0	1	0	0	0	0	2
M00595:42:000000000-A5J1T:1:2105:13317:16212	0	0	0	0	0	0	0	0	0	4	0	0	9	2	1	5	0	0	0	6
M01896:2:000000000-A69JN:1:1105:7610:16132	0	0	0	0	0	0	0	0	0	2	0	0	2	0	0	0	0	0	0	0
M01896:2:000000000-A69JN:1:2119:14328:17868	0	0	0	0	0	0	0	0	0	2	0	0	2	0	0	0	0	0	0	0
M01896:2:000000000-A69JN:1:2118:4866:15222	0	0	0	0	0	0	0	0	0	2	0	0	5	1	3	0	0	0	0	1
M01896:2:000000000-A69JN:1:2106:17218:16641	0	0	0	0	0	0	0	0	0	2	0	0	3	1	1	0	0	0	0	4
M01896:2:000000000-A69JN:1:2102:22599:10106	0	0	0	0	0	0	0	0	0	2	0	0	2	0	1	1	0	0	0	0
M01896:14:000000000-A7ERE:1:1107:9347:7122	0	0	0	0	0	0	0	0	0	4	2	0	11	11	10	13	0	0	4	15
M01896:2:000000000-A69JN:1:2110:11675:12361	0	0	0	0	0	0	0	0	0	2	0	0	2	0	0	0	0	0	0	0
M01896:2:000000000-A69JN:1:2101:26317:18500	0	0	0	0	0	0	0	0	0	2	0	0	2	0	0	0	0	0	0	0
M01896:2:000000000-A69JN:1:2116:15658:4116	0	0	0	0	0	0	0	0	0	2	0	0	3	0	0	0	2	0	2	3
M01896:2:000000000-A69JN:1:2104:7568:22111	0	0	0	0	0	0	0	0	0	2	0	0	2	0	0	0	0	0	0	0
M01896:2:000000000-A69JN:1:2103:8059:8411	0	0	0	0	0	0	0	0	0	2	0	0	2	0	0	0	0	0	0	0
M01896:2:000000000-A69JN:1:1108:13276:2767	0	0	0	0	0	0	0	0	0	2	0	0	2	0	0	0	0	0	0	0
M01896:2:000000000-A69JN:1:2102:5871:6712	0	0	0	0	0	0	0	0	0	2	0	0	2	0	0	0	0	0	0	0
M01896:2:000000000-A69JN:1:1118:10347:9865	0	0	0	0	0	0	0	0	0	2	0	0	2	0	0	0	0	0	0	0
M01896:2:000000000-A69JN:1:1119:12396:10690	0	0	0	0	0	0	0	0	0	2	0	0	2	0	0	0	0	0	0	0
M01896:2:000000000-A69JN:1:1119:25127:19710	0	0	0	0	0	0	0	0	0	2	0	0	2	2	0	2	0	0	0	1
M01896:2:000000000-A69JN:1:2103:17631:4961	0	0	0	0	0	0	0	0	0	2	0	0	2	0	0	0	0	0	0	1
M01896:2:000000000-A69JN:1:2108:9885:5146	0	0	0	0	0	0	0	0	0	2	0	0	2	0	0	0	0	0	0	0
M01896:2:000000000-A69JN:1:2109:12498:3990	0	0	0	0	0	0	0	0	0	2	0	0	2	2	0	1	0	0	0	0
M01896:2:000000000-A69JN:1:2105:27763:17621	0	0	0	0	0	0	0	0	0	2	2	0	3	2	2	1	0	0	0	2
M01896:2:000000000-A69JN:1:1119:10362:13428	0	0	0	0	0	0	0	0	0	2	0	0	2	0	0	0	0	0	0	0
M01896:2:000000000-A69JN:1:2104:23144:21010	0	0	0	0	0	0	0	0	0	2	0	0	2	0	0	0	0	0	0	0
M01896:2:000000000-A69JN:1:1115:15038:18744	0	0	0	0	0	0	0	0	0	2	0	0	2	0	3	1	0	0	0	0
M01896:2:000000000-A69JN:1:2106:17262:12473	0	0	0	0	0	0	0	0	0	2	0	0	2	0	0	0	0	0	0	0
M01896:2:000000000-A69JN:1:2111:11248:22596	0	0	0	0	0	0	0	0	0	2	0	0	2	0	0	0	0	0	0	1
M01896:2:000000000-A69JN:1:2117:7742:14108	0	0	0	0	0	0	0	0	0	2	0	0	2	0	0	0	0	0	0	0
M01896:2:000000000-A69JN:1:2109:6501:4497	0	0	0	0	0	0	0	0	0	2	0	0	3	0	0	0	0	0	0	0
M01896:2:000000000-A69JN:1:1111:12215:9175	0	0	0	0	0	0	0	0	0	2	0	0	2	0	0	0	0	0	0	0
M01896:2:000000000-A69JN:1:2117:18594:23613	0	0	0	0	0	0	0	0	0	2	0	0	2	0	0	0	0	0	0	0
M01896:2:000000000-A69JN:1:2101:23619:20681	0	0	0	0	0	0	0	0	0	2	0	0	2	0	0	1	0	0	0	0
M01896:2:000000000-A69JN:1:1112:16631:7556	0	0	0	0	0	0	0	0	0	2	0	0	2	0	0	0	0	0	0	0
M00595:42:000000000-A5J1T:1:2103:21641:7056	0	0	0	0	0	0	0	0	0	0	9	0	11	32	21	12	0	0	0	6
M00595:54:000000000-A7CT0:1:2111:18438:15135	0	0	0	0	0	0	0	0	0	0	3	0	0	0	3	0	0	0	0	0
M00595:54:000000000-A7CT0:1:2103:16684:13570	0	0	0	0	0	0	0	0	0	0	3	0	4	2	4	0	0	0	0	4
M00595:54:000000000-A7CT0:1:1107:4743:11105	0	0	0	0	0	0	0	0	0	0	2	0	1	1	2	0	0	0	0	0
M00595:54:000000000-A7CT0:1:1103:10777:21998	0	0	0	0	0	0	0	0	0	0	2	0	0	0	2	0	0	0	0	0
M00595:54:000000000-A7CT0:1:2118:23125:5544	0	0	0	0	0	0	0	0	0	0	2	0	0	0	2	0	0	0	0	0
M00595:54:000000000-A7CT0:1:1106:23384:4494	0	0	0	0	0	0	0	0	0	0	2	0	0	1	2	0	0	0	0	0
M00595:54:000000000-A7CT0:1:2109:13752:10040	0	0	0	0	0	0	0	0	0	0	2	0	0	0	2	0	0	0	0	0
M00595:54:000000000-A7CT0:1:2115:22239:19919	0	0	0	0	0	0	0	0	0	0	2	0	0	0	2	0	0	0	0	0
M00595:54:000000000-A7CT0:1:1109:21188:13731	0	0	0	0	0	0	0	0	0	0	4	0	0	0	4	0	0	0	0	1
M00595:54:000000000-A7CT0:1:2104:24335:16300	0	0	0	0	0	0	0	0	0	0	2	0	0	0	2	0	0	0	0	0
M00595:54:000000000-A7CT0:1:2116:10684:19219	0	0	0	0	0	0	0	0	0	0	2	0	0	0	2	0	0	0	0	0
M00595:54:000000000-A7CT0:1:1105:15136:21982	0	0	0	0	0	0	0	0	0	0	2	0	0	0	3	0	0	0	0	0
M01896:15:000000000-A7EN9:1:2116:16719:17022	0	0	0	0	0	0	0	0	0	0	2	2	2	9	5	5	0	0	0	3
M00595:54:000000000-A7CT0:1:2111:9909:16473	0	0	0	0	0	0	0	0	0	0	2	0	0	0	2	0	0	0	0	0
M00595:54:000000000-A7CT0:1:1110:8207:21484	0	0	0	0	0	0	0	0	0	0	2	0	0	0	2	0	0	0	0	0
M00595:54:000000000-A7CT0:1:1110:9193:15111	0	0	0	0	0	0	0	0	0	0	2	0	0	0	2	0	0	0	0	0
M01896:2:000000000-A69JN:1:2111:19377:23109	0	0	0	0	0	0	0	0	0	0	2	0	7	5	7	2	0	0	0	2
M00595:54:000000000-A7CT0:1:2102:14434:19792	0	0	0	0	0	0	0	0	0	0	2	0	1	0	2	0	0	0	0	0
M00595:54:000000000-A7CT0:1:2115:18383:4162	0	0	0	0	0	0	0	0	0	0	2	0	1	1	2	0	0	0	0	0
M00595:54:000000000-A7CT0:1:1114:5940:7719	0	0	0	0	0	0	0	0	0	0	2	0	0	2	3	0	0	0	0	0
M01896:2:000000000-A69JN:1:1103:24151:16519	0	0	0	0	0	0	0	0	0	0	2	0	2	0	2	1	0	0	0	0
M00595:54:000000000-A7CT0:1:2109:8559:12498	0	0	0	0	0	0	0	0	0	0	2	0	1	5	5	6	0	0	0	3
M01896:14:000000000-A7ERE:1:2108:20207:18166	0	0	0	0	0	0	0	0	0	0	0	4	1	1	0	5	0	0	0	0
M01896:2:000000000-A69JN:1:1106:7807:15494	0	0	0	0	0	0	0	0	0	0	0	2	6	8	2	6	0	0	0	5
M01896:15:000000000-A7EN9:1:1113:14820:8435	0	0	0	0	0	0	0	0	0	0	0	2	0	3	2	3	0	0	0	0
M01896:15:000000000-A7EN9:1:2103:13498:10439	0	0	0	0	0	0	0	0	0	0	0	2	0	0	0	2	0	0	0	0
M01896:14:000000000-A7ERE:1:2116:1945:12107	0	0	0	0	0	0	0	0	0	0	0	2	0	2	0	1	0	0	0	0
M01896:15:000000000-A7EN9:1:1118:10156:21090	0	0	0	0	0	0	0	0	0	0	0	2	1	0	0	2	0	0	0	0
M01896:14:000000000-A7ERE:1:2116:21689:9332	0	0	0	0	0	0	0	0	0	0	0	2	0	0	0	1	0	0	0	0
M01896:15:000000000-A7EN9:1:1114:8599:7380	0	0	0	0	0	0	0	0	0	0	0	2	1	0	0	2	0	0	0	0
M01896:14:000000000-A7ERE:1:2103:6192:7795	0	0	0	0	0	0	0	0	0	0	0	2	2	1	1	6	0	0	0	1
M01896:15:000000000-A7EN9:1:2108:3824:11803	0	0	0	0	0	0	0	0	0	0	0	2	0	0	0	2	0	0	0	0
M01896:15:000000000-A7EN9:1:2103:9704:10516	0	0	0	0	0	0	0	0	0	0	0	2	0	0	0	2	0	0	0	0
M01896:14:000000000-A7ERE:1:1105:3303:10416	0	0	0	0	0	0	0	0	0	0	0	2	1	0	0	2	0	0	0	0
M01896:15:000000000-A7EN9:1:1104:3294:10161	0	0	0	0	0	0	0	0	0	0	0	2	0	0	0	3	0	0	0	0
M01896:14:000000000-A7ERE:1:2109:18218:12928	0	0	0	0	0	0	0	0	0	0	0	2	1	2	0	2	0	0	0	0
M01896:15:000000000-A7EN9:1:2104:5865:9613	0	0	0	0	0	0	0	0	0	0	0	2	4	2	0	4	0	0	0	1
M01896:14:000000000-A7ERE:1:1110:6953:10826	0	0	0	0	0	0	0	0	0	0	0	2	0	0	0	2	0	0	0	0
M01896:14:000000000-A7ERE:1:2109:27085:15387	0	0	0	0	0	0	0	0	0	0	0	2	0	0	0	2	0	0	0	0
M01896:14:000000000-A7ERE:1:1113:10861:10213	0	0	0	0	0	0	0	0	0	0	0	2	0	1	2	2	0	0	0	1
M01896:2:000000000-A69JN:1:1117:27269:18086	0	0	0	0	0	0	0	0	0	0	0	0	4	3	1	2	0	0	0	1
M00595:42:000000000-A5J1T:1:2114:25824:9214	0	0	0	0	0	0	0	0	0	0	0	0	3	2	7	4	0	0	2	3
M01896:14:000000000-A7ERE:1:2117:7031:3381	0	0	0	0	0	0	0	0	0	0	0	0	1	3	4	2	0	0	0	1
M01896:2:000000000-A69JN:1:1101:14131:21895	0	0	0	0	0	0	0	0	0	0	0	0	1	0	0	0	0	0	0	0
M00595:42:000000000-A5J1T:1:1115:9422:17068	0	0	0	0	0	0	0	0	0	0	0	0	1	0	0	0	2	0	2	2
M01896:14:000000000-A7ERE:1:2113:18295:15887	0	0	0	0	0	0	0	0	0	0	0	0	2	1	0	0	0	0	0	0
M00595:54:000000000-A7CT0:1:1119:9483:10428	0	0	0	0	0	0	0	0	0	0	0	0	15	11	8	13	0	0	0	13
M01896:2:000000000-A69JN:1:1102:22586:9182	0	0	0	0	0	0	0	0	0	0	0	0	2	1	0	2	0	0	0	0
M01896:15:000000000-A7EN9:1:1115:14847:15498	0	0	0	0	0	0	0	0	0	0	0	0	1	2	0	0	0	0	0	1
M01896:2:000000000-A69JN:1:1114:28936:12666	0	0	0	0	0	0	0	0	0	0	0	0	3	1	0	3	0	0	0	0
M00595:54:000000000-A7CT0:1:1112:14131:18228	0	0	0	0	0	0	0	0	0	0	0	0	2	3	3	2	0	0	0	2
M01896:15:000000000-A7EN9:1:2106:4625:16795	0	0	0	0	0	0	0	0	0	0	0	0	3	2	2	4	0	0	0	0
M01896:14:000000000-A7ERE:1:1104:18156:18259	0	0	0	0	0	0	0	0	0	0	0	0	2	4	0	3	0	0	0	3
M01896:2:000000000-A69JN:1:2109:13552:9891	0	0	0	0	0	0	0	0	0	0	0	0	5	2	1	0	0	0	0	1
M01896:15:000000000-A7EN9:1:1118:10782:17915	0	0	0	0	0	0	0	0	0	0	0	0	2	5	0	1	0	0	0	3
M01896:2:000000000-A69JN:1:1103:5877:13897	0	0	0	0	0	0	0	0	0	0	0	0	3	0	0	0	0	0	0	1
M00595:42:000000000-A5J1T:1:1107:18349:13236	0	0	0	0	0	0	0	0	0	0	0	0	5	3	1	2	0	0	0	1
M01896:2:000000000-A69JN:1:1111:17263:21751	0	0	0	0	0	0	0	0	0	0	0	0	3	0	0	1	0	0	0	0
M01896:2:000000000-A69JN:1:2103:13171:13183	0	0	0	0	0	0	0	0	0	0	0	0	3	2	0	1	0	0	0	0
M01896:15:000000000-A7EN9:1:1105:6468:9939	0	0	0	0	0	0	0	0	0	0	0	0	2	0	0	1	0	0	0	0
M01896:2:000000000-A69JN:1:2102:13716:21831	0	0	0	0	0	0	0	0	0	0	0	0	3	3	2	3	0	0	0	0
M01896:14:000000000-A7ERE:1:2108:21887:8737	0	0	0	0	0	0	0	0	0	0	0	0	2	2	1	3	0	0	0	0
M01896:15:000000000-A7EN9:1:2106:3641:13568	0	0	0	0	0	0	0	0	0	0	0	0	1	3	1	0	0	0	0	0
M01896:15:000000000-A7EN9:1:1115:22824:5359	0	0	0	0	0	0	0	0	0	0	0	0	5	2	4	1	0	0	0	5
M01896:15:000000000-A7EN9:1:2115:5528:22356	0	0	0	0	0	0	0	0	0	0	0	0	1	1	1	2	0	0	0	3
M00595:54:000000000-A7CT0:1:2105:19590:4180	0	0	0	0	0	0	0	0	0	0	0	0	5	5	1	0	0	0	0	0
M00595:42:000000000-A5J1T:1:1113:15380:18774	0	0	0	0	0	0	0	0	0	0	0	0	1	2	1	2	0	0	0	4
M01896:2:000000000-A69JN:1:1105:23661:2439	0	0	0	0	0	0	0	0	0	0	0	0	2	0	0	0	0	0	0	0
M00595:54:000000000-A7CT0:1:2104:13847:13525	0	0	0	0	0	0	0	0	0	0	0	0	1	1	3	0	0	0	0	1
M01896:15:000000000-A7EN9:1:1111:13752:20419	0	0	0	0	0	0	0	0	0	0	0	0	9	15	7	12	4	0	7	16
M01896:2:000000000-A69JN:1:1105:10280:15496	0	0	0	0	0	0	0	0	0	0	0	0	2	0	0	0	0	0	0	0
M00595:54:000000000-A7CT0:1:1114:15353:12517	0	0	0	0	0	0	0	0	0	0	0	0	7	6	3	2	0	0	0	1
M01896:2:000000000-A69JN:1:1106:7784:6046	0	0	0	0	0	0	0	0	0	0	0	0	3	0	0	0	0	0	0	0
M01896:2:000000000-A69JN:1:2114:4933:6733	0	0	0	0	0	0	0	0	0	0	0	0	8	4	3	4	0	0	0	5
M01896:14:000000000-A7ERE:1:1102:10768:12547	0	0	0	0	0	0	0	0	0	0	0	0	1	0	0	2	0	0	0	2
M01896:15:000000000-A7EN9:1:2104:18726:19447	0	0	0	0	0	0	0	0	0	0	0	0	1	0	0	1	0	0	0	0
M00595:42:000000000-A5J1T:1:2111:6821:16037	0	0	0	0	0	0	0	0	0	0	0	0	1	2	1	2	0	0	0	2
M01896:15:000000000-A7EN9:1:2108:16130:12045	0	0	0	0	0	0	0	0	0	0	0	0	1	3	0	5	0	0	0	1
M01896:2:000000000-A69JN:1:1106:15615:20350	0	0	0	0	0	0	0	0	0	0	0	0	2	0	0	0	0	0	0	0
M00595:42:000000000-A5J1T:1:1107:8704:13180	0	0	0	0	0	0	0	0	0	0	0	0	1	1	1	1	0	0	0	2
M01896:2:000000000-A69JN:1:1117:27624:7579	0	0	0	0	0	0	0	0	0	0	0	0	7	1	2	5	0	0	0	0
M00595:42:000000000-A5J1T:1:2117:22404:21211	0	0	0	0	0	0	0	0	0	0	0	0	6	12	2	7	0	0	0	2
M01896:15:000000000-A7EN9:1:1116:17516:5473	0	0	0	0	0	0	0	0	0	0	0	0	3	4	2	4	0	0	0	3
M01896:2:000000000-A69JN:1:2111:26806:11728	0	0	0	0	0	0	0	0	0	0	0	0	5	2	0	1	0	0	0	0
M01896:2:000000000-A69JN:1:1108:4728:10784	0	0	0	0	0	0	0	0	0	0	0	0	2	0	0	0	0	0	0	0
M00595:54:000000000-A7CT0:1:1116:13570:17889	0	0	0	0	0	0	0	0	0	0	0	0	5	8	2	3	0	0	0	1
M01896:14:000000000-A7ERE:1:2108:11158:16522	0	0	0	0	0	0	0	0	0	0	0	0	1	1	0	4	0	0	0	0
M00595:42:000000000-A5J1T:1:1106:16674:9770	0	0	0	0	0	0	0	0	0	0	0	0	1	5	3	1	0	0	0	3
M00595:54:000000000-A7CT0:1:2112:13809:11973	0	0	0	0	0	0	0	0	0	0	0	0	4	6	4	5	0	0	0	1
M01896:15:000000000-A7EN9:1:1111:24553:7732	0	0	0	0	0	0	0	0	0	0	0	0	5	17	5	6	0	0	0	2
M01896:2:000000000-A69JN:1:1109:7003:11131	0	0	0	0	0	0	0	0	0	0	0	0	2	0	0	1	0	0	0	2
M01896:15:000000000-A7EN9:1:2116:5989:11252	0	0	0	0	0	0	0	0	0	0	0	0	6	4	4	7	0	0	0	1
M01896:2:000000000-A69JN:1:2105:18364:8774	0	0	0	0	0	0	0	0	0	0	0	0	7	7	0	13	0	0	0	0
M01896:15:000000000-A7EN9:1:2109:8565:13700	0	0	0	0	0	0	0	0	0	0	0	0	5	5	1	4	0	0	0	1
M01896:2:000000000-A69JN:1:1110:4707:9280	0	0	0	0	0	0	0	0	0	0	0	0	2	0	0	0	0	0	0	0
M01896:2:000000000-A69JN:1:2105:29411:15629	0	0	0	0	0	0	0	0	0	0	0	0	3	0	0	3	0	0	0	1
M01896:15:000000000-A7EN9:1:2117:17976:11761	0	0	0	0	0	0	0	0	0	0	0	0	1	0	0	2	0	0	0	1
M01896:14:000000000-A7ERE:1:1102:21519:15046	0	0	0	0	0	0	0	0	0	0	0	0	1	3	0	0	0	0	0	1
M01896:2:000000000-A69JN:1:1110:15861:17803	0	0	0	0	0	0	0	0	0	0	0	0	2	0	0	0	0	0	0	0
M01896:2:000000000-A69JN:1:2114:14407:18343	0	0	0	0	0	0	0	0	0	0	0	0	7	2	1	3	0	0	0	2
M01896:15:000000000-A7EN9:1:2106:11578:19466	0	0	0	0	0	0	0	0	0	0	0	0	3	5	0	1	0	0	0	1
M00595:42:000000000-A5J1T:1:1105:23460:10999	0	0	0	0	0	0	0	0	0	0	0	0	1	0	2	2	0	0	0	2
M01896:2:000000000-A69JN:1:1111:28301:7954	0	0	0	0	0	0	0	0	0	0	0	0	1	2	0	1	0	0	0	2
M01896:2:000000000-A69JN:1:1111:18130:12887	0	0	0	0	0	0	0	0	0	0	0	0	1	3	1	0	0	0	0	1
M01896:2:000000000-A69JN:1:1111:7390:16267	0	0	0	0	0	0	0	0	0	0	0	0	3	0	0	0	0	0	0	1
M00595:54:000000000-A7CT0:1:1117:17794:16819	0	0	0	0	0	0	0	0	0	0	0	0	1	2	2	0	0	0	0	1
M00595:42:000000000-A5J1T:1:2113:24694:20333	0	0	0	0	0	0	0	0	0	0	0	0	7	8	2	6	2	0	2	5
M00595:42:000000000-A5J1T:1:1119:11986:22197	0	0	0	0	0	0	0	0	0	0	0	0	3	5	0	1	0	0	0	5
M00595:54:000000000-A7CT0:1:1111:17357:16252	0	0	0	0	0	0	0	0	0	0	0	0	1	0	3	0	0	0	0	0
M01896:2:000000000-A69JN:1:1112:28231:10358	0	0	0	0	0	0	0	0	0	0	0	0	2	0	0	0	0	0	0	0
M01896:2:000000000-A69JN:1:1112:12633:14381	0	0	0	0	0	0	0	0	0	0	0	0	2	2	0	0	0	0	0	0
M00595:42:000000000-A5J1T:1:1112:12381:2508	0	0	0	0	0	0	0	0	0	0	0	0	1	3	0	0	0	0	0	1
M01896:2:000000000-A69JN:1:1112:16710:20077	0	0	0	0	0	0	0	0	0	0	0	0	4	6	3	0	0	0	0	1
M01896:2:000000000-A69JN:1:1113:23239:5897	0	0	0	0	0	0	0	0	0	0	0	0	2	0	0	0	0	0	0	0
M00595:54:000000000-A7CT0:1:1102:9046:22981	0	0	0	0	0	0	0	0	0	0	0	0	4	3	3	3	0	0	0	5
M00595:42:000000000-A5J1T:1:1117:22207:8970	0	0	0	0	0	0	0	0	0	0	0	0	2	4	2	0	5	1	5	8
M01896:14:000000000-A7ERE:1:1102:22069:16523	0	0	0	0	0	0	0	0	0	0	0	0	4	6	3	4	0	0	0	5
M01896:14:000000000-A7ERE:1:2118:23469:5008	0	0	0	0	0	0	0	0	0	0	0	0	1	0	0	3	0	0	0	2
M00595:54:000000000-A7CT0:1:1116:18621:4844	0	0	0	0	0	0	0	0	0	0	0	0	1	0	2	0	0	0	0	0
M00595:54:000000000-A7CT0:1:1113:22427:19028	0	0	0	0	0	0	0	0	0	0	0	0	7	7	3	4	0	0	0	5
M00595:54:000000000-A7CT0:1:1115:23068:16033	0	0	0	0	0	0	0	0	0	0	0	0	6	10	2	1	0	0	0	3
M01896:2:000000000-A69JN:1:1115:4027:6249	0	0	0	0	0	0	0	0	0	0	0	0	2	0	0	0	0	0	0	0
M01896:2:000000000-A69JN:1:1103:21796:13637	0	0	0	0	0	0	0	0	0	0	0	0	4	0	0	1	0	0	0	1
M01896:15:000000000-A7EN9:1:2107:8364:19640	0	0	0	0	0	0	0	0	0	0	0	0	1	1	0	6	0	0	0	2
M01896:15:000000000-A7EN9:1:1105:16176:9975	0	0	0	0	0	0	0	0	0	0	0	0	2	2	1	5	0	0	0	5
M01896:2:000000000-A69JN:1:1115:5638:17243	0	0	0	0	0	0	0	0	0	0	0	0	2	1	2	2	0	0	0	0
M01896:2:000000000-A69JN:1:2118:22256:10019	0	0	0	0	0	0	0	0	0	0	0	0	3	0	0	0	0	0	0	1
M01896:15:000000000-A7EN9:1:2105:11375:5675	0	0	0	0	0	0	0	0	0	0	0	0	1	1	0	2	0	0	0	0
M01896:14:000000000-A7ERE:1:1110:15233:5775	0	0	0	0	0	0	0	0	0	0	0	0	1	3	0	1	0	0	0	0
M00595:42:000000000-A5J1T:1:2109:21338:16721	0	0	0	0	0	0	0	0	0	0	0	0	2	2	0	0	0	0	0	1
M01896:2:000000000-A69JN:1:1116:14906:8533	0	0	0	0	0	0	0	0	0	0	0	0	2	0	0	0	0	0	0	0
M01896:2:000000000-A69JN:1:1116:6081:16779	0	0	0	0	0	0	0	0	0	0	0	0	2	0	0	0	0	0	0	0
M00595:42:000000000-A5J1T:1:2111:13470:4508	0	0	0	0	0	0	0	0	0	0	0	0	1	0	0	0	0	0	0	3
M00595:42:000000000-A5J1T:1:2113:5176:8729	0	0	0	0	0	0	0	0	0	0	0	0	3	0	0	0	0	0	0	3
M00595:42:000000000-A5J1T:1:1110:19871:2838	0	0	0	0	0	0	0	0	0	0	0	0	1	3	0	3	0	0	0	2
M01896:2:000000000-A69JN:1:2110:15400:8698	0	0	0	0	0	0	0	0	0	0	0	0	4	1	1	0	0	0	0	3
M01896:2:000000000-A69JN:1:1117:27975:12035	0	0	0	0	0	0	0	0	0	0	0	0	3	0	0	0	0	0	0	0
M01896:2:000000000-A69JN:1:1118:18222:5908	0	0	0	0	0	0	0	0	0	0	0	0	2	1	0	0	0	0	0	0
M01896:2:000000000-A69JN:1:1118:26050:18291	0	0	0	0	0	0	0	0	0	0	0	0	2	0	0	0	0	0	0	0
M00595:42:000000000-A5J1T:1:2106:18536:20884	0	0	0	0	0	0	0	0	0	0	0	0	3	2	0	2	0	0	2	2
M01896:2:000000000-A69JN:1:1118:16184:23435	0	0	0	0	0	0	0	0	0	0	0	0	2	1	0	0	0	0	0	0
M01896:14:000000000-A7ERE:1:2106:14100:16297	0	0	0	0	0	0	0	0	0	0	0	0	1	0	0	2	0	0	0	0
M00595:42:000000000-A5J1T:1:2115:18248:6768	0	0	0	0	0	0	0	0	0	0	0	0	2	9	9	4	0	0	0	2
M00595:54:000000000-A7CT0:1:2115:15508:6827	0	0	0	0	0	0	0	0	0	0	0	0	3	1	2	3	0	0	0	6
M01896:2:000000000-A69JN:1:1119:19376:19068	0	0	0	0	0	0	0	0	0	0	0	0	2	0	0	0	0	0	0	0
M01896:2:000000000-A69JN:1:2118:25620:21332	0	0	0	0	0	0	0	0	0	0	0	0	4	3	4	1	0	0	0	0
M01896:2:000000000-A69JN:1:1117:16039:12835	0	0	0	0	0	0	0	0	0	0	0	0	3	0	0	0	0	0	0	1
M00595:42:000000000-A5J1T:1:2103:20731:3506	0	0	0	0	0	0	0	0	0	0	0	0	13	3	3	2	0	0	0	3
M01896:2:000000000-A69JN:1:2101:7212:20843	0	0	0	0	0	0	0	0	0	0	0	0	2	5	0	1	0	0	0	1
M01896:14:000000000-A7ERE:1:1112:15937:4470	0	0	0	0	0	0	0	0	0	0	0	0	4	4	1	0	0	0	0	2
M00595:54:000000000-A7CT0:1:1117:14598:8628	0	0	0	0	0	0	0	0	0	0	0	0	4	6	7	7	0	0	0	2
M01896:2:000000000-A69JN:1:2102:4340:12530	0	0	0	0	0	0	0	0	0	0	0	0	3	0	0	0	0	0	0	0
M01896:2:000000000-A69JN:1:2102:17891:13934	0	0	0	0	0	0	0	0	0	0	0	0	2	0	0	1	0	0	0	0
M00595:42:000000000-A5J1T:1:1105:7638:18012	0	0	0	0	0	0	0	0	0	0	0	0	1	1	0	0	0	0	0	2
M00595:42:000000000-A5J1T:1:1109:13279:17065	0	0	0	0	0	0	0	0	0	0	0	0	1	0	0	0	0	0	2	4
M01896:2:000000000-A69JN:1:2102:21211:18078	0	0	0	0	0	0	0	0	0	0	0	0	2	0	0	0	0	0	0	1
M01896:2:000000000-A69JN:1:2103:5835:19360	0	0	0	0	0	0	0	0	0	0	0	0	2	0	0	0	0	0	0	0
M00595:42:000000000-A5J1T:1:2103:16797:10643	0	0	0	0	0	0	0	0	0	0	0	0	3	2	2	1	0	0	2	4
M01896:2:000000000-A69JN:1:2119:17605:14921	0	0	0	0	0	0	0	0	0	0	0	0	3	3	0	0	0	0	0	0
M01896:2:000000000-A69JN:1:2104:6743:8996	0	0	0	0	0	0	0	0	0	0	0	0	2	1	0	0	0	0	0	1
M01896:2:000000000-A69JN:1:2104:23325:20029	0	0	0	0	0	0	0	0	0	0	0	0	2	0	0	0	0	0	0	0
M01896:2:000000000-A69JN:1:2104:19625:24108	0	0	0	0	0	0	0	0	0	0	0	0	2	0	0	0	0	0	0	0
M01896:2:000000000-A69JN:1:2104:5775:16129	0	0	0	0	0	0	0	0	0	0	0	0	2	0	0	0	0	0	0	0
M01896:2:000000000-A69JN:1:2105:16348:4609	0	0	0	0	0	0	0	0	0	0	0	0	2	0	0	0	0	0	0	0
M01896:2:000000000-A69JN:1:2105:7694:5859	0	0	0	0	0	0	0	0	0	0	0	0	1	0	1	4	0	0	0	1
M01896:14:000000000-A7ERE:1:1109:27877:17279	0	0	0	0	0	0	0	0	0	0	0	0	3	2	0	1	0	0	0	0
M01896:2:000000000-A69JN:1:2105:12523:8873	0	0	0	0	0	0	0	0	0	0	0	0	3	0	0	0	0	0	0	0
M01896:2:000000000-A69JN:1:2105:6663:10142	0	0	0	0	0	0	0	0	0	0	0	0	2	0	4	1	0	0	0	1
M01896:2:000000000-A69JN:1:2105:27514:12249	0	0	0	0	0	0	0	0	0	0	0	0	2	3	0	0	0	0	0	0
M01896:2:000000000-A69JN:1:2113:14264:17314	0	0	0	0	0	0	0	0	0	0	0	0	3	0	1	0	0	0	0	2
M01896:2:000000000-A69JN:1:1109:9549:19418	0	0	0	0	0	0	0	0	0	0	0	0	7	6	0	5	0	0	0	0
M01896:2:000000000-A69JN:1:2106:16810:3492	0	0	0	0	0	0	0	0	0	0	0	0	2	0	0	0	0	0	0	0
M01896:2:000000000-A69JN:1:2106:20304:14505	0	0	0	0	0	0	0	0	0	0	0	0	2	0	2	0	0	0	0	2
M01896:2:000000000-A69JN:1:2106:15212:23062	0	0	0	0	0	0	0	0	0	0	0	0	2	0	0	0	0	0	0	0
M01896:2:000000000-A69JN:1:2107:13887:17882	0	0	0	0	0	0	0	0	0	0	0	0	2	0	0	0	0	0	0	0
M01896:2:000000000-A69JN:1:2108:24898:3798	0	0	0	0	0	0	0	0	0	0	0	0	2	1	1	0	0	0	0	0
M00595:54:000000000-A7CT0:1:1105:20099:2195	0	0	0	0	0	0	0	0	0	0	0	0	2	0	3	0	0	0	0	0
M01896:2:000000000-A69JN:1:2108:23092:7960	0	0	0	0	0	0	0	0	0	0	0	0	2	0	0	0	0	0	0	0
M01896:15:000000000-A7EN9:1:1111:24358:14846	0	0	0	0	0	0	0	0	0	0	0	0	2	0	0	2	0	0	0	1
M00595:54:000000000-A7CT0:1:1115:19014:5202	0	0	0	0	0	0	0	0	0	0	0	0	1	1	2	0	0	0	0	0
M01896:2:000000000-A69JN:1:2108:6839:14489	0	0	0	0	0	0	0	0	0	0	0	0	2	0	0	0	0	0	0	0
M00595:42:000000000-A5J1T:1:2111:11390:17614	0	0	0	0	0	0	0	0	0	0	0	0	1	0	0	0	0	0	0	2
M01896:2:000000000-A69JN:1:2115:24942:18036	0	0	0	0	0	0	0	0	0	0	0	0	4	1	3	0	0	0	0	0
M01896:14:000000000-A7ERE:1:1118:8619:4514	0	0	0	0	0	0	0	0	0	0	0	0	1	2	0	1	0	0	0	0
M00595:42:000000000-A5J1T:1:1107:16134:3922	0	0	0	0	0	0	0	0	0	0	0	0	1	0	0	0	0	0	0	2
M00595:42:000000000-A5J1T:1:2115:6901:7943	0	0	0	0	0	0	0	0	0	0	0	0	1	0	0	0	0	0	2	2
M01896:2:000000000-A69JN:1:2110:12443:23558	0	0	0	0	0	0	0	0	0	0	0	0	2	2	0	4	0	0	0	2
M01896:2:000000000-A69JN:1:2111:18932:1898	0	0	0	0	0	0	0	0	0	0	0	0	2	5	3	0	0	0	0	0
M01896:2:000000000-A69JN:1:2113:18061:20053	0	0	0	0	0	0	0	0	0	0	0	0	2	0	0	0	0	0	0	1
M01896:2:000000000-A69JN:1:2111:23760:9424	0	0	0	0	0	0	0	0	0	0	0	0	2	0	0	0	0	0	0	0
M00595:54:000000000-A7CT0:1:2104:18432:21745	0	0	0	0	0	0	0	0	0	0	0	0	1	0	2	1	0	0	0	0
M01896:14:000000000-A7ERE:1:1105:20854:10939	0	0	0	0	0	0	0	0	0	0	0	0	3	6	1	1	0	0	0	5
M01896:2:000000000-A69JN:1:2111:24711:18413	0	0	0	0	0	0	0	0	0	0	0	0	3	1	0	0	0	0	0	0
M00595:42:000000000-A5J1T:1:1118:16473:20437	0	0	0	0	0	0	0	0	0	0	0	0	1	3	0	4	0	0	0	1
M01896:2:000000000-A69JN:1:2111:12415:20228	0	0	0	0	0	0	0	0	0	0	0	0	1	2	1	3	0	0	0	0
M01896:2:000000000-A69JN:1:2112:22707:6867	0	0	0	0	0	0	0	0	0	0	0	0	2	0	0	1	0	0	0	0
M00595:42:000000000-A5J1T:1:1119:7481:16346	0	0	0	0	0	0	0	0	0	0	0	0	1	0	0	0	0	0	0	1
M00595:42:000000000-A5J1T:1:1117:4346:17197	0	0	0	0	0	0	0	0	0	0	0	0	1	0	0	0	0	0	0	4
M01896:2:000000000-A69JN:1:2113:18599:12769	0	0	0	0	0	0	0	0	0	0	0	0	2	0	0	0	0	0	0	0
M01896:14:000000000-A7ERE:1:1109:16646:8900	0	0	0	0	0	0	0	0	0	0	0	0	3	3	0	3	0	0	0	3
M01896:2:000000000-A69JN:1:2113:7746:20088	0	0	0	0	0	0	0	0	0	0	0	0	2	0	0	0	0	0	0	0
M00595:54:000000000-A7CT0:1:1111:22718:17681	0	0	0	0	0	0	0	0	0	0	0	0	2	1	1	0	0	0	0	1
M01896:2:000000000-A69JN:1:2114:23457:12352	0	0	0	0	0	0	0	0	0	0	0	0	2	0	0	0	0	0	0	0
M01896:2:000000000-A69JN:1:2114:28088:15679	0	0	0	0	0	0	0	0	0	0	0	0	2	0	1	0	0	0	0	0
M01896:2:000000000-A69JN:1:2114:23458:20701	0	0	0	0	0	0	0	0	0	0	0	0	2	0	0	0	0	0	0	0
M01896:2:000000000-A69JN:1:2114:25617:16189	0	0	0	0	0	0	0	0	0	0	0	0	1	0	0	0	0	0	0	0
M01896:2:000000000-A69JN:1:2114:12637:24049	0	0	0	0	0	0	0	0	0	0	0	0	2	0	0	0	0	0	0	0
M01896:2:000000000-A69JN:1:2115:13864:2816	0	0	0	0	0	0	0	0	0	0	0	0	3	0	0	0	0	0	0	0
M01896:15:000000000-A7EN9:1:2119:14075:23776	0	0	0	0	0	0	0	0	0	0	0	0	2	1	0	3	0	0	0	0
M00595:42:000000000-A5J1T:1:2119:24477:16410	0	0	0	0	0	0	0	0	0	0	0	0	1	0	0	2	0	0	0	3
M01896:2:000000000-A69JN:1:2116:9520:22630	0	0	0	0	0	0	0	0	0	0	0	0	2	0	0	0	0	0	0	0
M00595:54:000000000-A7CT0:1:1103:14167:6717	0	0	0	0	0	0	0	0	0	0	0	0	3	4	2	2	0	0	0	4
M01896:15:000000000-A7EN9:1:1108:11524:6777	0	0	0	0	0	0	0	0	0	0	0	0	2	9	3	4	0	0	0	5
M01896:2:000000000-A69JN:1:2117:4701:12436	0	0	0	0	0	0	0	0	0	0	0	0	2	0	0	0	0	0	0	0
M00595:42:000000000-A5J1T:1:1117:21782:1841	0	0	0	0	0	0	0	0	0	0	0	0	2	4	1	3	0	0	0	2
M01896:2:000000000-A69JN:1:2117:12041:22800	0	0	0	0	0	0	0	0	0	0	0	0	2	0	0	1	0	0	0	0
M00595:42:000000000-A5J1T:1:2102:12901:19398	0	0	0	0	0	0	0	0	0	0	0	0	1	0	0	1	0	0	0	6
M01896:14:000000000-A7ERE:1:2117:4807:14007	0	0	0	0	0	0	0	0	0	0	0	0	4	1	3	3	0	0	0	1
M01896:2:000000000-A69JN:1:2118:22597:15361	0	0	0	0	0	0	0	0	0	0	0	0	2	0	0	0	0	0	0	0
M01896:2:000000000-A69JN:1:2118:10820:17730	0	0	0	0	0	0	0	0	0	0	0	0	3	0	0	0	0	0	0	0
M00595:54:000000000-A7CT0:1:2101:13727:3513	0	0	0	0	0	0	0	0	0	0	0	0	5	6	4	5	0	0	0	1
M01896:2:000000000-A69JN:1:1117:14633:10804	0	0	0	0	0	0	0	0	0	0	0	0	2	1	3	3	0	0	0	1
M01896:2:000000000-A69JN:1:2119:15381:19311	0	0	0	0	0	0	0	0	0	0	0	0	2	0	0	0	0	0	0	0
M00595:54:000000000-A7CT0:1:2119:14255:11898	0	0	0	0	0	0	0	0	0	0	0	0	1	4	2	1	0	0	0	1
M01896:2:000000000-A69JN:1:2119:23006:20511	0	0	0	0	0	0	0	0	0	0	0	0	2	0	0	0	0	0	0	0
M01896:2:000000000-A69JN:1:1101:6593:5042	0	0	0	0	0	0	0	0	0	0	0	0	2	0	0	0	0	0	0	0
M01896:15:000000000-A7EN9:1:2114:8159:11115	0	0	0	0	0	0	0	0	0	0	0	0	2	4	3	2	0	0	0	0
M01896:15:000000000-A7EN9:1:2116:24361:12694	0	0	0	0	0	0	0	0	0	0	0	0	2	1	0	4	0	0	0	4
M01896:2:000000000-A69JN:1:1102:5330:10843	0	0	0	0	0	0	0	0	0	0	0	0	2	0	0	1	0	0	0	0
M01896:2:000000000-A69JN:1:1102:16637:12173	0	0	0	0	0	0	0	0	0	0	0	0	1	1	0	1	0	0	0	0
M01896:2:000000000-A69JN:1:1102:5842:15291	0	0	0	0	0	0	0	0	0	0	0	0	2	0	0	0	0	0	0	0
M01896:15:000000000-A7EN9:1:2104:8357:23098	0	0	0	0	0	0	0	0	0	0	0	0	1	6	2	3	0	0	0	1
M01896:2:000000000-A69JN:1:1102:11957:21570	0	0	0	0	0	0	0	0	0	0	0	0	2	0	0	0	0	0	0	0
M01896:15:000000000-A7EN9:1:2114:19463:20343	0	0	0	0	0	0	0	0	0	0	0	0	3	3	1	3	0	0	0	0
M01896:2:000000000-A69JN:1:1103:24100:4517	0	0	0	0	0	0	0	0	0	0	0	0	2	0	0	0	0	0	0	0
M01896:2:000000000-A69JN:1:1104:24426:2991	0	0	0	0	0	0	0	0	0	0	0	0	2	0	0	0	0	0	0	0
M01896:2:000000000-A69JN:1:2107:25756:6614	0	0	0	0	0	0	0	0	0	0	0	0	4	4	2	5	0	0	0	1
M01896:14:000000000-A7ERE:1:2117:8117:13639	0	0	0	0	0	0	0	0	0	0	0	0	1	1	1	6	0	0	0	0
M01896:2:000000000-A69JN:1:1104:18150:10872	0	0	0	0	0	0	0	0	0	0	0	0	2	0	0	0	0	0	0	0
M01896:2:000000000-A69JN:1:2105:25325:21230	0	0	0	0	0	0	0	0	0	0	0	0	4	0	0	0	0	0	0	2
M01896:15:000000000-A7EN9:1:1104:3910:14826	0	0	0	0	0	0	0	0	0	0	0	0	1	3	1	1	0	0	0	0
M01896:2:000000000-A69JN:1:2110:4472:19379	0	0	0	0	0	0	0	0	0	0	0	0	3	0	0	0	0	0	0	1
M01896:2:000000000-A69JN:1:1105:23918:2017	0	0	0	0	0	0	0	0	0	0	0	0	2	0	0	0	0	0	0	0
M01896:2:000000000-A69JN:1:1105:14464:2195	0	0	0	0	0	0	0	0	0	0	0	0	2	0	0	0	0	0	0	0
M00595:54:000000000-A7CT0:1:2106:13647:4729	0	0	0	0	0	0	0	0	0	0	0	0	1	0	3	3	0	0	0	3
M01896:2:000000000-A69JN:1:1106:7964:12124	0	0	0	0	0	0	0	0	0	0	0	0	3	4	1	2	0	0	0	0
M00595:54:000000000-A7CT0:1:2104:9706:17984	0	0	0	0	0	0	0	0	0	0	0	0	2	0	2	2	0	0	0	2
M01896:2:000000000-A69JN:1:2113:10892:13135	0	0	0	0	0	0	0	0	0	0	0	0	2	0	0	1	0	0	0	0
M01896:2:000000000-A69JN:1:1108:28399:11450	0	0	0	0	0	0	0	0	0	0	0	0	2	0	0	0	0	0	0	0
M00595:42:000000000-A5J1T:1:2103:25146:8767	0	0	0	0	0	0	0	0	0	0	0	0	2	1	0	0	0	0	0	2
M00595:54:000000000-A7CT0:1:2113:24349:19892	0	0	0	0	0	0	0	0	0	0	0	0	2	3	2	1	0	0	0	1
M00595:42:000000000-A5J1T:1:2115:21850:15360	0	0	0	0	0	0	0	0	0	0	0	0	2	3	3	1	0	0	0	3
M01896:2:000000000-A69JN:1:1108:5412:19837	0	0	0	0	0	0	0	0	0	0	0	0	2	0	0	0	0	0	0	0
M01896:2:000000000-A69JN:1:1109:9318:13440	0	0	0	0	0	0	0	0	0	0	0	0	1	0	0	0	0	0	0	0
M01896:2:000000000-A69JN:1:1109:17250:11250	0	0	0	0	0	0	0	0	0	0	0	0	1	0	0	0	0	0	0	0
M01896:15:000000000-A7EN9:1:1102:19554:15512	0	0	0	0	0	0	0	0	0	0	0	0	1	0	3	3	0	0	0	2
M00595:54:000000000-A7CT0:1:1109:18223:13437	0	0	0	0	0	0	0	0	0	0	0	0	1	6	4	4	0	0	0	0
M01896:2:000000000-A69JN:1:1119:7297:21991	0	0	0	0	0	0	0	0	0	0	0	0	2	1	0	0	0	0	0	1
M01896:2:000000000-A69JN:1:2105:11127:20248	0	0	0	0	0	0	0	0	0	0	0	0	3	3	0	1	0	0	0	0
M01896:2:000000000-A69JN:1:1110:5370:15278	0	0	0	0	0	0	0	0	0	0	0	0	2	1	0	0	0	0	0	0
M01896:2:000000000-A69JN:1:1110:28273:18887	0	0	0	0	0	0	0	0	0	0	0	0	2	1	0	0	0	0	0	0
M01896:2:000000000-A69JN:1:1110:22426:18531	0	0	0	0	0	0	0	0	0	0	0	0	2	0	0	0	0	0	0	0
M00595:42:000000000-A5J1T:1:1107:23879:20839	0	0	0	0	0	0	0	0	0	0	0	0	1	1	0	1	0	0	0	5
M01896:15:000000000-A7EN9:1:2106:24219:10398	0	0	0	0	0	0	0	0	0	0	0	0	4	6	3	4	0	0	0	0
M01896:2:000000000-A69JN:1:2109:5441:13499	0	0	0	0	0	0	0	0	0	0	0	0	2	0	0	1	0	0	0	0
M01896:15:000000000-A7EN9:1:2111:4726:19322	0	0	0	0	0	0	0	0	0	0	0	0	1	2	1	1	0	0	0	0
M00595:54:000000000-A7CT0:1:1111:24231:13705	0	0	0	0	0	0	0	0	0	0	0	0	1	0	2	2	0	0	0	1
M01896:14:000000000-A7ERE:1:1103:10804:4387	0	0	0	0	0	0	0	0	0	0	0	0	1	4	1	4	0	0	0	1
M00595:42:000000000-A5J1T:1:2104:5679:6789	0	0	0	0	0	0	0	0	0	0	0	0	1	0	1	1	0	0	0	2
M00595:42:000000000-A5J1T:1:1109:21983:17201	0	0	0	0	0	0	0	0	0	0	0	0	4	2	0	2	2	0	0	4
M01896:2:000000000-A69JN:1:2115:25721:5747	0	0	0	0	0	0	0	0	0	0	0	0	3	2	0	0	0	0	0	0
M01896:15:000000000-A7EN9:1:2117:4912:18566	0	0	0	0	0	0	0	0	0	0	0	0	2	2	1	1	0	0	0	1
M01896:2:000000000-A69JN:1:1116:11670:18933	0	0	0	0	0	0	0	0	0	0	0	0	2	0	0	0	0	0	0	1
M01896:2:000000000-A69JN:1:1117:14981:9506	0	0	0	0	0	0	0	0	0	0	0	0	2	0	0	0	0	0	0	0
M00595:42:000000000-A5J1T:1:2109:25190:15250	0	0	0	0	0	0	0	0	0	0	0	0	1	3	1	1	0	0	0	1
M01896:14:000000000-A7ERE:1:2115:9910:10522	0	0	0	0	0	0	0	0	0	0	0	0	2	5	1	2	0	0	0	1
M01896:15:000000000-A7EN9:1:2106:5774:11893	0	0	0	0	0	0	0	0	0	0	0	0	2	2	4	3	0	0	0	0
M00595:54:000000000-A7CT0:1:1116:9798:11884	0	0	0	0	0	0	0	0	0	0	0	0	1	1	1	0	0	0	0	0
M00595:54:000000000-A7CT0:1:1112:18065:13900	0	0	0	0	0	0	0	0	0	0	0	0	1	1	2	0	0	0	0	4
M01896:2:000000000-A69JN:1:2106:6639:9638	0	0	0	0	0	0	0	0	0	0	0	0	3	0	0	0	0	0	0	0
M00595:42:000000000-A5J1T:1:2113:15490:3117	0	0	0	0	0	0	0	0	0	0	0	0	2	0	0	0	0	0	0	1
M01896:2:000000000-A69JN:1:2102:12531:3881	0	0	0	0	0	0	0	0	0	0	0	0	2	0	0	2	0	0	0	2
M01896:2:000000000-A69JN:1:2103:7497:18736	0	0	0	0	0	0	0	0	0	0	0	0	2	0	1	0	0	0	0	0
M01896:14:000000000-A7ERE:1:1107:23131:12855	0	0	0	0	0	0	0	0	0	0	0	0	3	3	1	4	0	0	0	4
M01896:2:000000000-A69JN:1:2104:12101:12892	0	0	0	0	0	0	0	0	0	0	0	0	2	0	0	0	0	0	0	0
M01896:2:000000000-A69JN:1:2104:22394:15257	0	0	0	0	0	0	0	0	0	0	0	0	2	0	0	0	0	0	0	0
M01896:2:000000000-A69JN:1:2104:4998:20222	0	0	0	0	0	0	0	0	0	0	0	0	2	1	0	0	0	0	0	1
M00595:42:000000000-A5J1T:1:2116:16422:23029	0	0	0	0	0	0	0	0	0	0	0	0	1	0	0	0	0	0	0	2
M01896:2:000000000-A69JN:1:2105:20223:16544	0	0	0	0	0	0	0	0	0	0	0	0	2	0	0	0	0	0	0	0
M01896:2:000000000-A69JN:1:2105:28487:17272	0	0	0	0	0	0	0	0	0	0	0	0	2	2	2	1	0	0	0	0
M01896:2:000000000-A69JN:1:2106:9526:12596	0	0	0	0	0	0	0	0	0	0	0	0	4	0	1	1	0	0	0	0
M01896:2:000000000-A69JN:1:2107:7681:7261	0	0	0	0	0	0	0	0	0	0	0	0	2	0	0	0	0	0	0	0
M00595:54:000000000-A7CT0:1:1119:17590:5060	0	0	0	0	0	0	0	0	0	0	0	0	1	1	2	0	0	0	0	0
M01896:2:000000000-A69JN:1:2107:23099:14305	0	0	0	0	0	0	0	0	0	0	0	0	2	0	0	0	0	0	0	0
M01896:14:000000000-A7ERE:1:2104:24672:7935	0	0	0	0	0	0	0	0	0	0	0	0	1	4	1	0	0	0	0	0
M01896:2:000000000-A69JN:1:2108:13989:13524	0	0	0	0	0	0	0	0	0	0	0	0	2	0	0	0	0	0	0	0
M01896:2:000000000-A69JN:1:2108:7038:17817	0	0	0	0	0	0	0	0	0	0	0	0	2	1	0	0	0	0	0	0
M01896:14:000000000-A7ERE:1:1119:20367:22806	0	0	0	0	0	0	0	0	0	0	0	0	1	3	0	2	0	0	0	1
M01896:15:000000000-A7EN9:1:1105:23910:2613	0	0	0	0	0	0	0	0	0	0	0	0	1	1	0	0	0	0	0	0
M01896:2:000000000-A69JN:1:2109:11835:16643	0	0	0	0	0	0	0	0	0	0	0	0	2	0	0	0	0	0	0	0
M01896:2:000000000-A69JN:1:2109:9416:17051	0	0	0	0	0	0	0	0	0	0	0	0	2	0	0	0	0	0	0	0
M01896:2:000000000-A69JN:1:2109:13561:20980	0	0	0	0	0	0	0	0	0	0	0	0	2	0	0	0	0	0	0	0
M01896:2:000000000-A69JN:1:2111:20495:10605	0	0	0	0	0	0	0	0	0	0	0	0	2	0	0	0	0	0	0	0
M01896:2:000000000-A69JN:1:2111:17958:13844	0	0	0	0	0	0	0	0	0	0	0	0	2	0	0	0	0	0	0	0
M01896:2:000000000-A69JN:1:2111:24224:20998	0	0	0	0	0	0	0	0	0	0	0	0	2	1	0	0	0	0	0	0
M01896:2:000000000-A69JN:1:2112:11944:22209	0	0	0	0	0	0	0	0	0	0	0	0	2	0	0	0	0	0	0	0
M01896:14:000000000-A7ERE:1:1102:3383:17331	0	0	0	0	0	0	0	0	0	0	0	0	2	5	1	4	0	0	0	2
M01896:2:000000000-A69JN:1:2113:8589:12422	0	0	0	0	0	0	0	0	0	0	0	0	2	0	0	0	0	0	0	0
M00595:42:000000000-A5J1T:1:1102:18299:13514	0	0	0	0	0	0	0	0	0	0	0	0	1	0	0	1	0	0	0	3
M01896:2:000000000-A69JN:1:2113:23698:19839	0	0	0	0	0	0	0	0	0	0	0	0	2	1	1	0	0	0	0	0
M00595:54:000000000-A7CT0:1:1113:20006:8291	0	0	0	0	0	0	0	0	0	0	0	0	1	3	2	3	0	0	0	3
M01896:2:000000000-A69JN:1:2115:20155:17953	0	0	0	0	0	0	0	0	0	0	0	0	3	1	0	0	0	0	0	0
M01896:14:000000000-A7ERE:1:2104:22568:22277	0	0	0	0	0	0	0	0	0	0	0	0	1	3	1	2	0	0	0	0
M01896:14:000000000-A7ERE:1:2103:25334:3833	0	0	0	0	0	0	0	0	0	0	0	0	1	3	0	3	0	0	0	1
M00595:54:000000000-A7CT0:1:1105:14740:5955	0	0	0	0	0	0	0	0	0	0	0	0	2	2	6	2	0	0	0	1
M01896:2:000000000-A69JN:1:2116:13351:2524	0	0	0	0	0	0	0	0	0	0	0	0	2	0	0	0	0	0	0	0
M01896:2:000000000-A69JN:1:2116:17506:22476	0	0	0	0	0	0	0	0	0	0	0	0	1	2	0	1	0	0	0	0
M01896:2:000000000-A69JN:1:2116:13444:24283	0	0	0	0	0	0	0	0	0	0	0	0	2	0	0	0	0	0	0	0
M00595:42:000000000-A5J1T:1:2118:10317:13324	0	0	0	0	0	0	0	0	0	0	0	0	1	3	0	3	0	0	0	5
M01896:2:000000000-A69JN:1:2117:20910:8884	0	0	0	0	0	0	0	0	0	0	0	0	2	0	0	0	0	0	0	0
M00595:54:000000000-A7CT0:1:1109:26901:6607	0	0	0	0	0	0	0	0	0	0	0	0	1	0	2	3	0	0	0	1
M01896:14:000000000-A7ERE:1:1113:10085:2227	0	0	0	0	0	0	0	0	0	0	0	0	1	2	0	0	0	0	0	4
M01896:2:000000000-A69JN:1:2117:7498:22798	0	0	0	0	0	0	0	0	0	0	0	0	2	0	0	0	0	0	0	0
M01896:2:000000000-A69JN:1:2118:9317:10003	0	0	0	0	0	0	0	0	0	0	0	0	2	0	0	0	0	0	0	0
M01896:2:000000000-A69JN:1:2118:20890:19746	0	0	0	0	0	0	0	0	0	0	0	0	2	0	0	0	0	0	0	0
M01896:14:000000000-A7ERE:1:2108:21152:12763	0	0	0	0	0	0	0	0	0	0	0	0	1	5	0	0	0	0	0	0
M01896:2:000000000-A69JN:1:2119:19809:18560	0	0	0	0	0	0	0	0	0	0	0	0	2	0	0	0	0	0	0	1
M00595:54:000000000-A7CT0:1:2104:18016:16799	0	0	0	0	0	0	0	0	0	0	0	0	1	0	1	1	0	0	0	0
M01896:14:000000000-A7ERE:1:1116:3323:16677	0	0	0	0	0	0	0	0	0	0	0	0	1	2	0	1	0	0	0	0
M01896:14:000000000-A7ERE:1:1106:1942:11722	0	0	0	0	0	0	0	0	0	0	0	0	0	2	0	1	0	0	0	0
M01896:15:000000000-A7EN9:1:2118:19517:19825	0	0	0	0	0	0	0	0	0	0	0	0	0	3	2	4	0	0	0	1
M01896:14:000000000-A7ERE:1:2104:15008:20031	0	0	0	0	0	0	0	0	0	0	0	0	0	3	0	0	0	0	0	0
M00595:54:000000000-A7CT0:1:2115:12919:24244	0	0	0	0	0	0	0	0	0	0	0	0	0	3	4	1	0	0	0	1
M01896:14:000000000-A7ERE:1:1103:28821:15755	0	0	0	0	0	0	0	0	0	0	0	0	0	1	0	1	0	0	0	0
M01896:15:000000000-A7EN9:1:1114:11042:15941	0	0	0	0	0	0	0	0	0	0	0	0	0	3	0	0	0	0	0	0
M01896:14:000000000-A7ERE:1:1109:21328:9600	0	0	0	0	0	0	0	0	0	0	0	0	0	2	0	0	0	0	0	0
M00595:54:000000000-A7CT0:1:2118:19049:4327	0	0	0	0	0	0	0	0	0	0	0	0	0	2	2	1	0	0	0	0
M01896:14:000000000-A7ERE:1:1113:28439:9029	0	0	0	0	0	0	0	0	0	0	0	0	0	1	0	0	0	0	0	0
M01896:14:000000000-A7ERE:1:1113:17965:21498	0	0	0	0	0	0	0	0	0	0	0	0	0	2	0	0	0	0	0	0
M01896:14:000000000-A7ERE:1:1115:18439:16636	0	0	0	0	0	0	0	0	0	0	0	0	0	2	1	0	0	0	0	1
M00595:54:000000000-A7CT0:1:2102:16121:14687	0	0	0	0	0	0	0	0	0	0	0	0	0	3	3	3	0	0	0	2
M01896:15:000000000-A7EN9:1:2104:20129:11803	0	0	0	0	0	0	0	0	0	0	0	0	0	4	0	2	0	0	0	1
M01896:14:000000000-A7ERE:1:2102:20202:18053	0	0	0	0	0	0	0	0	0	0	0	0	0	2	0	0	0	0	0	0
M01896:14:000000000-A7ERE:1:2103:26116:4899	0	0	0	0	0	0	0	0	0	0	0	0	0	2	0	0	0	0	0	0
M01896:14:000000000-A7ERE:1:2104:27062:12646	0	0	0	0	0	0	0	0	0	0	0	0	0	2	0	0	0	0	0	0
M00595:54:000000000-A7CT0:1:2101:13147:14204	0	0	0	0	0	0	0	0	0	0	0	0	0	4	3	0	0	0	0	0
M01896:14:000000000-A7ERE:1:2104:19090:24475	0	0	0	0	0	0	0	0	0	0	0	0	0	2	0	0	0	0	0	0
M01896:14:000000000-A7ERE:1:2106:20006:11365	0	0	0	0	0	0	0	0	0	0	0	0	0	3	0	0	0	0	0	0
M01896:14:000000000-A7ERE:1:2106:26437:13847	0	0	0	0	0	0	0	0	0	0	0	0	0	4	0	0	0	0	0	2
M01896:15:000000000-A7EN9:1:2117:6070:6116	0	0	0	0	0	0	0	0	0	0	0	0	0	4	0	0	0	0	0	0
M00595:42:000000000-A5J1T:1:2110:25505:13355	0	0	0	0	0	0	0	0	0	0	0	0	0	2	4	1	0	0	0	3
M01896:14:000000000-A7ERE:1:2111:26983:11937	0	0	0	0	0	0	0	0	0	0	0	0	0	2	0	0	0	0	0	0
M01896:15:000000000-A7EN9:1:1103:18358:16368	0	0	0	0	0	0	0	0	0	0	0	0	0	2	1	1	0	0	0	0
M00595:42:000000000-A5J1T:1:2108:22180:9803	0	0	0	0	0	0	0	0	0	0	0	0	0	2	0	0	0	0	2	2
M01896:15:000000000-A7EN9:1:1104:26035:17778	0	0	0	0	0	0	0	0	0	0	0	0	0	5	1	2	0	0	0	1
M00595:54:000000000-A7CT0:1:1103:19100:13896	0	0	0	0	0	0	0	0	0	0	0	0	0	1	3	0	0	0	0	0
M01896:14:000000000-A7ERE:1:2116:10468:16198	0	0	0	0	0	0	0	0	0	0	0	0	0	2	0	0	0	0	0	1
M01896:14:000000000-A7ERE:1:1108:25622:5202	0	0	0	0	0	0	0	0	0	0	0	0	0	1	0	2	0	0	0	0
M00595:42:000000000-A5J1T:1:1108:17657:10569	0	0	0	0	0	0	0	0	0	0	0	0	0	1	0	1	0	0	0	2
M01896:15:000000000-A7EN9:1:1101:18971:22334	0	0	0	0	0	0	0	0	0	0	0	0	0	1	0	0	0	0	0	0
M01896:15:000000000-A7EN9:1:1103:3616:7525	0	0	0	0	0	0	0	0	0	0	0	0	0	2	0	0	0	0	0	0
M01896:15:000000000-A7EN9:1:1103:25375:18556	0	0	0	0	0	0	0	0	0	0	0	0	0	2	0	0	0	0	0	0
M01896:14:000000000-A7ERE:1:2104:11892:21024	0	0	0	0	0	0	0	0	0	0	0	0	0	1	0	2	0	0	0	1
M01896:15:000000000-A7EN9:1:1107:6233:3843	0	0	0	0	0	0	0	0	0	0	0	0	0	2	0	0	0	0	0	0
M01896:15:000000000-A7EN9:1:1102:25170:12780	0	0	0	0	0	0	0	0	0	0	0	0	0	2	0	0	0	0	0	0
M01896:15:000000000-A7EN9:1:1109:9733:16124	0	0	0	0	0	0	0	0	0	0	0	0	0	2	0	1	0	0	0	0
M00595:54:000000000-A7CT0:1:1105:9700:23017	0	0	0	0	0	0	0	0	0	0	0	0	0	3	2	1	0	0	0	3
M01896:15:000000000-A7EN9:1:1111:11180:18430	0	0	0	0	0	0	0	0	0	0	0	0	0	1	0	1	0	0	0	0
M01896:15:000000000-A7EN9:1:1118:3639:16596	0	0	0	0	0	0	0	0	0	0	0	0	0	3	0	0	0	0	0	1
M01896:15:000000000-A7EN9:1:1111:18715:22542	0	0	0	0	0	0	0	0	0	0	0	0	0	3	1	0	0	0	0	0
M00595:42:000000000-A5J1T:1:2111:24590:15766	0	0	0	0	0	0	0	0	0	0	0	0	0	1	0	0	0	0	0	1
M00595:42:000000000-A5J1T:1:2112:25315:17561	0	0	0	0	0	0	0	0	0	0	0	0	0	2	0	1	2	0	2	4
M01896:15:000000000-A7EN9:1:2103:17741:6078	0	0	0	0	0	0	0	0	0	0	0	0	0	2	0	0	0	0	0	0
M01896:14:000000000-A7ERE:1:1103:6515:8879	0	0	0	0	0	0	0	0	0	0	0	0	0	1	1	1	0	0	0	3
M01896:15:000000000-A7EN9:1:2103:14796:23193	0	0	0	0	0	0	0	0	0	0	0	0	0	2	0	0	0	0	0	0
M01896:15:000000000-A7EN9:1:2104:20478:20207	0	0	0	0	0	0	0	0	0	0	0	0	0	2	0	0	0	0	0	0
M00595:42:000000000-A5J1T:1:1107:22392:15801	0	0	0	0	0	0	0	0	0	0	0	0	0	1	0	0	0	0	2	3
M01896:15:000000000-A7EN9:1:2105:10276:19434	0	0	0	0	0	0	0	0	0	0	0	0	0	2	0	0	0	0	0	0
M01896:15:000000000-A7EN9:1:2105:25639:19368	0	0	0	0	0	0	0	0	0	0	0	0	0	2	0	0	0	0	0	0
M01896:15:000000000-A7EN9:1:1118:6189:18947	0	0	0	0	0	0	0	0	0	0	0	0	0	1	0	2	0	0	0	0
M01896:15:000000000-A7EN9:1:2109:15071:10345	0	0	0	0	0	0	0	0	0	0	0	0	0	2	0	1	0	0	0	0
M01896:15:000000000-A7EN9:1:2110:22343:20880	0	0	0	0	0	0	0	0	0	0	0	0	0	2	0	0	0	0	0	0
M01896:15:000000000-A7EN9:1:2116:4948:15465	0	0	0	0	0	0	0	0	0	0	0	0	0	1	1	1	0	0	0	0
M00595:42:000000000-A5J1T:1:1118:25201:16178	0	0	0	0	0	0	0	0	0	0	0	0	0	3	1	0	0	0	0	1
M00595:42:000000000-A5J1T:1:2117:17228:7113	0	0	0	0	0	0	0	0	0	0	0	0	0	1	0	0	0	0	0	1
M01896:14:000000000-A7ERE:1:1107:9697:22603	0	0	0	0	0	0	0	0	0	0	0	0	0	2	0	0	0	0	0	0
M01896:15:000000000-A7EN9:1:2111:14044:12862	0	0	0	0	0	0	0	0	0	0	0	0	0	1	0	1	0	0	0	0
M01896:15:000000000-A7EN9:1:1114:10824:17253	0	0	0	0	0	0	0	0	0	0	0	0	0	3	0	3	0	0	0	1
M00595:54:000000000-A7CT0:1:1117:20415:12234	0	0	0	0	0	0	0	0	0	0	0	0	0	1	1	1	0	0	0	0
M00595:42:000000000-A5J1T:1:1110:11611:7233	0	0	0	0	0	0	0	0	0	0	0	0	0	1	1	2	0	0	0	2
M01896:14:000000000-A7ERE:1:1112:9104:18257	0	0	0	0	0	0	0	0	0	0	0	0	0	2	1	0	0	0	0	0
M00595:54:000000000-A7CT0:1:1106:20389:17518	0	0	0	0	0	0	0	0	0	0	0	0	0	1	2	0	0	0	0	0
M01896:14:000000000-A7ERE:1:1115:25153:17239	0	0	0	0	0	0	0	0	0	0	0	0	0	2	0	0	0	0	0	0
M01896:14:000000000-A7ERE:1:1115:24325:19575	0	0	0	0	0	0	0	0	0	0	0	0	0	2	0	0	0	0	0	0
M00595:54:000000000-A7CT0:1:2118:13779:20415	0	0	0	0	0	0	0	0	0	0	0	0	0	2	3	1	0	0	0	1
M01896:14:000000000-A7ERE:1:2101:18238:20238	0	0	0	0	0	0	0	0	0	0	0	0	0	2	0	0	0	0	0	1
M01896:15:000000000-A7EN9:1:2110:6505:4910	0	0	0	0	0	0	0	0	0	0	0	0	0	2	3	2	0	0	0	1
M00595:54:000000000-A7CT0:1:1112:13312:9681	0	0	0	0	0	0	0	0	0	0	0	0	0	2	2	0	0	0	0	0
M01896:14:000000000-A7ERE:1:2103:9268:12769	0	0	0	0	0	0	0	0	0	0	0	0	0	3	1	5	0	0	0	0
M01896:14:000000000-A7ERE:1:2104:25617:16187	0	0	0	0	0	0	0	0	0	0	0	0	0	2	0	0	0	0	0	0
M01896:14:000000000-A7ERE:1:2105:13132:5687	0	0	0	0	0	0	0	0	0	0	0	0	0	2	0	1	0	0	0	1
M01896:15:000000000-A7EN9:1:1107:18101:3884	0	0	0	0	0	0	0	0	0	0	0	0	0	1	0	3	0	0	0	3
M01896:14:000000000-A7ERE:1:2105:14713:9092	0	0	0	0	0	0	0	0	0	0	0	0	0	1	1	0	0	0	0	0
M01896:15:000000000-A7EN9:1:1101:17768:24779	0	0	0	0	0	0	0	0	0	0	0	0	0	2	6	3	0	0	0	0
M01896:14:000000000-A7ERE:1:2107:25392:20843	0	0	0	0	0	0	0	0	0	0	0	0	0	2	0	0	0	0	0	0
M01896:14:000000000-A7ERE:1:2108:23329:9161	0	0	0	0	0	0	0	0	0	0	0	0	0	3	1	1	0	0	0	0
M00595:42:000000000-A5J1T:1:1114:23776:16845	0	0	0	0	0	0	0	0	0	0	0	0	0	1	0	0	4	1	4	5
M01896:14:000000000-A7ERE:1:2115:22848:24705	0	0	0	0	0	0	0	0	0	0	0	0	0	2	1	0	0	0	0	0
M01896:14:000000000-A7ERE:1:2116:11247:7001	0	0	0	0	0	0	0	0	0	0	0	0	0	2	0	0	0	0	0	0
M01896:14:000000000-A7ERE:1:1119:26176:7818	0	0	0	0	0	0	0	0	0	0	0	0	0	1	0	1	0	0	0	0
M00595:54:000000000-A7CT0:1:2106:12186:22750	0	0	0	0	0	0	0	0	0	0	0	0	0	1	3	2	0	0	0	0
M01896:15:000000000-A7EN9:1:1101:6688:22931	0	0	0	0	0	0	0	0	0	0	0	0	0	2	0	0	0	0	0	0
M01896:15:000000000-A7EN9:1:1102:5597:8553	0	0	0	0	0	0	0	0	0	0	0	0	0	2	0	0	0	0	0	0
M01896:15:000000000-A7EN9:1:1102:9860:18001	0	0	0	0	0	0	0	0	0	0	0	0	0	1	0	1	0	0	0	1
M01896:15:000000000-A7EN9:1:1104:6056:6647	0	0	0	0	0	0	0	0	0	0	0	0	0	2	1	0	0	0	0	1
M01896:15:000000000-A7EN9:1:1113:22667:2456	0	0	0	0	0	0	0	0	0	0	0	0	0	1	1	2	0	0	0	0
M01896:15:000000000-A7EN9:1:1112:5838:22367	0	0	0	0	0	0	0	0	0	0	0	0	0	2	0	0	0	0	0	0
M00595:42:000000000-A5J1T:1:2109:10618:12859	0	0	0	0	0	0	0	0	0	0	0	0	0	1	0	0	2	0	2	2
M01896:15:000000000-A7EN9:1:1116:19149:18710	0	0	0	0	0	0	0	0	0	0	0	0	0	1	1	0	0	0	0	0
M01896:15:000000000-A7EN9:1:2103:19384:20432	0	0	0	0	0	0	0	0	0	0	0	0	0	2	0	0	0	0	0	0
M01896:15:000000000-A7EN9:1:2104:22536:6544	0	0	0	0	0	0	0	0	0	0	0	0	0	2	0	0	0	0	0	0
M01896:15:000000000-A7EN9:1:2114:11842:13560	0	0	0	0	0	0	0	0	0	0	0	0	0	1	0	0	0	0	0	0
M01896:14:000000000-A7ERE:1:2118:9781:11132	0	0	0	0	0	0	0	0	0	0	0	0	0	2	0	2	0	0	0	0
M01896:15:000000000-A7EN9:1:2118:5885:21335	0	0	0	0	0	0	0	0	0	0	0	0	0	2	0	0	0	0	0	0
M01896:15:000000000-A7EN9:1:2119:12485:25035	0	0	0	0	0	0	0	0	0	0	0	0	0	2	0	0	0	0	0	0
M00595:54:000000000-A7CT0:1:1101:8571:13254	0	0	0	0	0	0	0	0	0	0	0	0	0	0	2	0	0	0	0	0
M00595:54:000000000-A7CT0:1:1103:18269:10497	0	0	0	0	0	0	0	0	0	0	0	0	0	0	2	0	0	0	0	0
M00595:54:000000000-A7CT0:1:1105:24508:13351	0	0	0	0	0	0	0	0	0	0	0	0	0	0	2	2	0	0	0	0
M00595:54:000000000-A7CT0:1:1105:22697:14300	0	0	0	0	0	0	0	0	0	0	0	0	0	0	2	0	0	0	0	0
M00595:54:000000000-A7CT0:1:1105:9598:14189	0	0	0	0	0	0	0	0	0	0	0	0	0	0	4	0	0	0	0	0
M00595:42:000000000-A5J1T:1:2114:18769:15771	0	0	0	0	0	0	0	0	0	0	0	0	0	0	1	0	0	0	0	2
M00595:54:000000000-A7CT0:1:1107:24796:5708	0	0	0	0	0	0	0	0	0	0	0	0	0	0	3	0	0	0	0	0
M00595:54:000000000-A7CT0:1:1112:14666:8689	0	0	0	0	0	0	0	0	0	0	0	0	0	0	2	0	0	0	0	0
M00595:54:000000000-A7CT0:1:1116:13260:4119	0	0	0	0	0	0	0	0	0	0	0	0	0	0	2	0	0	0	0	0
M00595:54:000000000-A7CT0:1:1117:23687:8302	0	0	0	0	0	0	0	0	0	0	0	0	0	0	2	1	0	0	0	0
M00595:54:000000000-A7CT0:1:1118:8579:13896	0	0	0	0	0	0	0	0	0	0	0	0	0	0	2	0	0	0	0	0
M00595:54:000000000-A7CT0:1:2102:18043:22044	0	0	0	0	0	0	0	0	0	0	0	0	0	0	2	0	0	0	0	0
M00595:54:000000000-A7CT0:1:2104:24332:10825	0	0	0	0	0	0	0	0	0	0	0	0	0	0	2	0	0	0	0	0
M00595:54:000000000-A7CT0:1:2104:16710:11721	0	0	0	0	0	0	0	0	0	0	0	0	0	0	2	0	0	0	0	0
M00595:54:000000000-A7CT0:1:2105:19295:6847	0	0	0	0	0	0	0	0	0	0	0	0	0	0	2	1	0	0	0	1
M00595:54:000000000-A7CT0:1:2111:11261:12375	0	0	0	0	0	0	0	0	0	0	0	0	0	0	2	0	0	0	0	0
M00595:54:000000000-A7CT0:1:2116:25209:11937	0	0	0	0	0	0	0	0	0	0	0	0	0	0	2	0	0	0	0	0
M00595:54:000000000-A7CT0:1:2117:17808:8888	0	0	0	0	0	0	0	0	0	0	0	0	0	0	1	0	0	0	0	0
M00595:42:000000000-A5J1T:1:1118:12850:15833	0	0	0	0	0	0	0	0	0	0	0	0	0	0	1	1	0	0	0	2
M00595:54:000000000-A7CT0:1:1105:16740:7158	0	0	0	0	0	0	0	0	0	0	0	0	0	0	2	0	0	0	0	1
M01896:14:000000000-A7ERE:1:1110:10788:19408	0	0	0	0	0	0	0	0	0	0	0	0	0	0	1	1	0	0	0	2
M00595:54:000000000-A7CT0:1:1106:14236:9835	0	0	0	0	0	0	0	0	0	0	0	0	0	0	3	0	0	0	0	1
M00595:54:000000000-A7CT0:1:1106:18441:10925	0	0	0	0	0	0	0	0	0	0	0	0	0	0	2	0	0	0	0	0
M00595:54:000000000-A7CT0:1:1108:16854:17434	0	0	0	0	0	0	0	0	0	0	0	0	0	0	2	0	0	0	0	0
M00595:54:000000000-A7CT0:1:1109:14468:21421	0	0	0	0	0	0	0	0	0	0	0	0	0	0	2	0	0	0	0	0
M00595:54:000000000-A7CT0:1:1113:13920:21116	0	0	0	0	0	0	0	0	0	0	0	0	0	0	2	0	0	0	0	0
M00595:42:000000000-A5J1T:1:2107:14894:9707	0	0	0	0	0	0	0	0	0	0	0	0	0	0	1	1	0	0	0	2
M00595:54:000000000-A7CT0:1:2105:23727:17259	0	0	0	0	0	0	0	0	0	0	0	0	0	0	3	0	0	0	0	0
M00595:54:000000000-A7CT0:1:2107:23247:3322	0	0	0	0	0	0	0	0	0	0	0	0	0	0	2	0	0	0	0	0
M00595:54:000000000-A7CT0:1:2108:17885:4337	0	0	0	0	0	0	0	0	0	0	0	0	0	0	1	2	0	0	0	0
M00595:54:000000000-A7CT0:1:2111:21671:16921	0	0	0	0	0	0	0	0	0	0	0	0	0	0	2	0	0	0	0	0
M00595:54:000000000-A7CT0:1:2112:17989:21083	0	0	0	0	0	0	0	0	0	0	0	0	0	0	2	0	0	0	0	0
M00595:54:000000000-A7CT0:1:2113:14256:17299	0	0	0	0	0	0	0	0	0	0	0	0	0	0	3	1	0	0	0	0
M00595:54:000000000-A7CT0:1:2117:20147:19301	0	0	0	0	0	0	0	0	0	0	0	0	0	0	2	0	0	0	0	0
M00595:54:000000000-A7CT0:1:2118:16641:20078	0	0	0	0	0	0	0	0	0	0	0	0	0	0	2	1	0	0	0	0
M01896:14:000000000-A7ERE:1:1102:23601:7840	0	0	0	0	0	0	0	0	0	0	0	0	0	0	0	2	0	0	0	0
M01896:14:000000000-A7ERE:1:1104:17016:16575	0	0	0	0	0	0	0	0	0	0	0	0	0	0	0	2	0	0	0	0
M01896:15:000000000-A7EN9:1:2106:9190:19369	0	0	0	0	0	0	0	0	0	0	0	0	0	0	0	3	0	0	0	0
M00595:42:000000000-A5J1T:1:1117:15731:11320	0	0	0	0	0	0	0	0	0	0	0	0	0	0	0	1	0	0	0	1
M01896:14:000000000-A7ERE:1:1113:9901:8217	0	0	0	0	0	0	0	0	0	0	0	0	0	0	0	2	0	0	0	0
M01896:14:000000000-A7ERE:1:1113:9782:19948	0	0	0	0	0	0	0	0	0	0	0	0	0	0	0	1	0	0	0	0
M00595:42:000000000-A5J1T:1:2111:10106:18519	0	0	0	0	0	0	0	0	0	0	0	0	0	0	0	2	0	0	2	2
M01896:14:000000000-A7ERE:1:2101:8886:22955	0	0	0	0	0	0	0	0	0	0	0	0	0	0	0	2	0	0	0	1
M01896:15:000000000-A7EN9:1:1101:17313:17277	0	0	0	0	0	0	0	0	0	0	0	0	0	0	0	2	0	0	0	0
M01896:14:000000000-A7ERE:1:2103:7303:13824	0	0	0	0	0	0	0	0	0	0	0	0	0	0	0	2	0	0	0	0
M01896:14:000000000-A7ERE:1:2104:22717:20639	0	0	0	0	0	0	0	0	0	0	0	0	0	0	0	1	0	0	0	0
M01896:14:000000000-A7ERE:1:2117:16956:13951	0	0	0	0	0	0	0	0	0	0	0	0	0	0	0	2	0	0	0	0
M01896:15:000000000-A7EN9:1:1103:15962:23725	0	0	0	0	0	0	0	0	0	0	0	0	0	0	0	2	0	0	0	0
M01896:15:000000000-A7EN9:1:1112:28946:9994	0	0	0	0	0	0	0	0	0	0	0	0	0	0	0	2	0	0	0	0
M01896:15:000000000-A7EN9:1:1111:10870:12670	0	0	0	0	0	0	0	0	0	0	0	0	0	0	0	1	0	0	0	0
M01896:15:000000000-A7EN9:1:1114:8892:14079	0	0	0	0	0	0	0	0	0	0	0	0	0	0	0	2	0	0	0	0
M01896:15:000000000-A7EN9:1:1116:16548:4789	0	0	0	0	0	0	0	0	0	0	0	0	0	0	0	2	0	0	0	0
M00595:42:000000000-A5J1T:1:1108:16260:15202	0	0	0	0	0	0	0	0	0	0	0	0	0	0	0	3	0	0	0	1
M01896:15:000000000-A7EN9:1:1118:13776:8359	0	0	0	0	0	0	0	0	0	0	0	0	0	0	0	2	0	0	0	1
M01896:15:000000000-A7EN9:1:2102:11079:22220	0	0	0	0	0	0	0	0	0	0	0	0	0	0	0	1	0	0	0	0
M01896:15:000000000-A7EN9:1:2103:15511:23631	0	0	0	0	0	0	0	0	0	0	0	0	0	0	0	2	0	0	0	0
M01896:15:000000000-A7EN9:1:2111:9532:16269	0	0	0	0	0	0	0	0	0	0	0	0	0	0	0	2	0	0	0	0
M00595:42:000000000-A5J1T:1:2112:17495:11035	0	0	0	0	0	0	0	0	0	0	0	0	0	0	0	1	0	0	0	2
M01896:15:000000000-A7EN9:1:2117:2523:13971	0	0	0	0	0	0	0	0	0	0	0	0	0	0	0	2	0	0	0	0
M01896:14:000000000-A7ERE:1:1102:4289:10586	0	0	0	0	0	0	0	0	0	0	0	0	0	0	0	3	0	0	0	0
M01896:14:000000000-A7ERE:1:1103:22412:4295	0	0	0	0	0	0	0	0	0	0	0	0	0	0	0	2	0	0	0	0
M01896:14:000000000-A7ERE:1:1111:9777:8611	0	0	0	0	0	0	0	0	0	0	0	0	0	0	0	2	0	0	0	0
M01896:14:000000000-A7ERE:1:1116:25666:12693	0	0	0	0	0	0	0	0	0	0	0	0	0	0	0	2	0	0	0	0
M01896:14:000000000-A7ERE:1:2102:10917:16105	0	0	0	0	0	0	0	0	0	0	0	0	0	0	0	2	0	0	0	0
M01896:14:000000000-A7ERE:1:2103:23440:5128	0	0	0	0	0	0	0	0	0	0	0	0	0	0	0	2	0	0	0	0
M01896:14:000000000-A7ERE:1:2109:25991:7087	0	0	0	0	0	0	0	0	0	0	0	0	0	0	0	2	0	0	0	0
M01896:14:000000000-A7ERE:1:2114:17774:15396	0	0	0	0	0	0	0	0	0	0	0	0	0	0	0	1	0	0	0	0
M01896:14:000000000-A7ERE:1:2118:7581:5823	0	0	0	0	0	0	0	0	0	0	0	0	0	0	0	2	0	0	0	0
M01896:15:000000000-A7EN9:1:1102:11970:4241	0	0	0	0	0	0	0	0	0	0	0	0	0	0	0	2	0	0	0	0
M01896:15:000000000-A7EN9:1:1113:16006:20697	0	0	0	0	0	0	0	0	0	0	0	0	0	0	0	2	0	0	0	0
M01896:15:000000000-A7EN9:1:1114:12146:18994	0	0	0	0	0	0	0	0	0	0	0	0	0	0	0	2	0	0	0	0
M01896:15:000000000-A7EN9:1:2104:27490:12562	0	0	0	0	0	0	0	0	0	0	0	0	0	0	0	2	0	0	0	0
M00595:42:000000000-A5J1T:1:2114:8082:16524	0	0	0	0	0	0	0	0	0	0	0	0	0	0	0	1	0	0	0	2
M01896:15:000000000-A7EN9:1:2104:8357:17335	0	0	0	0	0	0	0	0	0	0	0	0	0	0	0	2	0	0	0	0
M01896:15:000000000-A7EN9:1:2107:12041:15159	0	0	0	0	0	0	0	0	0	0	0	0	0	0	0	1	0	0	0	1
M01896:15:000000000-A7EN9:1:2116:12352:23493	0	0	0	0	0	0	0	0	0	0	0	0	0	0	0	2	0	0	0	0
M00595:42:000000000-A5J1T:1:2111:22307:3785	0	0	0	0	0	0	0	0	0	0	0	0	0	0	0	0	2	0	2	2
M00595:42:000000000-A5J1T:1:1104:19300:3637	0	0	0	0	0	0	0	0	0	0	0	0	0	0	0	0	2	0	2	2
M00595:42:000000000-A5J1T:1:2112:19003:18043	0	0	0	0	0	0	0	0	0	0	0	0	0	0	0	0	2	0	0	3
M00595:42:000000000-A5J1T:1:2110:7790:20041	0	0	0	0	0	0	0	0	0	0	0	0	0	0	0	0	2	0	2	2
M00595:42:000000000-A5J1T:1:1101:5305:13096	0	0	0	0	0	0	0	0	0	0	0	0	0	0	0	0	2	0	2	2
M00595:42:000000000-A5J1T:1:2113:12894:17352	0	0	0	0	0	0	0	0	0	0	0	0	0	0	0	0	2	0	2	2
M00595:42:000000000-A5J1T:1:2109:14719:13677	0	0	0	0	0	0	0	0	0	0	0	0	0	0	0	0	2	1	2	2
M00595:42:000000000-A5J1T:1:2111:15772:20007	0	0	0	0	0	0	0	0	0	0	0	0	0	0	0	0	2	0	2	2
M00595:42:000000000-A5J1T:1:1104:12438:3677	0	0	0	0	0	0	0	0	0	0	0	0	0	0	0	0	2	0	2	2
M00595:42:000000000-A5J1T:1:1110:17424:5188	0	0	0	0	0	0	0	0	0	0	0	0	0	0	0	0	2	0	0	2
M00595:42:000000000-A5J1T:1:2113:15993:19251	0	0	0	0	0	0	0	0	0	0	0	0	0	0	0	0	0	0	4	1
M00595:42:000000000-A5J1T:1:2105:17326:15843	0	0	0	0	0	0	0	0	0	0	0	0	0	0	0	0	0	0	2	2
M00595:42:000000000-A5J1T:1:2112:19979:17761	0	0	0	0	0	0	0	0	0	0	0	0	0	0	0	0	0	0	2	2
M00595:42:000000000-A5J1T:1:2114:18962:19857	0	0	0	0	0	0	0	0	0	0	0	0	0	0	0	0	0	0	2	2
M00595:42:000000000-A5J1T:1:1102:23139:11571	0	0	0	0	0	0	0	0	0	0	0	0	0	0	0	0	0	0	2	2
M00595:42:000000000-A5J1T:1:1108:20385:11592	0	0	0	0	0	0	0	0	0	0	0	0	0	0	0	0	0	0	2	2
M00595:42:000000000-A5J1T:1:2108:25316:10484	0	0	0	0	0	0	0	0	0	0	0	0	0	0	0	0	0	0	2	2
M00595:42:000000000-A5J1T:1:2106:10049:15387	0	0	0	0	0	0	0	0	0	0	0	0	0	0	0	0	0	0	2	2
M00595:42:000000000-A5J1T:1:1119:24227:4900	0	0	0	0	0	0	0	0	0	0	0	0	0	0	0	0	0	0	2	2
M00595:42:000000000-A5J1T:1:2108:9367:20600	0	0	0	0	0	0	0	0	0	0	0	0	0	0	0	0	0	0	2	2
M00595:42:000000000-A5J1T:1:1101:17008:13292	0	0	0	0	0	0	0	0	0	0	0	0	0	0	0	0	0	0	2	2
M00595:42:000000000-A5J1T:1:2101:15341:3590	0	0	0	0	0	0	0	0	0	0	0	0	0	0	0	0	0	0	2	2
M00595:42:000000000-A5J1T:1:2107:8650:8779	0	0	0	0	0	0	0	0	0	0	0	0	0	0	0	0	0	0	2	2
M00595:42:000000000-A5J1T:1:2118:5951:14361	0	0	0	0	0	0	0	0	0	0	0	0	0	0	0	0	0	0	2	2
M00595:42:000000000-A5J1T:1:2107:9781:19946	0	0	0	0	0	0	0	0	0	0	0	0	0	0	0	0	0	0	2	2
M00595:42:000000000-A5J1T:1:1115:10945:9616	0	0	0	0	0	0	0	0	0	0	0	0	0	0	0	0	0	0	2	2
M00595:42:000000000-A5J1T:1:1117:11386:21018	0	0	0	0	0	0	0	0	0	0	0	0	0	0	0	0	0	0	2	2
M00595:42:000000000-A5J1T:1:2112:13123:24559	0	0	0	0	0	0	0	0	0	0	0	0	0	0	0	0	0	0	2	2
M00595:42:000000000-A5J1T:1:1118:22025:10884	0	0	0	0	0	0	0	0	0	0	0	0	0	0	0	0	0	0	2	2
M00595:42:000000000-A5J1T:1:1103:18871:8576	0	0	0	0	0	0	0	0	0	0	0	0	0	0	0	0	0	0	0	1
M00595:42:000000000-A5J1T:1:2102:7041:18317	0	0	0	0	0	0	0	0	0	0	0	0	0	0	0	0	0	0	0	2
M00595:42:000000000-A5J1T:1:1107:10861:10693	0	0	0	0	0	0	0	0	0	0	0	0	0	0	0	0	0	0	0	2
M00595:42:000000000-A5J1T:1:1108:9595:4452	0	0	0	0	0	0	0	0	0	0	0	0	0	0	0	0	0	0	0	1
M00595:42:000000000-A5J1T:1:1111:5592:6582	0	0	0	0	0	0	0	0	0	0	0	0	0	0	0	0	0	0	0	2
M00595:42:000000000-A5J1T:1:1113:11422:12333	0	0	0	0	0	0	0	0	0	0	0	0	0	0	0	0	0	0	0	2
M00595:42:000000000-A5J1T:1:2118:16867:6098	0	0	0	0	0	0	0	0	0	0	0	0	0	0	0	0	0	0	0	2
M00595:42:000000000-A5J1T:1:2103:14501:19697	0	0	0	0	0	0	0	0	0	0	0	0	0	0	0	0	0	0	0	2
M00595:42:000000000-A5J1T:1:2104:17633:7459	0	0	0	0	0	0	0	0	0	0	0	0	0	0	0	0	0	0	0	2
M00595:42:000000000-A5J1T:1:2109:21466:22428	0	0	0	0	0	0	0	0	0	0	0	0	0	0	0	0	0	0	0	2
M00595:42:000000000-A5J1T:1:2112:26648:14458	0	0	0	0	0	0	0	0	0	0	0	0	0	0	0	0	0	0	0	2
M00595:42:000000000-A5J1T:1:2116:5625:10138	0	0	0	0	0	0	0	0	0	0	0	0	0	0	0	0	0	0	0	2
M00595:42:000000000-A5J1T:1:2116:7799:12973	0	0	0	0	0	0	0	0	0	0	0	0	0	0	0	0	0	0	0	2
M00595:42:000000000-A5J1T:1:1105:20027:3001	0	0	0	0	0	0	0	0	0	0	0	0	0	0	0	0	0	0	0	2
M00595:42:000000000-A5J1T:1:1115:13977:10628	0	0	0	0	0	0	0	0	0	0	0	0	0	0	0	0	0	0	0	2
M00595:42:000000000-A5J1T:1:1117:8287:2061	0	0	0	0	0	0	0	0	0	0	0	0	0	0	0	0	0	0	0	2
M00595:42:000000000-A5J1T:1:1117:7059:11438	0	0	0	0	0	0	0	0	0	0	0	0	0	0	0	0	0	0	0	2
M00595:42:000000000-A5J1T:1:1117:7952:13913	0	0	0	0	0	0	0	0	0	0	0	0	0	0	0	0	0	0	0	2
M00595:42:000000000-A5J1T:1:1117:8544:16403	0	0	0	0	0	0	0	0	0	0	0	0	0	0	0	0	0	0	0	2
M00595:42:000000000-A5J1T:1:2113:21814:17010	0	0	0	0	0	0	0	0	0	0	0	0	0	0	0	0	0	0	0	3
M00595:42:000000000-A5J1T:1:2104:19108:19319	0	0	0	0	0	0	0	0	0	0	0	0	0	0	0	0	0	0	0	2
M00595:42:000000000-A5J1T:1:2105:6261:4384	0	0	0	0	0	0	0	0	0	0	0	0	0	0	0	0	0	0	0	2
M00595:42:000000000-A5J1T:1:2112:14455:10198	0	0	0	0	0	0	0	0	0	0	0	0	0	0	0	0	0	0	0	2
M00595:42:000000000-A5J1T:1:2114:6826:12540	0	0	0	0	0	0	0	0	0	0	0	0	0	0	0	0	0	0	0	2
M00595:42:000000000-A5J1T:1:2115:28090:8268	0	0	0	0	0	0	0	0	0	0	0	0	0	0	0	0	0	0	0	2
M00595:42:000000000-A5J1T:1:2116:5350:17840	0	0	0	0	0	0	0	0	0	0	0	0	0	0	0	0	0	0	0	2
M00595:42:000000000-A5J1T:1:2118:15636:20340	0	0	0	0	0	0	0	0	0	0	0	0	0	0	0	0	0	0	0	2
