#OTU ID	S13D7.MID110-110.P3.jan14_ncdenovo	P3D7.MID46-47.P1.apr13_ncdenovo	S13D7.MID95-95.P1.dec13_ncdenovo	S13D7.MID109-109.P1.jan14_ncdenovo	S13D7.MID101-101.P1.nov13_ncdenovo	S13D7.MID95-95.P1.dec13_otuclust	S13D7.MID101-101.P1.nov13_otuclust	P3D7.MID46-47.P1.apr13_otuclust	S13D7.MID109-109.P1.jan14_otuclust	S13D7.MID110-110.P3.jan14_otuclust	S13D7.MID110-110.P3.jan14_ncref	S13D7.MID95-95.P1.dec13_ncref	S13D7.MID109-109.P1.jan14_ncref	P3D7.MID46-47.P1.apr13_ncref	S13D7.MID101-101.P1.nov13_ncref	S13D7.MID110-110.P3.jan14	S13D7.MID109-109.P1.jan14	S13D7.MID101-101.P1.nov13	P3D7.MID46-47.P1.apr13	S13D7.MID95-95.P1.dec13
M01896:14:000000000-A7ERE:1:1117:17493:9488	1092	289	563	1031	1099	1	1	1	1	1	1092	563	1031	289	1099	2019	1968	1917	604	1176
M01896:2:000000000-A69JN:1:1102:12111:14329	510	118	431	487	656	1	1	1	1	1	510	431	487	118	656	1038	1094	1244	273	922
M01896:14:000000000-A7ERE:1:2116:14821:21832	714	143	300	633	1282	1	1	1	1	1	714	300	633	143	1282	1200	1159	2054	308	611
M00595:54:000000000-A7CT0:1:2113:19379:13810	719	198	549	1468	2049	1	1	1	1	1	719	549	1468	198	2049	1163	2413	3006	356	945
M01896:15:000000000-A7EN9:1:2117:24837:7459	512	185	324	538	399	1	1	1	1	1	512	324	538	185	399	855	943	723	328	597
M00595:54:000000000-A7CT0:1:1108:17828:14764	551	159	356	694	1674	1	1	1	1	1	551	356	694	159	1674	958	1297	2487	305	631
M01896:2:000000000-A69JN:1:1106:10036:5574	662	182	341	548	747	1	1	1	1	1	662	341	548	182	747	1266	1097	1242	365	690
M01896:15:000000000-A7EN9:1:1113:18156:6009	475	105	238	887	760	1	1	1	1	1	475	238	887	105	760	873	1625	1333	229	550
M00595:54:000000000-A7CT0:1:1118:10357:17710	49	27	35	47	53	1	1	1	1	1	49	35	47	27	53	119	123	128	65	80
M00595:54:000000000-A7CT0:1:2109:12807:9008	83	47	13	73	28	1	1	1	1	1	85	13	73	47	28	241	244	99	126	50
M01896:2:000000000-A69JN:1:2108:10660:21238	98	49	41	102	144	1	1	1	1	1	98	41	102	49	144	288	319	366	139	156
M01896:15:000000000-A7EN9:1:1104:4826:10019	284	131	158	282	327	1	1	1	1	1	282	158	282	131	327	551	557	605	256	337
M01896:14:000000000-A7ERE:1:1107:5396:11262	49	60	22	76	93	1	1	1	1	1	49	22	76	60	93	113	175	223	146	65
M01896:14:000000000-A7ERE:1:1103:25376:6175	385	120	217	375	375	1	1	1	1	1	385	217	375	120	375	759	785	750	284	467
M01896:15:000000000-A7EN9:1:1111:13958:24300	396	121	199	350	615	1	1	1	1	1	394	199	350	121	615	724	700	1127	276	425
M01896:2:000000000-A69JN:1:1107:14655:24468	162	108	146	193	669	1	1	1	1	1	162	146	193	108	669	620	736	1775	292	451
M01896:14:000000000-A7ERE:1:1106:18179:11015	191	83	96	154	235	1	1	1	1	1	191	96	154	83	235	408	379	522	182	220
M01896:14:000000000-A7ERE:1:1112:6257:4532	312	134	170	326	255	1	1	1	1	1	312	170	326	134	255	589	670	477	259	402
M00595:54:000000000-A7CT0:1:1119:25019:15779	299	78	146	412	416	1	1	1	1	1	299	146	412	78	416	687	932	873	176	390
M01896:2:000000000-A69JN:1:1116:24996:17776	276	89	151	228	542	1	1	1	1	1	276	149	228	89	542	559	462	1162	214	352
M01896:2:000000000-A69JN:1:2113:20233:5335	319	147	212	256	453	1	1	1	1	1	319	212	256	147	453	590	550	836	293	451
M01896:14:000000000-A7ERE:1:2117:2856:11558	255	92	68	298	623	1	1	1	1	1	255	68	298	92	623	484	608	1057	200	169
M01896:14:000000000-A7ERE:1:1107:16089:13717	149	63	100	171	201	1	1	1	1	1	149	100	171	63	201	383	379	431	139	239
M01896:2:000000000-A69JN:1:2103:24247:5752	59	75	44	66	67	1	1	1	1	1	59	44	66	75	67	227	258	228	206	149
M01896:2:000000000-A69JN:1:2115:24575:13627	182	75	158	321	340	1	1	1	1	1	182	158	321	75	340	344	659	613	148	315
M00595:42:000000000-A5J1T:1:1118:23443:12109	198	81	113	224	245	1	1	1	1	1	198	113	224	81	245	456	515	484	178	304
M00595:42:000000000-A5J1T:1:2119:4751:12624	344	119	206	453	551	1	1	1	1	1	344	206	453	119	551	810	1043	1148	275	536
M00595:42:000000000-A5J1T:1:2109:4400:18210	187	53	112	183	348	1	1	1	1	1	187	112	183	53	348	431	399	677	141	242
M01896:15:000000000-A7EN9:1:2104:4379:6102	175	105	92	209	143	1	1	1	1	1	175	92	209	105	143	391	464	304	205	226
M01896:15:000000000-A7EN9:1:1114:17837:15525	173	77	106	158	472	1	1	1	1	1	173	106	158	77	472	415	431	1118	196	255
M00595:42:000000000-A5J1T:1:2105:18474:13703	133	56	78	159	292	1	1	1	1	1	133	78	159	56	292	305	381	576	127	182
M01896:15:000000000-A7EN9:1:1113:29073:16432	121	33	39	102	124	1	1	1	1	1	121	39	102	33	124	321	278	333	85	138
M01896:2:000000000-A69JN:1:1117:17278:2546	11	10	14	12	40	1	1	1	1	1	11	14	12	10	40	33	45	80	21	35
M01896:2:000000000-A69JN:1:1118:25047:15188	160	64	77	164	249	1	1	1	1	1	160	77	164	64	249	380	422	583	128	193
M01896:2:000000000-A69JN:1:1111:23673:3749	158	65	74	140	191	1	1	1	1	1	158	74	140	65	191	371	371	459	162	211
M01896:14:000000000-A7ERE:1:1117:9172:16535	97	52	67	82	586	1	1	1	1	1	99	67	82	52	586	239	228	1027	121	187
M00595:54:000000000-A7CT0:1:1105:12413:15187	193	76	86	163	244	1	1	1	1	1	193	86	163	76	244	538	472	599	245	234
M01896:2:000000000-A69JN:1:2112:15940:4616	40	18	15	38	125	1	1	1	1	1	40	15	38	18	125	138	142	299	53	58
M01896:14:000000000-A7ERE:1:1105:13034:14024	150	83	85	139	178	1	1	1	1	1	150	85	139	83	178	373	381	377	186	227
	26	26	15	16	57	2	2	1	2	2	22	15	14	26	57	89	130	217	101	70
M01896:2:000000000-A69JN:1:2109:23909:21855	188	105	100	112	165	1	1	1	1	1	188	100	112	105	165	447	330	426	220	215
M00595:54:000000000-A7CT0:1:1114:14316:3012	119	68	87	99	159	1	1	1	1	1	119	87	99	68	159	312	236	331	152	210
M00595:42:000000000-A5J1T:1:1110:21963:15039	23	26	64	25	410	1	0	1	1	1	23	64	25	26	410	74	74	391	116	66
M00595:42:000000000-A5J1T:1:2108:24071:12989	10	11	6	13	8	1	1	1	1	1	10	6	13	11	8	32	38	29	32	15
M01896:2:000000000-A69JN:1:2109:4217:19442	239	66	78	99	242	1	1	1	1	1	237	78	99	66	242	516	272	502	164	192
M01896:2:000000000-A69JN:1:1109:23487:14023	210	96	86	135	394	1	1	1	1	1	210	86	137	96	394	445	305	712	187	218
M00595:54:000000000-A7CT0:1:2103:21116:2958	240	25	81	170	275	1	1	1	1	1	240	81	170	25	275	446	336	501	54	159
M01896:15:000000000-A7EN9:1:2111:26166:10514	200	95	147	167	324	1	1	1	1	1	200	147	167	95	324	426	376	619	205	326
M00595:42:000000000-A5J1T:1:2118:15286:19005	7	18	9	9	20	1	1	1	1	1	7	9	9	18	20	21	41	39	40	15
M01896:14:000000000-A7ERE:1:2110:12975:10001	133	34	47	192	90	1	1	1	1	1	135	47	192	34	90	347	486	276	107	165
M01896:14:000000000-A7ERE:1:1107:25121:20449	5	0	0	0	0	0	0	0	0	1	2	0	0	0	0	13	2	1	2	4
M01896:14:000000000-A7ERE:1:2117:13444:20401	2	0	0	0	0	0	0	0	0	0	0	0	0	0	0	3	1	0	0	0
M01896:14:000000000-A7ERE:1:1101:10088:20463	2	0	0	0	0	0	0	0	0	0	0	0	0	0	0	3	0	0	0	0
M01896:15:000000000-A7EN9:1:1101:15068:22713	4	0	0	0	0	0	0	0	0	0	2	0	0	0	0	4	0	0	0	0
M01896:14:000000000-A7ERE:1:2118:23415:7375	2	0	2	0	0	0	0	0	0	0	2	2	0	0	0	3	0	0	0	3
M01896:14:000000000-A7ERE:1:1112:3844:19709	2	0	0	0	0	0	0	0	0	0	2	0	0	0	0	2	0	0	0	0
M01896:15:000000000-A7EN9:1:1112:6392:3634	2	0	0	0	0	0	0	0	0	1	0	0	0	0	0	2	0	0	0	0
M01896:15:000000000-A7EN9:1:2104:27318:19799	4	2	0	2	2	0	0	0	0	0	4	0	2	2	2	9	6	2	3	8
M01896:14:000000000-A7ERE:1:1114:22320:11276	2	0	0	0	0	0	0	0	0	1	2	0	0	0	0	2	1	0	0	0
M01896:15:000000000-A7EN9:1:2101:17864:10189	2	0	0	0	0	0	0	0	0	1	2	0	0	0	0	3	0	0	0	0
M01896:14:000000000-A7ERE:1:2104:27431:16007	2	0	0	0	0	0	0	0	0	0	0	0	0	0	0	3	0	0	0	0
M01896:15:000000000-A7EN9:1:2115:9338:5558	2	0	0	0	0	0	0	0	0	0	2	0	0	0	0	2	0	0	0	0
M01896:14:000000000-A7ERE:1:1107:8289:16108	2	0	0	0	0	0	0	0	0	0	2	0	0	0	0	1	0	0	0	0
M00595:42:000000000-A5J1T:1:2102:8288:19048	0	2	0	0	0	0	0	1	0	0	0	0	0	2	0	0	0	0	2	0
M01896:15:000000000-A7EN9:1:1114:24615:14175	0	2	0	0	0	0	0	1	0	0	0	0	0	2	0	0	1	0	2	0
M00595:42:000000000-A5J1T:1:2113:12144:10781	0	2	0	0	0	0	0	0	0	0	0	0	0	2	0	1	1	0	3	2
M00595:42:000000000-A5J1T:1:2116:18711:6185	0	2	0	0	0	0	0	1	0	0	0	0	0	2	0	0	2	0	2	0
M00595:54:000000000-A7CT0:1:2111:8505:15885	0	0	3	0	0	0	0	0	0	0	0	3	0	0	0	0	1	0	0	3
M00595:54:000000000-A7CT0:1:2116:17491:18990	0	0	3	0	0	1	0	0	0	0	0	3	0	0	0	0	0	0	0	3
M01896:14:000000000-A7ERE:1:2116:9083:17851	0	0	2	0	2	1	2	0	0	0	0	2	0	0	2	1	3	222	2	32
M00595:54:000000000-A7CT0:1:2104:21423:11944	0	0	2	0	0	0	0	0	0	0	0	2	0	0	0	0	0	0	0	2
M00595:54:000000000-A7CT0:1:1109:22311:3862	0	0	2	0	0	0	0	0	0	0	0	2	0	0	0	0	0	0	0	2
M00595:54:000000000-A7CT0:1:1117:10209:13850	0	0	2	0	0	0	0	0	0	0	0	2	0	0	0	0	0	0	0	2
M01896:15:000000000-A7EN9:1:2110:15413:13587	0	0	2	2	0	0	0	0	0	0	0	2	2	0	0	2	7	1	0	6
M00595:54:000000000-A7CT0:1:1104:18894:9578	0	0	2	0	0	0	0	0	0	0	0	2	0	0	0	0	0	0	0	2
M00595:54:000000000-A7CT0:1:2117:15608:6529	0	0	2	0	0	1	0	0	0	0	0	2	0	0	0	0	0	0	0	2
M00595:54:000000000-A7CT0:1:2116:8469:12215	0	0	4	0	0	0	0	0	0	0	0	4	0	0	0	1	1	0	0	4
M01896:2:000000000-A69JN:1:2110:28406:17055	0	0	0	8	12	0	1	0	1	0	0	0	8	0	12	5	27	26	9	5
M01896:14:000000000-A7ERE:1:1109:10046:24264	0	0	0	3	0	0	0	0	1	0	0	0	3	0	0	0	5	0	0	0
M01896:14:000000000-A7ERE:1:1111:15897:11385	0	0	0	2	0	0	0	0	0	0	0	0	0	0	0	1	2	0	0	0
M01896:14:000000000-A7ERE:1:1102:13425:22783	0	0	0	2	0	0	0	0	0	0	0	0	2	0	0	4	4	0	1	3
M00595:54:000000000-A7CT0:1:1109:19490:16255	0	0	0	2	0	0	0	0	0	0	0	0	2	0	0	7	3	1	1	4
M01896:15:000000000-A7EN9:1:1113:8769:6947	0	0	0	2	0	0	0	0	0	0	0	0	2	0	0	0	2	0	0	0
M01896:15:000000000-A7EN9:1:2105:24258:17757	0	0	0	2	0	0	0	0	0	0	0	0	2	0	0	0	2	0	0	0
M01896:15:000000000-A7EN9:1:2109:16063:20478	0	0	0	2	0	0	0	0	0	0	0	0	2	0	0	0	2	1	0	0
M01896:15:000000000-A7EN9:1:1113:13292:13209	0	0	0	2	0	0	0	0	1	0	0	0	0	0	0	1	5	0	0	0
M01896:14:000000000-A7ERE:1:1114:7191:6112	0	0	0	2	0	0	0	0	1	0	0	0	2	0	0	0	3	0	0	0
M01896:14:000000000-A7ERE:1:1118:19677:11650	0	0	0	2	0	0	0	0	0	0	0	0	2	0	0	0	1	0	0	0
M01896:2:000000000-A69JN:1:1118:25611:17371	0	0	0	0	229	0	0	0	0	0	0	0	0	0	0	0	0	1	0	0
M01896:2:000000000-A69JN:1:1102:20206:14491	0	0	0	0	128	0	0	0	0	0	0	0	0	0	0	0	0	1	0	0
M01896:2:000000000-A69JN:1:2101:26049:5505	0	0	0	0	7	0	0	0	0	0	0	0	0	0	7	0	1	10	0	1
M01896:2:000000000-A69JN:1:2119:22324:12385	0	0	0	0	2	0	0	0	0	0	0	0	0	0	2	0	0	4	0	0
M01896:2:000000000-A69JN:1:1114:22284:19310	0	0	0	0	2	0	1	0	0	0	0	0	0	0	2	0	0	3	0	0
M01896:2:000000000-A69JN:1:2112:13811:24398	0	0	0	0	2	0	0	0	0	0	0	0	0	0	2	0	0	6	0	0
M01896:14:000000000-A7ERE:1:2110:2544:14636	0	0	0	0	2	0	0	0	0	0	0	0	0	0	2	1	0	10	0	1
M01896:2:000000000-A69JN:1:1107:10277:20539	0	0	0	0	2	0	1	0	0	0	0	0	0	0	2	4	2	27	7	5
M01896:2:000000000-A69JN:1:2105:16065:18307	0	0	0	0	2	0	0	0	0	0	0	0	0	0	2	0	0	2	0	0
M01896:2:000000000-A69JN:1:1114:4821:14515	0	0	0	0	2	0	0	0	0	0	0	0	0	0	2	0	0	2	0	0
M01896:2:000000000-A69JN:1:2118:16841:5470	0	0	0	0	2	0	0	0	0	0	0	0	0	0	2	0	0	2	0	0
M01896:2:000000000-A69JN:1:1105:26230:6329	0	0	0	0	2	0	0	0	0	0	0	0	0	0	2	1	0	3	0	1
M01896:2:000000000-A69JN:1:2105:15850:10486	0	0	0	0	2	0	0	0	0	0	0	0	0	0	2	2	1	2	0	0
M01896:2:000000000-A69JN:1:2116:24325:10918	0	0	0	0	2	0	0	0	0	0	0	0	0	0	2	0	0	2	0	0
M01896:2:000000000-A69JN:1:2107:3995:13497	0	0	0	0	2	0	1	0	0	0	0	0	0	0	2	0	0	10	0	0
M01896:14:000000000-A7ERE:1:2103:13116:22552	0	0	0	0	2	0	0	0	0	0	0	0	0	0	2	1	0	3	0	0
M01896:2:000000000-A69JN:1:2105:25239:7436	0	0	0	0	2	0	1	0	0	0	0	0	0	0	0	3	0	2	0	0
M01896:2:000000000-A69JN:1:1102:14788:20834	0	0	0	0	2	0	0	0	0	0	0	0	0	0	0	0	0	1	0	0
M01896:2:000000000-A69JN:1:2119:18090:20179	0	0	0	0	2	0	1	0	0	0	0	0	0	0	2	4	7	19	1	3
M01896:2:000000000-A69JN:1:2102:13048:19235	0	0	0	0	2	0	0	0	0	0	0	0	0	0	7	2	2	59	0	16
M01896:2:000000000-A69JN:1:2117:20539:14796	0	0	0	0	2	0	0	0	0	0	0	0	0	0	0	0	0	1	0	0
M01896:15:000000000-A7EN9:1:1102:4477:12790	0	0	0	0	0	0	0	0	0	1	0	0	0	0	0	2	0	0	0	0
M01896:14:000000000-A7ERE:1:1115:11672:10665	0	0	0	0	0	0	0	0	0	1	2	0	0	0	0	3	1	0	0	0
M01896:15:000000000-A7EN9:1:1111:23307:7949	0	0	0	0	0	0	0	0	0	0	37	0	32	0	0	1	1	0	0	0
M01896:14:000000000-A7ERE:1:1116:11632:10716	0	0	0	0	0	0	0	0	0	0	3	2	0	0	0	6	6	0	0	3
M01896:14:000000000-A7ERE:1:2113:26298:11287	0	0	0	0	0	0	0	0	0	0	5	2	0	0	2	9	10	6	2	5
M01896:14:000000000-A7ERE:1:1110:12012:6968	0	0	0	0	0	0	0	0	0	0	2	0	0	0	0	9	1	0	0	4
M01896:15:000000000-A7EN9:1:2109:26040:12912	0	0	0	0	0	0	0	0	0	0	2	0	0	0	0	2	0	0	0	0
M01896:15:000000000-A7EN9:1:2115:3354:9520	0	0	0	0	0	0	0	0	0	0	2	0	0	0	0	4	0	0	0	1
M01896:14:000000000-A7ERE:1:2109:23395:8751	0	0	0	0	0	0	0	0	0	0	2	0	0	0	0	2	0	1	0	1
M01896:14:000000000-A7ERE:1:1117:11168:21643	0	0	0	0	0	0	0	0	0	0	2	0	0	0	0	2	0	0	0	0
M01896:15:000000000-A7EN9:1:2104:11494:11652	0	0	0	0	0	0	0	0	0	0	2	0	0	0	0	2	0	0	0	0
M01896:15:000000000-A7EN9:1:1102:18573:8434	0	0	0	0	0	0	0	0	0	0	2	0	0	0	0	2	0	0	1	0
M01896:15:000000000-A7EN9:1:1108:7155:5739	0	0	0	0	0	0	0	0	0	0	2	0	0	0	0	2	0	0	0	0
M01896:14:000000000-A7ERE:1:2103:22099:5714	0	0	0	0	0	0	0	0	0	0	2	0	0	0	0	2	0	0	0	0
M01896:15:000000000-A7EN9:1:2101:12814:2676	0	0	0	0	0	0	0	0	0	0	2	0	0	0	0	2	0	0	0	0
M01896:2:000000000-A69JN:1:1116:7998:11449	0	0	0	0	0	0	0	0	0	0	2	0	0	0	0	3	1	1	1	1
M01896:14:000000000-A7ERE:1:2111:4873:19727	0	0	0	0	0	0	0	0	0	0	2	0	0	0	0	4	0	1	0	0
M01896:15:000000000-A7EN9:1:2118:21116:15970	0	0	0	0	0	0	0	0	0	0	2	0	0	0	0	3	0	0	0	0
M01896:15:000000000-A7EN9:1:1109:7303:6660	0	0	0	0	0	0	0	0	0	0	2	0	0	0	0	3	0	0	0	0
M01896:14:000000000-A7ERE:1:2113:20417:13164	0	0	0	0	0	0	0	0	0	0	2	0	0	0	0	3	1	0	0	0
M01896:15:000000000-A7EN9:1:2102:7099:5009	0	0	0	0	0	0	0	0	0	0	2	0	0	0	0	2	0	0	0	0
M01896:15:000000000-A7EN9:1:2103:16055:4504	0	0	0	0	0	0	0	0	0	0	2	0	0	0	0	2	0	0	1	1
M01896:14:000000000-A7ERE:1:1118:7412:11970	0	0	0	0	0	0	0	0	0	0	2	0	0	0	0	5	2	0	1	0
M01896:14:000000000-A7ERE:1:2116:4509:20876	0	0	0	0	0	0	0	0	0	0	2	0	2	0	0	7	6	4	0	1
M01896:15:000000000-A7EN9:1:1111:18818:15010	0	0	0	0	0	0	0	0	0	0	2	0	0	0	0	5	0	0	0	0
M00595:54:000000000-A7CT0:1:2103:23445:19402	0	0	0	0	0	0	0	0	0	0	0	3	0	0	4	5	8	7	1	5
M00595:54:000000000-A7CT0:1:1113:25463:9446	0	0	0	0	0	0	0	0	0	0	0	2	0	0	0	0	0	1	0	2
M00595:54:000000000-A7CT0:1:1106:19707:10373	0	0	0	0	0	0	0	0	0	0	0	2	0	0	0	5	2	0	1	5
M01896:15:000000000-A7EN9:1:1113:14864:12457	0	0	0	0	0	0	0	0	0	0	0	4	0	0	0	9	10	5	3	5
M00595:54:000000000-A7CT0:1:1113:18266:8166	0	0	0	0	0	0	0	0	0	0	0	2	0	0	0	0	1	0	0	1
M00595:54:000000000-A7CT0:1:1105:19565:6048	0	0	0	0	0	0	0	0	0	0	0	2	0	0	0	0	0	0	0	2
M00595:54:000000000-A7CT0:1:1108:16759:11360	0	0	0	0	0	0	0	0	0	0	0	2	0	0	0	3	0	1	0	2
M00595:54:000000000-A7CT0:1:1119:13028:22137	0	0	0	0	0	0	0	0	0	0	0	2	0	0	0	0	0	0	0	2
M00595:54:000000000-A7CT0:1:2111:24620:12754	0	0	0	0	0	0	0	0	0	0	0	2	0	0	0	0	0	0	0	3
M00595:54:000000000-A7CT0:1:2114:13815:11891	0	0	0	0	0	0	0	0	0	0	0	2	2	0	0	0	2	1	0	2
M00595:54:000000000-A7CT0:1:1104:4442:9736	0	0	0	0	0	0	0	0	0	0	0	2	0	0	0	4	0	0	0	2
M00595:54:000000000-A7CT0:1:1104:16050:20072	0	0	0	0	0	0	0	0	0	0	0	2	0	0	0	0	0	0	0	2
M00595:54:000000000-A7CT0:1:1104:19607:20748	0	0	0	0	0	0	0	0	0	0	0	2	0	0	0	0	0	0	0	2
M00595:54:000000000-A7CT0:1:1108:18878:17435	0	0	0	0	0	0	0	0	0	0	0	2	0	0	0	0	0	0	0	2
M00595:54:000000000-A7CT0:1:2103:21669:10261	0	0	0	0	0	0	0	0	0	0	0	2	0	0	0	0	0	1	0	2
M00595:54:000000000-A7CT0:1:2112:21872:17312	0	0	0	0	0	0	0	0	0	0	0	2	0	0	0	0	0	0	0	2
M00595:54:000000000-A7CT0:1:1109:9053:17741	0	0	0	0	0	0	0	0	0	0	0	2	0	0	0	0	0	0	0	2
M00595:54:000000000-A7CT0:1:1102:15199:12250	0	0	0	0	0	0	0	0	0	0	0	2	0	0	0	2	0	0	0	2
M00595:54:000000000-A7CT0:1:2116:21835:9284	0	0	0	0	0	0	0	0	0	0	0	2	0	0	0	0	0	0	2	2
M00595:54:000000000-A7CT0:1:1119:12038:17030	0	0	0	0	0	0	0	0	0	0	0	2	0	0	0	0	0	0	0	3
M00595:54:000000000-A7CT0:1:2113:9530:15788	0	0	0	0	0	0	0	0	0	0	0	2	0	0	0	0	0	0	0	2
M00595:54:000000000-A7CT0:1:1110:18139:10588	0	0	0	0	0	0	0	0	0	0	0	2	0	0	0	0	1	0	0	2
M00595:54:000000000-A7CT0:1:1110:13851:21995	0	0	0	0	0	0	0	0	0	0	0	2	0	0	0	0	0	0	0	2
M01896:2:000000000-A69JN:1:1106:14297:7887	0	0	0	0	0	0	0	0	0	0	0	2	0	0	0	1	6	2	0	3
M01896:15:000000000-A7EN9:1:1112:25021:7058	0	0	0	0	0	0	0	0	0	0	0	0	2	0	0	1	3	0	0	0
M01896:14:000000000-A7ERE:1:1110:8634:19473	0	0	0	0	0	0	0	0	0	0	0	0	2	0	0	0	2	0	0	0
M01896:14:000000000-A7ERE:1:2108:18314:18952	0	0	0	0	0	0	0	0	0	0	0	0	2	0	0	0	2	0	0	0
M01896:14:000000000-A7ERE:1:1111:12436:11161	0	0	0	0	0	0	0	0	0	0	0	0	2	0	0	0	3	0	0	0
M01896:14:000000000-A7ERE:1:2114:7631:11053	0	0	0	0	0	0	0	0	0	0	0	0	2	0	0	0	2	0	0	0
M01896:14:000000000-A7ERE:1:2101:17411:12646	0	0	0	0	0	0	0	0	0	0	0	0	2	0	0	0	2	0	0	0
M01896:14:000000000-A7ERE:1:1107:7349:17874	0	0	0	0	0	0	0	0	0	0	0	0	4	0	0	0	4	3	0	1
M01896:15:000000000-A7EN9:1:1104:5142:17299	0	0	0	0	0	0	0	0	0	0	0	0	2	0	0	0	2	0	0	0
M01896:14:000000000-A7ERE:1:2112:6757:20856	0	0	0	0	0	0	0	0	0	0	0	0	2	0	0	1	2	0	0	0
M01896:15:000000000-A7EN9:1:1102:16525:20326	0	0	0	0	0	0	0	0	0	0	0	0	2	0	0	1	4	0	0	0
M01896:15:000000000-A7EN9:1:2103:27805:7187	0	0	0	0	0	0	0	0	0	0	0	0	2	0	0	0	3	0	0	0
M01896:14:000000000-A7ERE:1:2109:8315:6700	0	0	0	0	0	0	0	0	0	0	0	0	2	0	0	7	9	3	0	4
M01896:15:000000000-A7EN9:1:2118:21827:21754	0	0	0	0	0	0	0	0	0	0	0	0	2	0	0	0	2	0	0	0
M01896:14:000000000-A7ERE:1:2115:13803:13316	0	0	0	0	0	0	0	0	0	0	0	0	2	0	0	0	2	0	0	0
M01896:14:000000000-A7ERE:1:2118:12108:18768	0	0	0	0	0	0	0	0	0	0	0	0	2	0	0	0	2	0	0	0
M01896:15:000000000-A7EN9:1:2119:20927:15085	0	0	0	0	0	0	0	0	0	0	0	0	2	0	0	0	2	0	0	0
M01896:14:000000000-A7ERE:1:2112:19211:18234	0	0	0	0	0	0	0	0	0	0	0	0	2	0	0	2	2	0	0	1
M01896:14:000000000-A7ERE:1:1108:27371:15825	0	0	0	0	0	0	0	0	0	0	0	0	2	0	0	0	2	0	0	0
M01896:15:000000000-A7EN9:1:2111:12932:17789	0	0	0	0	0	0	0	0	0	0	0	0	2	0	0	0	2	0	0	0
M01896:14:000000000-A7ERE:1:2112:10908:9543	0	0	0	0	0	0	0	0	0	0	0	0	2	0	0	0	2	0	0	0
M01896:15:000000000-A7EN9:1:1111:14037:9933	0	0	0	0	0	0	0	0	0	0	0	0	2	0	0	1	2	0	0	0
M01896:15:000000000-A7EN9:1:2106:19849:18095	0	0	0	0	0	0	0	0	0	0	0	0	2	0	0	1	3	0	0	1
M01896:14:000000000-A7ERE:1:1101:22772:2890	0	0	0	0	0	0	0	0	0	0	0	0	2	0	0	0	2	0	0	0
M00595:42:000000000-A5J1T:1:2111:15289:19804	0	0	0	0	0	0	0	0	0	0	0	0	0	2	0	8	3	1	4	0
M01896:2:000000000-A69JN:1:1101:23542:19641	0	0	0	0	0	0	0	0	0	0	0	0	0	0	47	1	0	1	0	0
M01896:2:000000000-A69JN:1:2102:19914:8427	0	0	0	0	0	0	0	0	0	0	0	0	0	0	34	0	0	1	0	0
M01896:2:000000000-A69JN:1:2101:16250:16107	0	0	0	0	0	0	0	0	0	0	0	0	0	0	13	1	0	1	0	1
M01896:2:000000000-A69JN:1:2101:24165:6695	0	0	0	0	0	0	0	0	0	0	0	0	0	0	2	6	1	2	0	1
M01896:2:000000000-A69JN:1:2111:10618:22072	0	0	0	0	0	0	0	0	0	0	0	0	0	0	2	0	0	2	0	0
M01896:2:000000000-A69JN:1:1114:20405:19830	0	0	0	0	0	0	0	0	0	0	0	0	0	0	2	0	0	2	0	1
M01896:2:000000000-A69JN:1:1115:16563:1819	0	0	0	0	0	0	0	0	0	0	0	0	0	0	2	0	0	2	0	0
M01896:2:000000000-A69JN:1:2107:3408:19328	0	0	0	0	0	0	0	0	0	0	0	0	0	0	2	0	0	3	0	0
M01896:2:000000000-A69JN:1:2101:16746:20716	0	0	0	0	0	0	0	0	0	0	0	0	0	0	2	0	0	2	0	0
M01896:2:000000000-A69JN:1:1102:15324:11918	0	0	0	0	0	0	0	0	0	0	0	0	0	0	2	0	0	2	0	0
M01896:2:000000000-A69JN:1:2113:20876:3129	0	0	0	0	0	0	0	0	0	0	0	0	0	0	2	0	1	2	0	0
M01896:2:000000000-A69JN:1:2113:20793:19899	0	0	0	0	0	0	0	0	0	0	0	0	0	0	2	0	0	2	0	0
M01896:2:000000000-A69JN:1:2118:19616:23617	0	0	0	0	0	0	0	0	0	0	0	0	0	0	2	0	0	4	0	0
M01896:2:000000000-A69JN:1:2105:24039:4465	0	0	0	0	0	0	0	0	0	0	0	0	0	0	2	0	0	2	0	0
M01896:2:000000000-A69JN:1:1112:6732:3195	0	0	0	0	0	0	0	0	0	0	0	0	0	0	2	0	0	2	0	0
M01896:15:000000000-A7EN9:1:2107:6416:9529	0	0	0	0	0	0	0	0	0	0	0	0	0	0	0	6	6	1	0	3
M01896:14:000000000-A7ERE:1:1101:20447:7762	0	0	0	0	0	0	0	0	0	0	0	0	0	0	0	1	1	1	0	0
M01896:14:000000000-A7ERE:1:1101:23381:13838	0	0	0	0	0	0	0	0	0	0	0	0	0	0	0	4	0	0	0	0
M00595:42:000000000-A5J1T:1:2106:9802:16782	0	0	0	0	0	0	0	0	0	0	0	0	0	0	0	13	3	1	3	4
M01896:15:000000000-A7EN9:1:1113:24240:18975	0	0	0	0	0	0	0	0	0	0	0	0	0	0	0	6	6	1	1	2
M01896:15:000000000-A7EN9:1:1105:22627:16707	0	0	0	0	0	0	0	0	0	0	0	0	0	0	0	4	3	1	0	0
M01896:14:000000000-A7ERE:1:2107:15422:24450	0	0	0	0	0	0	0	0	0	0	0	0	0	0	0	7	4	0	1	1
M01896:14:000000000-A7ERE:1:2109:12450:18349	0	0	0	0	0	0	0	0	0	0	0	0	0	0	0	7	1	0	1	0
M01896:15:000000000-A7EN9:1:1111:6229:13450	0	0	0	0	0	0	0	0	0	0	0	0	0	0	0	8	3	0	0	1
M01896:15:000000000-A7EN9:1:1113:16747:11315	0	0	0	0	0	0	0	0	0	0	0	0	0	0	0	2	2	1	0	0
M00595:54:000000000-A7CT0:1:2104:15010:12754	0	0	0	0	0	0	0	0	0	0	0	0	0	0	0	1	0	0	0	2
M00595:54:000000000-A7CT0:1:1103:13776:7316	0	0	0	0	0	0	0	0	0	0	0	0	0	0	0	1	1	0	2	2
M01896:2:000000000-A69JN:1:1106:16614:21971	0	0	0	0	0	0	0	0	0	0	0	0	0	0	0	2	1	2	0	1
M00595:54:000000000-A7CT0:1:2118:4013:11663	0	0	0	0	0	0	0	0	0	0	0	0	0	0	0	2	0	0	0	2
M01896:14:000000000-A7ERE:1:1105:13257:10454	0	0	0	0	0	0	0	0	0	0	0	0	0	0	0	2	0	0	0	1
M01896:14:000000000-A7ERE:1:1105:24927:20363	0	0	0	0	0	0	0	0	0	0	0	0	0	0	0	2	1	0	0	1
M00595:54:000000000-A7CT0:1:2109:8082:11139	0	0	0	0	0	0	0	0	0	0	0	0	0	0	0	2	0	0	0	3
M01896:15:000000000-A7EN9:1:1105:8418:17434	0	0	0	0	0	0	0	0	0	0	0	0	0	0	0	5	5	1	0	0
M01896:15:000000000-A7EN9:1:2106:13061:22479	0	0	0	0	0	0	0	0	0	0	0	0	0	0	0	3	1	0	0	0
M01896:14:000000000-A7ERE:1:1107:18445:24479	0	0	0	0	0	0	0	0	0	0	0	0	0	0	0	5	3	0	0	0
M01896:14:000000000-A7ERE:1:1106:9275:19983	0	0	0	0	0	0	0	0	0	0	0	0	0	0	0	2	2	0	0	1
M01896:14:000000000-A7ERE:1:2111:22072:11270	0	0	0	0	0	0	0	0	0	0	0	0	0	0	0	5	0	0	0	0
M01896:14:000000000-A7ERE:1:1107:5544:14370	0	0	0	0	0	0	0	0	0	0	0	0	0	0	0	3	1	0	0	0
M01896:14:000000000-A7ERE:1:1107:26190:14419	0	0	0	0	0	0	0	0	0	0	0	0	0	0	0	1	0	0	0	0
M00595:42:000000000-A5J1T:1:1110:8742:14909	0	0	0	0	0	0	0	0	0	0	0	0	0	0	0	5	1	0	1	2
M01896:14:000000000-A7ERE:1:2104:20703:9839	0	0	0	0	0	0	0	0	0	0	0	0	0	0	0	7	4	0	0	2
M01896:15:000000000-A7EN9:1:1114:25523:12409	0	0	0	0	0	0	0	0	0	0	0	0	0	0	0	2	0	1	0	0
M01896:14:000000000-A7ERE:1:1109:25872:16154	0	0	0	0	0	0	0	0	0	0	0	0	0	0	0	1	0	0	0	1
M01896:2:000000000-A69JN:1:1101:6538:16829	0	0	0	0	0	0	0	0	0	0	0	0	0	0	0	4	2	1	0	3
M01896:14:000000000-A7ERE:1:1105:22024:17709	0	0	0	0	0	0	0	0	0	0	0	0	0	0	0	3	3	0	0	2
M01896:14:000000000-A7ERE:1:2113:25782:6752	0	0	0	0	0	0	0	0	0	0	0	0	0	0	0	10	9	0	0	1
M00595:54:000000000-A7CT0:1:1119:23988:19484	0	0	0	0	0	0	0	0	0	0	0	0	0	0	0	1	0	0	0	2
M01896:14:000000000-A7ERE:1:1112:16180:19137	0	0	0	0	0	0	0	0	0	0	0	0	0	0	0	2	0	0	0	0
M01896:14:000000000-A7ERE:1:1112:4588:20487	0	0	0	0	0	0	0	0	0	0	0	0	0	0	0	5	1	1	0	0
M01896:15:000000000-A7EN9:1:1111:16434:5118	0	0	0	0	0	0	0	0	0	0	0	0	0	0	0	1	4	1	1	1
M00595:54:000000000-A7CT0:1:1102:15636:10888	0	0	0	0	0	0	0	0	0	0	0	0	0	0	0	1	0	0	1	2
M01896:14:000000000-A7ERE:1:2112:13346:17914	0	0	0	0	0	0	0	0	0	0	0	0	0	0	0	2	1	1	0	1
M01896:2:000000000-A69JN:1:1118:26999:8438	0	0	0	0	0	0	0	0	0	0	0	0	0	0	0	1	1	3	0	1
M01896:14:000000000-A7ERE:1:1114:22594:14252	0	0	0	0	0	0	0	0	0	0	0	0	0	0	0	2	0	0	0	0
M01896:14:000000000-A7ERE:1:1115:7691:18639	0	0	0	0	0	0	0	0	0	0	0	0	0	0	0	2	0	0	0	0
M00595:42:000000000-A5J1T:1:1117:18123:18586	0	0	0	0	0	0	0	0	0	0	0	0	0	0	0	1	0	1	1	0
M01896:14:000000000-A7ERE:1:1109:16031:6585	0	0	0	0	0	0	0	0	0	0	0	0	0	0	0	1	2	0	0	1
M01896:15:000000000-A7EN9:1:1104:6974:8106	0	0	0	0	0	0	0	0	0	0	0	0	0	0	0	8	7	2	0	2
M01896:14:000000000-A7ERE:1:1119:12270:12911	0	0	0	0	0	0	0	0	0	0	0	0	0	0	0	3	3	0	0	1
M01896:14:000000000-A7ERE:1:2113:21848:14877	0	0	0	0	0	0	0	0	0	0	0	0	0	0	0	3	3	12	1	3
M01896:14:000000000-A7ERE:1:1117:8696:16110	0	0	0	0	0	0	0	0	0	0	0	0	0	0	0	1	1	0	0	0
M01896:14:000000000-A7ERE:1:2101:6358:11231	0	0	0	0	0	0	0	0	0	0	0	0	0	0	0	2	0	0	0	0
M01896:15:000000000-A7EN9:1:1109:20281:12390	0	0	0	0	0	0	0	0	0	0	0	0	0	0	0	5	0	0	0	2
M01896:15:000000000-A7EN9:1:1112:16148:23082	0	0	0	0	0	0	0	0	0	0	0	0	0	0	0	3	0	0	0	0
M01896:14:000000000-A7ERE:1:2104:12380:6476	0	0	0	0	0	0	0	0	0	0	0	0	0	0	0	1	0	0	0	0
M01896:14:000000000-A7ERE:1:2104:7551:19685	0	0	0	0	0	0	0	0	0	0	0	0	0	0	0	4	7	0	1	1
M01896:15:000000000-A7EN9:1:2102:21091:17779	0	0	0	0	0	0	0	0	0	0	0	0	0	0	0	1	1	1	0	0
M01896:15:000000000-A7EN9:1:1112:18892:17671	0	0	0	0	0	0	0	0	0	0	0	0	0	0	0	4	1	0	0	3
M01896:14:000000000-A7ERE:1:2108:23359:18535	0	0	0	0	0	0	0	0	0	0	0	0	0	0	0	5	2	0	1	1
M01896:15:000000000-A7EN9:1:1115:16775:19143	0	0	0	0	0	0	0	0	0	0	0	0	0	0	0	2	5	0	0	1
M01896:15:000000000-A7EN9:1:1113:6832:21923	0	0	0	0	0	0	0	0	0	0	0	0	0	0	0	3	4	0	1	0
M01896:14:000000000-A7ERE:1:2108:4074:18921	0	0	0	0	0	0	0	0	0	0	0	0	0	0	0	4	0	0	1	0
M01896:14:000000000-A7ERE:1:1103:28432:14593	0	0	0	0	0	0	0	0	0	0	0	0	0	0	0	5	2	0	0	1
M01896:14:000000000-A7ERE:1:1110:17190:17174	0	0	0	0	0	0	0	0	0	0	0	0	0	0	0	2	2	0	0	0
M01896:14:000000000-A7ERE:1:2109:22807:24166	0	0	0	0	0	0	0	0	0	0	0	0	0	0	0	1	2	0	0	0
M01896:14:000000000-A7ERE:1:2104:10318:19428	0	0	0	0	0	0	0	0	0	0	0	0	0	0	0	1	2	0	0	1
M01896:2:000000000-A69JN:1:2101:25555:9774	0	0	0	0	0	0	0	0	0	0	0	0	0	0	0	2	0	2	0	0
M01896:14:000000000-A7ERE:1:1103:5309:5322	0	0	0	0	0	0	0	0	0	0	0	0	0	0	0	3	4	1	0	2
M00595:54:000000000-A7CT0:1:1119:14254:14897	0	0	0	0	0	0	0	0	0	0	0	0	0	0	0	1	1	0	0	2
M01896:14:000000000-A7ERE:1:2113:2725:12712	0	0	0	0	0	0	0	0	0	0	0	0	0	0	0	2	0	0	0	0
M01896:14:000000000-A7ERE:1:2113:14518:13324	0	0	0	0	0	0	0	0	0	0	0	0	0	0	0	3	2	0	0	0
M01896:14:000000000-A7ERE:1:2115:14927:5189	0	0	0	0	0	0	0	0	0	0	0	0	0	0	0	4	0	0	0	0
M01896:14:000000000-A7ERE:1:2114:18862:24749	0	0	0	0	0	0	0	0	0	0	0	0	0	0	0	2	0	0	0	0
M01896:14:000000000-A7ERE:1:2116:4871:6430	0	0	0	0	0	0	0	0	0	0	0	0	0	0	0	2	1	0	0	0
M01896:14:000000000-A7ERE:1:2116:25155:14256	0	0	0	0	0	0	0	0	0	0	0	0	0	0	0	2	0	0	0	0
M01896:14:000000000-A7ERE:1:2118:22972:13312	0	0	0	0	0	0	0	0	0	0	0	0	0	0	0	3	1	0	0	0
M00595:42:000000000-A5J1T:1:1110:4279:10832	0	0	0	0	0	0	0	0	0	0	0	0	0	0	0	7	4	0	1	4
M01896:15:000000000-A7EN9:1:2107:5890:8306	0	0	0	0	0	0	0	0	0	0	0	0	0	0	0	4	0	0	0	1
M01896:2:000000000-A69JN:1:1106:10687:24066	0	0	0	0	0	0	0	0	0	0	0	0	0	0	0	1	1	1	0	1
M01896:14:000000000-A7ERE:1:2118:22035:17699	0	0	0	0	0	0	0	0	0	0	0	0	0	0	0	2	0	1	1	0
M01896:14:000000000-A7ERE:1:2118:19587:21306	0	0	0	0	0	0	0	0	0	0	0	0	0	0	0	1	6	2	0	3
M00595:42:000000000-A5J1T:1:1115:7566:7709	0	0	0	0	0	0	0	0	0	0	0	0	0	0	0	1	2	0	1	0
M01896:14:000000000-A7ERE:1:2118:14169:23830	0	0	0	0	0	0	0	0	0	0	0	0	0	0	0	1	2	0	0	0
M01896:15:000000000-A7EN9:1:1115:22460:3541	0	0	0	0	0	0	0	0	0	0	0	0	0	0	0	1	1	0	0	0
M01896:15:000000000-A7EN9:1:2110:5549:17502	0	0	0	0	0	0	0	0	0	0	0	0	0	0	0	4	2	0	0	0
M01896:15:000000000-A7EN9:1:1103:19556:3668	0	0	0	0	0	0	0	0	0	0	0	0	0	0	0	2	1	0	0	1
M01896:2:000000000-A69JN:1:1103:26790:6508	0	0	0	0	0	0	0	0	0	0	0	0	0	0	0	3	0	2	0	0
M01896:14:000000000-A7ERE:1:1106:11498:13928	0	0	0	0	0	0	0	0	0	0	0	0	0	0	0	4	3	1	0	3
M00595:42:000000000-A5J1T:1:1107:14683:19906	0	0	0	0	0	0	0	0	0	0	0	0	0	0	0	2	0	0	1	1
M01896:14:000000000-A7ERE:1:1108:5049:4479	0	0	0	0	0	0	0	0	0	0	0	0	0	0	0	2	1	0	0	1
M01896:15:000000000-A7EN9:1:1105:3059:11770	0	0	0	0	0	0	0	0	0	0	0	0	0	0	0	2	0	0	0	0
M01896:2:000000000-A69JN:1:2108:18311:10164	0	0	0	0	0	0	0	0	0	0	0	0	0	0	0	1	1	4	0	1
M01896:15:000000000-A7EN9:1:2115:13440:13797	0	0	0	0	0	0	0	0	0	0	0	0	0	0	0	1	1	0	1	1
M01896:15:000000000-A7EN9:1:1108:16061:18378	0	0	0	0	0	0	0	0	0	0	0	0	0	0	0	2	0	1	0	0
M01896:15:000000000-A7EN9:1:1111:4590:14838	0	0	0	0	0	0	0	0	0	0	0	0	0	0	0	2	1	1	1	1
M01896:15:000000000-A7EN9:1:1113:11664:13844	0	0	0	0	0	0	0	0	0	0	0	0	0	0	0	4	3	0	0	2
M01896:15:000000000-A7EN9:1:1114:9362:10153	0	0	0	0	0	0	0	0	0	0	0	0	0	0	0	4	4	0	0	0
M01896:15:000000000-A7EN9:1:1115:17980:14973	0	0	0	0	0	0	0	0	0	0	0	0	0	0	0	3	0	0	0	0
M01896:14:000000000-A7ERE:1:1109:24677:9479	0	0	0	0	0	0	0	0	0	0	0	0	0	0	0	2	2	0	0	0
M00595:54:000000000-A7CT0:1:2111:24039:4726	0	0	0	0	0	0	0	0	0	0	0	0	0	0	0	2	2	2	0	1
M01896:2:000000000-A69JN:1:1109:20970:15002	0	0	0	0	0	0	0	0	0	0	0	0	0	0	0	2	1	2	0	0
M01896:14:000000000-A7ERE:1:1113:16677:6702	0	0	0	0	0	0	0	0	0	0	0	0	0	0	0	3	4	4	0	0
M01896:15:000000000-A7EN9:1:1118:23678:8002	0	0	0	0	0	0	0	0	0	0	0	0	0	0	0	1	0	0	0	0
M01896:15:000000000-A7EN9:1:1116:24433:3765	0	0	0	0	0	0	0	0	0	0	0	0	0	0	0	2	4	0	2	0
M01896:14:000000000-A7ERE:1:1103:3669:19463	0	0	0	0	0	0	0	0	0	0	0	0	0	0	0	5	4	3	2	3
M01896:15:000000000-A7EN9:1:2102:19943:3422	0	0	0	0	0	0	0	0	0	0	0	0	0	0	0	3	0	0	0	0
M01896:14:000000000-A7ERE:1:2101:10270:21320	0	0	0	0	0	0	0	0	0	0	0	0	0	0	0	2	1	0	0	0
M01896:15:000000000-A7EN9:1:2106:4099:17246	0	0	0	0	0	0	0	0	0	0	0	0	0	0	0	3	0	2	1	0
M01896:15:000000000-A7EN9:1:2106:22877:20755	0	0	0	0	0	0	0	0	0	0	0	0	0	0	0	3	0	0	0	0
M01896:15:000000000-A7EN9:1:2107:17739:17306	0	0	0	0	0	0	0	0	0	0	0	0	0	0	0	2	1	0	0	0
M01896:15:000000000-A7EN9:1:2115:24189:10975	0	0	0	0	0	0	0	0	0	0	0	0	0	0	0	1	2	0	0	1
M01896:15:000000000-A7EN9:1:2107:8099:18667	0	0	0	0	0	0	0	0	0	0	0	0	0	0	0	2	0	0	1	0
M01896:14:000000000-A7ERE:1:2112:7532:7322	0	0	0	0	0	0	0	0	0	0	0	0	0	0	0	2	1	2	0	0
M01896:15:000000000-A7EN9:1:2110:11219:14342	0	0	0	0	0	0	0	0	0	0	0	0	0	0	0	1	3	1	0	1
M01896:15:000000000-A7EN9:1:2111:14975:6690	0	0	0	0	0	0	0	0	0	0	0	0	0	0	0	2	1	0	0	0
M01896:15:000000000-A7EN9:1:2110:17485:10959	0	0	0	0	0	0	0	0	0	0	0	0	0	0	0	2	0	0	0	0
M01896:15:000000000-A7EN9:1:2103:26089:8747	0	0	0	0	0	0	0	0	0	0	0	0	0	0	0	2	3	2	0	0
M01896:15:000000000-A7EN9:1:2115:28234:18164	0	0	0	0	0	0	0	0	0	0	0	0	0	0	0	3	1	0	0	0
M01896:15:000000000-A7EN9:1:2118:19777:6137	0	0	0	0	0	0	0	0	0	0	0	0	0	0	0	2	0	0	0	0
M01896:15:000000000-A7EN9:1:1104:19429:23997	0	0	0	0	0	0	0	0	0	0	0	0	0	0	0	5	3	1	0	0
M01896:15:000000000-A7EN9:1:2118:18954:18172	0	0	0	0	0	0	0	0	0	0	0	0	0	0	0	2	0	0	0	0
M01896:15:000000000-A7EN9:1:2119:21761:16430	0	0	0	0	0	0	0	0	0	0	0	0	0	0	0	2	0	1	0	0
M00595:42:000000000-A5J1T:1:1110:11441:14399	0	0	0	0	0	0	0	0	0	0	0	0	0	0	0	8	9	2	1	0
M01896:14:000000000-A7ERE:1:1103:6947:4131	0	0	0	0	0	0	0	0	0	0	0	0	0	0	0	2	2	0	0	0
M00595:42:000000000-A5J1T:1:2106:11160:19289	0	0	0	0	0	0	0	0	0	0	0	0	0	0	0	4	2	1	1	1
M00595:54:000000000-A7CT0:1:2119:11770:20544	0	0	0	0	0	0	0	0	0	0	0	0	0	0	0	1	4	3	1	3
M01896:15:000000000-A7EN9:1:2116:13048:23513	0	0	0	0	0	0	0	0	0	0	0	0	0	0	0	3	1	1	0	0
M01896:14:000000000-A7ERE:1:1116:11025:20869	0	0	0	0	0	0	0	0	0	0	0	0	0	0	0	5	3	0	1	0
M00595:54:000000000-A7CT0:1:1112:5677:11796	0	0	0	0	0	0	0	0	0	0	0	0	0	0	0	2	1	0	0	2
M01896:14:000000000-A7ERE:1:1105:21063:14335	0	0	0	0	0	0	0	0	0	0	0	0	0	0	0	1	1	2	0	0
M01896:15:000000000-A7EN9:1:1113:9892:15217	0	0	0	0	0	0	0	0	0	0	0	0	0	0	0	5	0	0	0	0
M01896:2:000000000-A69JN:1:1113:16302:2599	0	0	0	0	0	0	0	0	0	0	0	0	0	0	0	2	0	2	0	0
M00595:42:000000000-A5J1T:1:1116:20774:21839	0	0	0	0	0	0	0	0	0	0	0	0	0	0	0	1	0	0	2	0
M01896:2:000000000-A69JN:1:2101:12035:3537	0	0	0	0	0	0	0	0	0	0	0	0	0	0	0	1	0	2	0	1
M01896:15:000000000-A7EN9:1:2104:4341:11466	0	0	0	0	0	0	0	0	0	0	0	0	0	0	0	1	2	3	0	0
M01896:14:000000000-A7ERE:1:1113:15758:22292	0	0	0	0	0	0	0	0	0	0	0	0	0	0	0	1	0	1	0	1
M01896:14:000000000-A7ERE:1:1113:15102:17663	0	0	0	0	0	0	0	0	0	0	0	0	0	0	0	1	1	0	0	1
M01896:14:000000000-A7ERE:1:1111:26061:19328	0	0	0	0	0	0	0	0	0	0	0	0	0	0	0	2	2	1	0	2
M01896:14:000000000-A7ERE:1:1118:5592:9510	0	0	0	0	0	0	0	0	0	0	0	0	0	0	0	1	1	0	1	0
M01896:14:000000000-A7ERE:1:1118:14561:12911	0	0	0	0	0	0	0	0	0	0	0	0	0	0	0	2	0	0	0	0
M01896:15:000000000-A7EN9:1:1115:2886:16071	0	0	0	0	0	0	0	0	0	0	0	0	0	0	0	3	4	1	1	2
M01896:14:000000000-A7ERE:1:2105:21711:16106	0	0	0	0	0	0	0	0	0	0	0	0	0	0	0	2	0	0	0	0
M00595:42:000000000-A5J1T:1:1111:23130:6434	0	0	0	0	0	0	0	0	0	0	0	0	0	0	0	1	0	0	2	0
M01896:14:000000000-A7ERE:1:2110:9460:15815	0	0	0	0	0	0	0	0	0	0	0	0	0	0	0	1	1	0	0	0
M01896:15:000000000-A7EN9:1:2101:15190:18158	0	0	0	0	0	0	0	0	0	0	0	0	0	0	0	3	9	65	0	1
M01896:15:000000000-A7EN9:1:1112:13354:19326	0	0	0	0	0	0	0	0	0	0	0	0	0	0	0	1	5	0	0	0
M01896:14:000000000-A7ERE:1:2114:18798:5693	0	0	0	0	0	0	0	0	0	0	0	0	0	0	0	2	0	0	0	0
M01896:2:000000000-A69JN:1:2119:16590:12584	0	0	0	0	0	0	0	0	0	0	0	0	0	0	0	1	0	1	0	0
M01896:14:000000000-A7ERE:1:2119:12856:23893	0	0	0	0	0	0	0	0	0	0	0	0	0	0	0	2	0	0	0	0
M00595:42:000000000-A5J1T:1:2114:23364:13413	0	0	0	0	0	0	0	0	0	0	0	0	0	0	0	2	0	0	2	0
M01896:15:000000000-A7EN9:1:1104:15620:4169	0	0	0	0	0	0	0	0	0	0	0	0	0	0	0	2	5	1	0	2
M01896:2:000000000-A69JN:1:1115:10159:23405	0	0	0	0	0	0	0	0	0	0	0	0	0	0	0	2	0	1	0	3
M01896:15:000000000-A7EN9:1:1105:17974:19002	0	0	0	0	0	0	0	0	0	0	0	0	0	0	0	2	0	0	0	1
M01896:14:000000000-A7ERE:1:2103:6251:16439	0	0	0	0	0	0	0	0	0	0	0	0	0	0	0	1	5	0	0	1
M01896:15:000000000-A7EN9:1:1108:2574:15305	0	0	0	0	0	0	0	0	0	0	0	0	0	0	0	2	1	3	0	0
M01896:15:000000000-A7EN9:1:1111:6827:14567	0	0	0	0	0	0	0	0	0	0	0	0	0	0	0	1	1	0	0	0
M01896:14:000000000-A7ERE:1:1106:16659:13607	0	0	0	0	0	0	0	0	0	0	0	0	0	0	0	1	2	0	0	0
M01896:15:000000000-A7EN9:1:1104:7494:15699	0	0	0	0	0	0	0	0	0	0	0	0	0	0	0	1	2	1	0	1
M01896:15:000000000-A7EN9:1:2107:9907:13361	0	0	0	0	0	0	0	0	0	0	0	0	0	0	0	2	4	1	0	0
M00595:54:000000000-A7CT0:1:1115:14978:15191	0	0	0	0	0	0	0	0	0	0	0	0	0	0	0	4	1	0	2	1
M01896:15:000000000-A7EN9:1:2101:26576:11017	0	0	0	0	0	0	0	0	0	0	0	0	0	0	0	1	2	0	0	0
M01896:15:000000000-A7EN9:1:2101:22894:15490	0	0	0	0	0	0	0	0	0	0	0	0	0	0	0	2	0	0	0	0
M01896:15:000000000-A7EN9:1:2104:17218:13797	0	0	0	0	0	0	0	0	0	0	0	0	0	0	0	2	0	0	0	0
M01896:2:000000000-A69JN:1:2117:4949:15931	0	0	0	0	0	0	0	0	0	0	0	0	0	0	0	1	0	2	0	0
M01896:15:000000000-A7EN9:1:2110:19543:16369	0	0	0	0	0	0	0	0	0	0	0	0	0	0	0	2	0	0	0	0
M01896:15:000000000-A7EN9:1:2110:26168:17194	0	0	0	0	0	0	0	0	0	0	0	0	0	0	0	1	0	2	0	0
M01896:15:000000000-A7EN9:1:2118:16660:18639	0	0	0	0	0	0	0	0	0	0	0	0	0	0	0	1	1	0	0	1
M01896:2:000000000-A69JN:1:1103:15668:14101	0	0	0	0	0	0	0	0	0	0	0	0	0	0	0	1	0	1	0	0
M01896:15:000000000-A7EN9:1:2118:10570:20473	0	0	0	0	0	0	0	0	0	0	0	0	0	0	0	1	1	0	0	1
M01896:14:000000000-A7ERE:1:2109:24370:8704	0	0	0	0	0	0	0	0	0	0	0	0	0	0	0	1	3	0	0	0
M01896:15:000000000-A7EN9:1:2101:13049:16208	0	0	0	0	0	0	0	0	0	0	0	0	0	0	0	0	3	0	0	0
M01896:15:000000000-A7EN9:1:2114:14217:16812	0	0	0	0	0	0	0	0	0	0	0	0	0	0	0	0	2	2	0	1
M00595:54:000000000-A7CT0:1:2116:5044:10918	0	0	0	0	0	0	0	0	0	0	0	0	0	0	0	0	3	0	0	2
M00595:54:000000000-A7CT0:1:1107:9998:17215	0	0	0	0	0	0	0	0	0	0	0	0	0	0	0	0	2	0	0	1
M01896:14:000000000-A7ERE:1:1109:5804:18915	0	0	0	0	0	0	0	0	0	0	0	0	0	0	0	0	3	62	0	0
M01896:14:000000000-A7ERE:1:1111:3386:12705	0	0	0	0	0	0	0	0	0	0	0	0	0	0	0	0	2	0	0	0
M01896:14:000000000-A7ERE:1:1112:26607:8556	0	0	0	0	0	0	0	0	0	0	0	0	0	0	0	0	2	0	0	0
M00595:54:000000000-A7CT0:1:1106:11266:10523	0	0	0	0	0	0	0	0	0	0	0	0	0	0	0	0	1	1	0	5
M01896:14:000000000-A7ERE:1:2101:20897:14127	0	0	0	0	0	0	0	0	0	0	0	0	0	0	0	0	2	0	0	0
M01896:14:000000000-A7ERE:1:2103:24772:12429	0	0	0	0	0	0	0	0	0	0	0	0	0	0	0	0	1	0	0	0
M01896:14:000000000-A7ERE:1:2103:9779:22740	0	0	0	0	0	0	0	0	0	0	0	0	0	0	0	0	2	0	0	0
M00595:42:000000000-A5J1T:1:2112:10373:10873	0	0	0	0	0	0	0	0	0	0	0	0	0	0	0	0	2	1	2	0
M01896:14:000000000-A7ERE:1:2117:6917:9186	0	0	0	0	0	0	0	0	0	0	0	0	0	0	0	0	3	0	0	0
M01896:15:000000000-A7EN9:1:1105:5476:5331	0	0	0	0	0	0	0	0	0	0	0	0	0	0	0	0	3	2	0	0
M01896:2:000000000-A69JN:1:2118:10010:24329	0	0	0	0	0	0	0	0	0	0	0	0	0	0	0	0	1	1	0	0
M00595:54:000000000-A7CT0:1:2104:6081:9606	0	0	0	0	0	0	0	0	0	0	0	0	0	0	0	0	1	1	0	1
M01896:15:000000000-A7EN9:1:1108:14004:20162	0	0	0	0	0	0	0	0	0	0	0	0	0	0	0	0	2	0	0	0
M01896:15:000000000-A7EN9:1:1109:17632:22556	0	0	0	0	0	0	0	0	0	0	0	0	0	0	0	0	2	0	0	0
M01896:2:000000000-A69JN:1:2103:7723:12546	0	0	0	0	0	0	0	0	0	0	0	0	0	0	0	0	1	2	0	2
M01896:15:000000000-A7EN9:1:2110:22600:12505	0	0	0	0	0	0	0	0	0	0	0	0	0	0	0	0	1	0	0	0
M01896:15:000000000-A7EN9:1:2114:9506:21064	0	0	0	0	0	0	0	0	0	0	0	0	0	0	0	0	2	0	0	0
M01896:15:000000000-A7EN9:1:2118:21490:7669	0	0	0	0	0	0	0	0	0	0	0	0	0	0	0	0	1	1	0	1
M01896:14:000000000-A7ERE:1:1102:22826:13807	0	0	0	0	0	0	0	0	0	0	0	0	0	0	0	0	2	0	0	0
M01896:14:000000000-A7ERE:1:1102:11697:20243	0	0	0	0	0	0	0	0	0	0	0	0	0	0	0	0	2	0	0	0
M01896:14:000000000-A7ERE:1:1104:5864:13224	0	0	0	0	0	0	0	0	0	0	0	0	0	0	0	0	2	0	0	0
M01896:14:000000000-A7ERE:1:1106:14531:5954	0	0	0	0	0	0	0	0	0	0	0	0	0	0	0	0	2	0	0	0
M01896:14:000000000-A7ERE:1:1109:10827:16120	0	0	0	0	0	0	0	0	0	0	0	0	0	0	0	0	2	0	0	0
M00595:42:000000000-A5J1T:1:1113:7691:21803	0	0	0	0	0	0	0	0	0	0	0	0	0	0	0	0	2	1	2	0
M00595:54:000000000-A7CT0:1:2103:16211:14922	0	0	0	0	0	0	0	0	0	0	0	0	0	0	0	0	1	0	0	2
M01896:15:000000000-A7EN9:1:1102:5690:10530	0	0	0	0	0	0	0	0	0	0	0	0	0	0	0	0	2	0	0	1
M01896:14:000000000-A7ERE:1:2111:17653:7472	0	0	0	0	0	0	0	0	0	0	0	0	0	0	0	0	2	0	0	0
M01896:15:000000000-A7EN9:1:1102:22070:11778	0	0	0	0	0	0	0	0	0	0	0	0	0	0	0	0	2	0	0	0
M01896:15:000000000-A7EN9:1:1102:11569:15816	0	0	0	0	0	0	0	0	0	0	0	0	0	0	0	0	1	0	0	0
M01896:15:000000000-A7EN9:1:1102:7255:20666	0	0	0	0	0	0	0	0	0	0	0	0	0	0	0	0	3	42	0	0
M01896:15:000000000-A7EN9:1:1116:8857:3570	0	0	0	0	0	0	0	0	0	0	0	0	0	0	0	0	2	1	0	0
M01896:15:000000000-A7EN9:1:2103:25700:10105	0	0	0	0	0	0	0	0	0	0	0	0	0	0	0	0	2	0	0	0
M00595:54:000000000-A7CT0:1:1107:17485:8490	0	0	0	0	0	0	0	0	0	0	0	0	0	0	0	0	1	0	0	1
M01896:15:000000000-A7EN9:1:2105:18015:7150	0	0	0	0	0	0	0	0	0	0	0	0	0	0	0	0	1	0	0	0
M01896:2:000000000-A69JN:1:1119:20835:18013	0	0	0	0	0	0	0	0	0	0	0	0	0	0	0	0	1	2	0	2
M01896:15:000000000-A7EN9:1:2111:19304:11125	0	0	0	0	0	0	0	0	0	0	0	0	0	0	0	0	2	0	0	0
M01896:15:000000000-A7EN9:1:2111:6806:17217	0	0	0	0	0	0	0	0	0	0	0	0	0	0	0	0	2	0	0	0
M01896:15:000000000-A7EN9:1:2117:5070:7051	0	0	0	0	0	0	0	0	0	0	0	0	0	0	0	0	1	1	0	1
M01896:15:000000000-A7EN9:1:2117:6075:13438	0	0	0	0	0	0	0	0	0	0	0	0	0	0	0	0	2	0	0	0
M01896:15:000000000-A7EN9:1:2118:18816:5802	0	0	0	0	0	0	0	0	0	0	0	0	0	0	0	0	2	0	0	0
M01896:2:000000000-A69JN:1:1104:25398:15707	0	0	0	0	0	0	0	0	0	0	0	0	0	0	0	0	0	1	0	0
M00595:54:000000000-A7CT0:1:1110:17841:14378	0	0	0	0	0	0	0	0	0	0	0	0	0	0	0	0	0	5	0	2
M01896:2:000000000-A69JN:1:1110:20570:17731	0	0	0	0	0	0	0	0	0	0	0	0	0	0	0	0	0	2	0	0
M00595:54:000000000-A7CT0:1:2103:15485:10584	0	0	0	0	0	0	0	0	0	0	0	0	0	0	0	0	0	1	0	3
M01896:2:000000000-A69JN:1:1117:6440:19548	0	0	0	0	0	0	0	0	0	0	0	0	0	0	0	0	0	2	0	0
M01896:2:000000000-A69JN:1:1117:23056:23797	0	0	0	0	0	0	0	0	0	0	0	0	0	0	0	0	0	2	0	0
M01896:2:000000000-A69JN:1:2104:9161:16984	0	0	0	0	0	0	0	0	0	0	0	0	0	0	0	0	0	2	0	0
M01896:2:000000000-A69JN:1:2106:6389:22526	0	0	0	0	0	0	0	0	0	0	0	0	0	0	0	0	0	2	0	0
M01896:2:000000000-A69JN:1:2108:13255:11546	0	0	0	0	0	0	0	0	0	0	0	0	0	0	0	0	0	2	0	0
M01896:2:000000000-A69JN:1:2112:24903:5782	0	0	0	0	0	0	0	0	0	0	0	0	0	0	0	0	0	2	0	0
M01896:2:000000000-A69JN:1:2113:10540:9518	0	0	0	0	0	0	0	0	0	0	0	0	0	0	0	0	0	2	0	0
M01896:2:000000000-A69JN:1:2113:22367:19612	0	0	0	0	0	0	0	0	0	0	0	0	0	0	0	0	0	3	0	1
M01896:2:000000000-A69JN:1:2114:18122:19183	0	0	0	0	0	0	0	0	0	0	0	0	0	0	0	0	0	2	0	0
M01896:2:000000000-A69JN:1:2116:5011:15780	0	0	0	0	0	0	0	0	0	0	0	0	0	0	0	0	0	2	0	0
M01896:2:000000000-A69JN:1:2117:27121:13583	0	0	0	0	0	0	0	0	0	0	0	0	0	0	0	0	0	3	0	0
M01896:2:000000000-A69JN:1:1102:10661:20351	0	0	0	0	0	0	0	0	0	0	0	0	0	0	0	0	0	3	0	0
M01896:2:000000000-A69JN:1:1107:6989:18823	0	0	0	0	0	0	0	0	0	0	0	0	0	0	0	0	0	2	0	0
M01896:2:000000000-A69JN:1:1108:7344:20383	0	0	0	0	0	0	0	0	0	0	0	0	0	0	0	0	0	3	0	0
M01896:2:000000000-A69JN:1:1110:12468:13060	0	0	0	0	0	0	0	0	0	0	0	0	0	0	0	0	0	2	0	0
M01896:2:000000000-A69JN:1:1113:22374:14632	0	0	0	0	0	0	0	0	0	0	0	0	0	0	0	0	0	2	0	0
M01896:2:000000000-A69JN:1:1113:14587:16553	0	0	0	0	0	0	0	0	0	0	0	0	0	0	0	0	0	2	0	0
M01896:2:000000000-A69JN:1:1118:7873:23539	0	0	0	0	0	0	0	0	0	0	0	0	0	0	0	0	0	2	0	0
M01896:2:000000000-A69JN:1:1119:10908:10560	0	0	0	0	0	0	0	0	0	0	0	0	0	0	0	0	0	2	0	0
M01896:2:000000000-A69JN:1:2108:4145:9771	0	0	0	0	0	0	0	0	0	0	0	0	0	0	0	0	0	3	0	0
M01896:2:000000000-A69JN:1:2104:2700:18144	0	0	0	0	0	0	0	0	0	0	0	0	0	0	0	0	0	3	0	0
M01896:2:000000000-A69JN:1:2107:20215:14681	0	0	0	0	0	0	0	0	0	0	0	0	0	0	0	0	0	2	0	0
M01896:2:000000000-A69JN:1:2112:18907:22400	0	0	0	0	0	0	0	0	0	0	0	0	0	0	0	0	0	2	0	0
M01896:2:000000000-A69JN:1:2116:26050:7885	0	0	0	0	0	0	0	0	0	0	0	0	0	0	0	0	0	2	0	0
M00595:54:000000000-A7CT0:1:1116:15714:12958	0	0	0	0	0	0	0	0	0	0	0	0	0	0	0	0	0	1	0	2
M00595:42:000000000-A5J1T:1:1107:23019:6504	0	0	0	0	0	0	0	0	0	0	0	0	0	0	0	0	0	0	2	1
M00595:42:000000000-A5J1T:1:2107:13704:6318	0	0	0	0	0	0	0	0	0	0	0	0	0	0	0	0	0	0	2	0
M00595:54:000000000-A7CT0:1:1105:11906:16084	0	0	0	0	0	0	0	0	0	0	0	0	0	0	0	0	0	0	0	2
M00595:54:000000000-A7CT0:1:1106:10719:19272	0	0	0	0	0	0	0	0	0	0	0	0	0	0	0	0	0	0	0	2
M00595:54:000000000-A7CT0:1:1106:17433:23460	0	0	0	0	0	0	0	0	0	0	0	0	0	0	0	0	0	0	0	2
M00595:54:000000000-A7CT0:1:1110:12727:17931	0	0	0	0	0	0	0	0	0	0	0	0	0	0	0	0	0	0	0	3
M00595:54:000000000-A7CT0:1:1112:17380:12443	0	0	0	0	0	0	0	0	0	0	0	0	0	0	0	0	0	0	0	2
M00595:54:000000000-A7CT0:1:2102:24397:17578	0	0	0	0	0	0	0	0	0	0	0	0	0	0	0	0	0	0	0	3
M00595:54:000000000-A7CT0:1:2109:21652:7736	0	0	0	0	0	0	0	0	0	0	0	0	0	0	0	0	0	0	0	2
M00595:54:000000000-A7CT0:1:2110:22130:11855	0	0	0	0	0	0	0	0	0	0	0	0	0	0	0	0	0	0	0	2
M00595:54:000000000-A7CT0:1:2112:17091:13670	0	0	0	0	0	0	0	0	0	0	0	0	0	0	0	0	0	0	0	2
M00595:54:000000000-A7CT0:1:2113:13585:8804	0	0	0	0	0	0	0	0	0	0	0	0	0	0	0	0	0	0	0	3
M00595:54:000000000-A7CT0:1:1108:18707:16339	0	0	0	0	0	0	0	0	0	0	0	0	0	0	0	0	0	0	0	2
M00595:54:000000000-A7CT0:1:1111:13842:17722	0	0	0	0	0	0	0	0	0	0	0	0	0	0	0	0	0	0	0	3
M00595:54:000000000-A7CT0:1:1113:26021:10996	0	0	0	0	0	0	0	0	0	0	0	0	0	0	0	0	0	0	0	3
M00595:54:000000000-A7CT0:1:1113:11543:23438	0	0	0	0	0	0	0	0	0	0	0	0	0	0	0	0	0	0	0	2
M00595:54:000000000-A7CT0:1:1114:14652:4727	0	0	0	0	0	0	0	0	0	0	0	0	0	0	0	0	0	0	0	2
M00595:54:000000000-A7CT0:1:2108:6429:15572	0	0	0	0	0	0	0	0	0	0	0	0	0	0	0	0	0	0	0	2
M00595:54:000000000-A7CT0:1:2109:16793:13601	0	0	0	0	0	0	0	0	0	0	0	0	0	0	0	0	0	0	0	3
M00595:54:000000000-A7CT0:1:2112:7483:17313	0	0	0	0	0	0	0	0	0	0	0	0	0	0	0	0	0	0	0	3
M00595:54:000000000-A7CT0:1:2112:15659:17455	0	0	0	0	0	0	0	0	0	0	0	0	0	0	0	0	0	0	0	1
M00595:54:000000000-A7CT0:1:2113:7662:12709	0	0	0	0	0	0	0	0	0	0	0	0	0	0	0	0	0	0	0	3
