#OTU ID	PHB3.MID46-48.P1.apr13_ncdenovo	S1HB3.MID102-102.P1.nov13_ncdenovo	S1HB3.MID109-109.P3.jan14_ncdenovo	S1HB3.MID96-96.P1.dec13_ncdenovo	S1HB3.MID110-110.P1.jan14_ncdenovo	S1HB3.MID110-110.P1.jan14_otuclust	S1HB3.MID96-96.P1.dec13_otuclust	S1HB3.MID102-102.P1.nov13_otuclust	S1HB3.MID109-109.P3.jan14_otuclust	PHB3.MID46-48.P1.apr13_otuclust	S1HB3.MID109-109.P3.jan14_ncref	S1HB3.MID96-96.P1.dec13_ncref	S1HB3.MID110-110.P1.jan14_ncref	S1HB3.MID102-102.P1.nov13_ncref	PHB3.MID46-48.P1.apr13_ncref	S1HB3.MID110-110.P1.jan14	S1HB3.MID109-109.P3.jan14	PHB3.MID46-48.P1.apr13	S1HB3.MID102-102.P1.nov13	S1HB3.MID96-96.P1.dec13
M01896:2:000000000-A69JN:1:2110:17836:2729	598	943	203	551	332	1	1	1	1	1	203	551	332	943	598	626	476	1049	1454	949
M00595:54:000000000-A7CT0:1:2102:13936:14111	602	2444	602	481	706	1	1	1	1	1	602	481	706	2444	602	1244	1127	1087	3463	808
M01896:2:000000000-A69JN:1:1111:16159:13244	479	1447	416	276	439	1	1	1	1	1	416	276	439	1447	479	973	898	886	2360	586
M01896:2:000000000-A69JN:1:1117:25739:18532	738	3172	844	383	809	1	1	1	0	1	844	383	809	3172	738	1241	1378	1168	2758	671
M01896:2:000000000-A69JN:1:1105:10771:10259	1290	5329	945	971	1533	1	1	1	1	1	945	971	1533	5329	1290	2458	1593	1997	7211	1688
M00595:54:000000000-A7CT0:1:1101:14894:3987	578	1139	463	829	514	1	1	1	1	1	463	829	514	1139	578	918	949	1000	1826	1396
M00595:54:000000000-A7CT0:1:2110:14602:17236	500	1602	690	695	434	1	1	1	1	1	690	695	434	1602	500	800	1354	900	2414	1139
M01896:2:000000000-A69JN:1:1106:25027:6109	577	754	903	350	724	0	0	0	1	0	903	350	724	754	577	875	1095	751	2093	470
M00595:42:000000000-A5J1T:1:2118:5972:12370	377	492	113	277	184	1	1	1	0	1	113	277	184	492	377	442	343	766	907	601
M01896:2:000000000-A69JN:1:2104:14854:17990	45	29	41	7	24	0	0	0	0	0	41	7	24	29	45	25	41	46	29	7
M01896:2:000000000-A69JN:1:2119:24482:13604	390	2476	506	307	573	1	1	1	1	1	506	307	573	2476	390	1105	975	711	3610	652
M01896:2:000000000-A69JN:1:1106:8831:5581	55	114	145	7	79	0	0	0	0	0	145	7	79	114	55	80	148	55	119	7
M01896:2:000000000-A69JN:1:2114:7858:6525	74	267	47	5	27	1	1	1	1	1	47	5	27	267	74	49	121	155	489	9
M00595:54:000000000-A7CT0:1:2119:21019:21058	339	1198	546	66	195	1	1	1	1	1	546	66	195	1198	339	396	974	589	1831	121
M01896:14:000000000-A7ERE:1:2117:5259:13066	301	533	195	291	242	1	1	1	1	1	195	291	242	533	301	513	439	612	915	611
M01896:15:000000000-A7EN9:1:2106:10212:18012	185	516	62	93	102	1	1	1	1	1	62	93	102	516	185	292	227	387	1134	235
M01896:15:000000000-A7EN9:1:2110:23920:22798	665	2312	602	361	526	1	1	1	1	1	602	361	526	2312	665	1239	1509	1319	3923	768
M01896:15:000000000-A7EN9:1:1113:13754:18743	405	717	245	409	346	1	1	1	1	1	245	409	346	717	405	644	560	718	1150	784
M01896:14:000000000-A7ERE:1:1116:8588:17805	236	960	294	111	277	1	1	1	1	1	294	111	277	960	236	659	750	519	1816	284
M01896:14:000000000-A7ERE:1:2106:4353:6516	36	74	101	3	39	0	0	0	1	0	101	3	39	74	36	39	102	36	74	3
M01896:2:000000000-A69JN:1:2112:11160:13697	31	50	60	10	29	0	0	0	0	0	60	10	29	50	31	29	61	32	50	10
M00595:54:000000000-A7CT0:1:1113:12371:15671	256	396	133	206	135	1	1	1	1	1	133	206	135	396	256	304	303	490	767	420
M01896:2:000000000-A69JN:1:2119:18333:15352	40	150	59	25	22	1	1	1	1	1	59	25	22	150	40	56	149	79	318	54
M00595:42:000000000-A5J1T:1:2105:15205:4327	42	44	41	9	23	0	0	0	0	0	41	9	23	44	42	23	41	42	44	9
M01896:2:000000000-A69JN:1:2119:6921:8452	252	1054	295	129	256	1	1	1	1	1	295	129	256	1054	252	602	623	524	1809	286
M01896:15:000000000-A7EN9:1:1109:21664:16447	30	38	58	4	40	0	0	0	0	0	58	4	40	38	30	42	61	30	40	4
M00595:54:000000000-A7CT0:1:2118:24967:17422	289	696	326	378	199	1	1	1	1	1	326	378	199	696	289	473	729	579	1151	689
M01896:15:000000000-A7EN9:1:1109:11341:10167	282	594	146	361	166	1	1	1	1	1	146	361	166	594	282	341	335	543	1060	699
M01896:14:000000000-A7ERE:1:1106:3761:11457	217	383	453	26	254	0	0	0	0	0	453	26	254	383	217	264	462	225	388	26
M00595:54:000000000-A7CT0:1:2106:25583:12560	264	545	151	210	162	1	1	1	1	1	151	210	162	545	264	425	362	578	974	492
M00595:42:000000000-A5J1T:1:2109:12829:8776	508	806	130	258	137	1	1	1	1	1	130	258	137	806	508	374	384	1051	1619	601
M00595:42:000000000-A5J1T:1:1109:10568:4527	96	131	10	26	13	1	1	1	1	1	10	26	13	131	96	64	49	269	399	79
M01896:14:000000000-A7ERE:1:2101:15048:14714	49	70	143	13	37	0	0	0	0	0	143	13	37	70	49	42	161	53	84	19
M00595:54:000000000-A7CT0:1:2110:14693:15849	361	1817	355	243	519	1	1	1	1	1	355	243	519	1817	361	973	803	701	2742	504
M00595:54:000000000-A7CT0:1:2110:22525:11223	255	718	135	384	244	1	1	1	1	1	135	384	244	718	255	464	289	481	1146	741
M00595:54:000000000-A7CT0:1:1115:26168:16224	46	49	72	14	28	0	0	0	0	0	72	14	28	49	46	36	90	52	68	18
M00595:42:000000000-A5J1T:1:1102:21813:22385	199	301	110	170	88	1	1	1	1	1	110	170	88	301	199	194	223	353	564	326
M01896:2:000000000-A69JN:1:2113:20162:11744	25	33	35	5	14	0	0	0	0	0	35	5	14	33	25	15	37	27	35	5
M01896:15:000000000-A7EN9:1:1112:20879:6803	9	9	19	0	9	0	0	0	0	0	19	0	9	9	9	10	21	11	10	0
M01896:2:000000000-A69JN:1:2115:26093:7581	202	284	163	243	287	1	1	1	1	1	163	243	287	284	202	582	355	427	553	479
M00595:42:000000000-A5J1T:1:1115:21420:14530	45	71	5	6	8	1	1	1	1	1	5	6	8	71	45	39	27	115	197	30
M01896:15:000000000-A7EN9:1:2106:10126:2504	222	356	87	236	133	1	1	1	1	1	87	236	133	356	222	343	209	469	684	494
M00595:54:000000000-A7CT0:1:1108:12019:12136	245	434	96	222	143	1	1	1	1	1	96	222	143	434	245	353	310	523	861	511
M01896:2:000000000-A69JN:1:1104:23093:19388	175	409	63	153	98	1	1	1	1	1	63	153	98	409	175	248	203	387	767	347
M01896:15:000000000-A7EN9:1:2110:12583:2279	61	166	297	30	101	0	0	0	0	0	297	30	101	166	61	108	321	61	170	33
M01896:14:000000000-A7ERE:1:1119:16787:13194	103	94	98	22	57	0	0	0	0	0	98	22	57	94	103	57	103	105	96	22
M01896:14:000000000-A7ERE:1:1114:23479:10794	211	440	89	185	158	1	1	1	1	1	89	185	158	440	211	390	243	427	840	468
M00595:42:000000000-A5J1T:1:2109:17167:8537	224	361	114	225	133	0	0	0	0	0	114	225	133	361	224	330	291	511	712	441
M01896:15:000000000-A7EN9:1:2115:13807:17978	8	14	93	0	35	0	0	0	0	0	93	0	35	14	8	53	123	10	20	0
M01896:14:000000000-A7ERE:1:1113:17400:13763	12	20	25	3	13	0	0	0	0	0	25	3	13	20	12	13	28	13	20	3
M01896:14:000000000-A7ERE:1:2110:16399:20153	214	357	66	184	106	1	1	1	1	1	66	184	106	357	214	287	220	485	674	416
M01896:15:000000000-A7EN9:1:1112:3487:9719	105	199	298	25	147	0	0	0	0	0	298	25	147	199	105	151	303	106	202	25
M01896:2:000000000-A69JN:1:1118:6022:7139	95	140	236	25	98	0	0	0	0	0	236	25	98	140	95	102	237	95	141	25
M00595:42:000000000-A5J1T:1:2113:12729:10962	215	1035	159	110	223	1	1	1	0	1	159	110	223	1035	215	535	481	450	1804	270
M00595:42:000000000-A5J1T:1:2115:24049:10630	7	2	0	0	0	0	0	0	0	0	0	0	0	2	7	1	3	7	4	2
M01896:2:000000000-A69JN:1:1110:20154:16063	84	196	201	10	87	0	0	0	0	0	201	10	87	196	84	89	201	90	198	10
M01896:2:000000000-A69JN:1:2116:12743:6902	62	137	198	12	82	0	0	0	0	0	198	12	82	137	62	89	206	63	137	12
M01896:2:000000000-A69JN:1:2111:14667:2715	8	19	7	16	12	0	0	0	0	0	7	16	12	19	8	12	8	8	20	16
M01896:2:000000000-A69JN:1:2112:17276:22734	7	34	8	6	11	0	0	0	0	0	8	6	11	34	7	13	8	9	36	8
M01896:2:000000000-A69JN:1:2102:21441:14904	203	477	128	172	170	0	0	0	0	0	128	172	170	477	203	426	387	472	923	473
M01896:14:000000000-A7ERE:1:1108:24636:2591	4	9	2	0	2	0	0	0	0	0	2	0	2	9	4	4	14	8	19	6
M01896:14:000000000-A7ERE:1:2101:15411:20356	4	0	2	4	4	0	0	0	0	0	2	4	4	0	4	4	2	4	1	5
M00595:42:000000000-A5J1T:1:1111:20086:11519	70	48	87	6	36	0	0	0	1	0	87	6	36	48	70	45	98	72	51	6
M01896:2:000000000-A69JN:1:1107:11120:3637	123	371	66	135	148	1	1	1	1	1	66	135	148	371	123	320	150	273	671	314
M01896:2:000000000-A69JN:1:2111:5630:18173	49	267	227	6	103	0	0	0	0	0	227	6	103	267	49	362	620	222	591	36
M01896:15:000000000-A7EN9:1:2118:22482:5575	106	285	660	5	212	0	0	0	0	0	660	5	212	285	106	414	1097	209	502	37
M01896:15:000000000-A7EN9:1:1111:18544:3528	125	200	458	11	157	0	0	0	0	0	458	11	157	200	125	159	463	126	203	11
M01896:14:000000000-A7ERE:1:2108:26475:8076	6	10	26	0	7	0	0	0	0	0	26	0	7	10	6	7	26	6	10	1
M00595:42:000000000-A5J1T:1:1117:22257:4518	3	32	2	0	0	0	0	1	1	1	2	0	0	32	3	0	7	7	60	0
M01896:15:000000000-A7EN9:1:2117:9065:22971	3	10	16	0	6	0	0	0	0	0	16	0	6	10	3	8	15	3	10	0
M01896:2:000000000-A69JN:1:2117:21788:12236	3	0	0	0	0	0	0	0	0	0	0	0	0	0	3	1	3	4	4	1
M00595:42:000000000-A5J1T:1:2111:26684:12050	2	3	0	0	2	0	0	0	0	0	0	0	2	3	2	2	0	2	3	1
M00595:54:000000000-A7CT0:1:2115:21515:20514	14	95	205	7	48	0	0	0	0	0	205	7	48	95	14	175	511	90	236	16
M01896:15:000000000-A7EN9:1:2115:6513:14322	4	9	2	2	7	0	0	0	0	0	2	2	7	9	4	9	8	8	17	6
M00595:42:000000000-A5J1T:1:2111:14843:3335	2	4	2	0	2	0	0	0	0	0	2	0	2	4	2	2	2	2	4	1
M00595:42:000000000-A5J1T:1:2108:24522:7777	2	0	0	0	0	0	0	0	0	0	0	0	0	0	2	0	0	2	0	0
M00595:42:000000000-A5J1T:1:1102:15078:7715	2	0	0	0	0	0	0	0	0	0	0	0	0	0	2	0	0	2	1	0
M00595:42:000000000-A5J1T:1:2104:24385:16497	2	0	0	0	0	0	0	0	0	0	0	0	0	0	2	0	0	2	0	0
	6	10	2	2	6	1	1	2	1	2	2	2	6	10	6	31	28	20	56	12
M00595:42:000000000-A5J1T:1:2102:7255:10310	4	0	0	0	0	0	0	0	0	0	0	0	0	0	4	4	4	13	8	1
M00595:42:000000000-A5J1T:1:1118:15057:5210	2	0	0	0	0	0	0	0	0	0	0	0	0	0	2	0	0	2	0	0
M01896:2:000000000-A69JN:1:1111:26558:6194	2	8	2	0	0	0	0	0	0	0	2	0	0	8	2	1	2	2	8	0
M01896:2:000000000-A69JN:1:1101:4892:12428	2	8	3	3	2	0	0	0	0	0	3	3	2	8	2	12	10	8	21	6
M00595:54:000000000-A7CT0:1:1113:15685:14799	2	5	0	2	4	0	0	0	0	0	0	2	4	5	2	4	1	2	5	2
M00595:42:000000000-A5J1T:1:1115:10695:16512	2	3	0	0	0	0	0	0	0	0	0	0	0	3	2	5	3	5	7	2
M00595:42:000000000-A5J1T:1:2102:12541:19400	2	0	0	0	0	0	0	0	0	0	0	0	0	0	2	0	0	3	1	0
M00595:42:000000000-A5J1T:1:1116:17157:22117	2	0	0	0	0	0	0	0	0	0	0	0	0	0	2	0	0	4	0	0
M01896:15:000000000-A7EN9:1:1108:24182:16466	2	0	2	0	3	0	0	0	0	0	2	0	3	0	2	7	6	4	11	1
M00595:42:000000000-A5J1T:1:2105:23876:3439	2	0	0	0	0	0	0	0	0	0	0	0	0	0	2	0	0	2	1	0
M00595:42:000000000-A5J1T:1:2115:8837:20624	2	0	0	0	0	0	0	0	0	0	0	0	0	0	2	0	0	2	0	0
M01896:14:000000000-A7ERE:1:2118:24165:3530	2	44	6	2	10	0	0	0	0	0	6	2	10	44	2	100	119	72	250	62
M00595:42:000000000-A5J1T:1:2107:8101:16818	2	0	0	0	0	0	0	0	0	0	0	0	0	0	2	0	0	3	0	0
M00595:42:000000000-A5J1T:1:1103:18378:21145	2	0	0	0	0	0	0	0	0	0	0	0	0	0	2	0	0	2	0	0
M01896:2:000000000-A69JN:1:1101:26210:20632	2	0	0	0	0	0	0	0	0	0	0	0	0	0	2	3	0	5	2	3
M01896:14:000000000-A7ERE:1:1108:8735:17805	2	4	5	0	7	0	0	0	0	0	5	0	7	4	2	21	15	5	11	2
M01896:2:000000000-A69JN:1:1118:15085:23928	2	6	5	0	0	0	0	0	0	0	5	0	0	6	2	5	10	3	10	1
M01896:2:000000000-A69JN:1:2102:24654:10296	4	2	0	0	0	0	0	0	0	0	0	0	0	0	4	4	1	5	5	0
M00595:42:000000000-A5J1T:1:2104:19051:16363	2	0	0	0	0	0	0	0	0	0	0	0	0	0	2	0	0	2	0	0
M00595:42:000000000-A5J1T:1:1114:12541:7277	2	0	0	0	0	0	0	0	0	0	0	0	0	0	2	0	0	2	0	0
M00595:42:000000000-A5J1T:1:2118:7340:13389	2	0	0	0	0	0	0	0	0	0	0	0	0	0	2	0	0	2	0	0
M01896:14:000000000-A7ERE:1:1111:28389:19028	2	39	11	2	3	1	1	1	1	1	11	2	3	39	2	16	22	5	92	8
M00595:42:000000000-A5J1T:1:2115:13980:15198	2	0	0	0	0	0	0	0	0	0	0	0	0	0	2	0	0	3	0	0
M00595:42:000000000-A5J1T:1:1110:22598:6022	2	0	0	0	0	0	0	0	0	0	0	0	0	0	2	0	1	4	1	0
M00595:42:000000000-A5J1T:1:1118:20931:14632	2	0	0	0	0	0	0	0	0	0	0	0	0	0	2	0	0	2	0	0
M01896:2:000000000-A69JN:1:2112:4244:6274	2	0	0	0	0	0	0	0	0	0	6	0	0	23	2	14	22	2	58	6
M01896:2:000000000-A69JN:1:1103:21851:23395	2	4	2	2	0	0	0	0	0	0	2	2	0	4	2	11	6	7	10	4
M00595:42:000000000-A5J1T:1:1117:6918:12173	2	0	0	0	0	0	0	0	0	0	0	0	0	0	2	0	0	2	0	0
M00595:42:000000000-A5J1T:1:2107:12676:10976	2	0	0	0	0	0	0	0	0	1	0	0	0	0	2	0	0	2	0	0
M00595:42:000000000-A5J1T:1:1102:17405:5337	2	0	0	0	0	0	0	0	0	0	0	0	0	0	2	1	3	2	1	0
M00595:54:000000000-A7CT0:1:1106:10250:19361	2	22	2	2	0	0	0	0	0	0	2	2	0	22	2	19	22	36	78	32
M01896:2:000000000-A69JN:1:1116:6906:12118	2	4	0	0	0	0	0	0	0	0	0	0	0	4	2	3	3	5	16	1
M01896:2:000000000-A69JN:1:2117:27003:17842	2	5	2	0	4	0	0	0	0	0	2	0	4	5	2	4	2	2	5	0
M01896:2:000000000-A69JN:1:1103:9733:5174	2	15	0	0	0	0	0	1	0	1	0	0	0	15	2	0	0	3	23	0
M00595:42:000000000-A5J1T:1:1107:11661:7356	2	0	0	0	0	0	0	0	0	0	0	0	0	0	2	0	0	2	0	0
M00595:54:000000000-A7CT0:1:1108:20482:12366	2	4	0	2	0	0	0	0	0	0	0	2	0	4	2	2	0	4	7	4
M00595:42:000000000-A5J1T:1:1116:12244:9697	2	0	0	0	0	0	0	0	0	0	0	0	0	0	2	0	0	2	0	0
M01896:2:000000000-A69JN:1:2116:19336:11163	2	5	2	0	3	0	0	0	0	0	2	0	3	5	2	3	2	2	5	0
M00595:54:000000000-A7CT0:1:1104:5759:14555	2	2	4	2	0	0	0	0	0	0	4	2	0	2	2	0	4	2	2	3
M01896:2:000000000-A69JN:1:1104:12210:17044	0	58	0	0	0	0	0	0	0	0	0	0	0	58	0	0	0	0	1	0
M01896:15:000000000-A7EN9:1:2117:27398:10382	0	13	0	0	0	0	0	0	0	0	6	5	9	20	0	33	20	1	46	11
M00595:54:000000000-A7CT0:1:1108:24147:18701	0	20	5	2	0	0	0	0	0	0	5	2	0	20	0	2	12	1	34	3
M01896:14:000000000-A7ERE:1:1102:21085:17283	0	11	0	0	0	0	0	0	0	0	0	8	11	0	0	22	16	1	42	19
M01896:2:000000000-A69JN:1:2107:18449:18586	0	12	0	4	3	0	0	0	0	0	0	4	3	12	0	3	1	0	12	4
M01896:14:000000000-A7ERE:1:2117:14481:3697	0	12	2	2	3	0	0	0	0	0	2	2	3	12	0	8	10	9	24	4
M01896:2:000000000-A69JN:1:2115:8376:13587	0	9	3	0	3	0	0	0	0	0	3	0	3	9	0	7	7	4	17	3
M01896:2:000000000-A69JN:1:1119:14124:21418	0	6	0	0	0	0	0	0	0	0	0	0	0	6	0	0	0	0	1	0
M00595:54:000000000-A7CT0:1:1116:18548:14866	0	10	5	0	2	0	0	0	0	0	5	0	2	10	0	7	15	2	27	3
M01896:15:000000000-A7EN9:1:1113:21247:10071	0	14	0	0	7	0	0	0	0	0	0	0	2	14	0	16	14	13	36	3
M01896:2:000000000-A69JN:1:1115:20113:8945	0	7	0	0	0	0	0	0	0	0	0	0	0	7	0	1	0	1	7	1
M01896:15:000000000-A7EN9:1:2108:24758:6973	2	22	14	2	5	0	0	0	0	0	14	2	5	22	2	48	66	14	102	22
M01896:2:000000000-A69JN:1:2119:18488:18896	0	20	2	0	0	0	0	1	1	0	2	0	0	20	0	0	8	5	37	1
M01896:2:000000000-A69JN:1:2112:22106:21110	0	7	2	2	0	0	0	0	0	0	2	2	0	7	0	2	2	0	7	4
M01896:15:000000000-A7EN9:1:2119:18824:13923	0	4	0	0	0	0	0	0	0	0	0	0	0	4	0	1	1	1	4	0
M01896:2:000000000-A69JN:1:2113:16587:14854	0	6	0	2	0	0	0	0	0	0	0	2	0	6	0	1	4	1	8	2
M01896:2:000000000-A69JN:1:2115:15655:12673	0	4	0	0	0	0	0	0	0	0	0	0	0	4	0	0	0	0	4	0
M01896:2:000000000-A69JN:1:1117:13706:14080	0	4	0	0	0	0	0	0	0	0	0	0	0	4	0	2	1	0	4	0
M00595:54:000000000-A7CT0:1:1103:28872:12329	0	11	0	3	0	0	0	0	0	0	0	3	0	11	0	0	1	0	16	4
M01896:2:000000000-A69JN:1:2111:23104:20593	0	4	0	0	0	0	0	0	0	0	0	0	0	4	0	0	1	2	7	0
M00595:54:000000000-A7CT0:1:1106:2888:16910	0	4	0	0	4	0	0	0	0	0	0	0	4	4	0	7	1	1	9	2
M01896:14:000000000-A7ERE:1:2116:17135:10649	0	15	23	2	6	0	0	0	1	0	23	2	6	15	0	16	59	12	36	2
M01896:2:000000000-A69JN:1:2110:4426:19319	0	3	0	0	0	0	0	1	0	0	0	0	0	3	0	0	0	0	4	0
M01896:2:000000000-A69JN:1:1110:20230:18869	0	3	0	0	0	0	0	0	0	0	0	0	0	3	0	0	1	0	5	0
M01896:2:000000000-A69JN:1:2108:22754:9649	0	3	3	0	0	0	0	0	0	0	3	0	0	3	0	0	6	1	3	0
M01896:2:000000000-A69JN:1:2108:27414:19241	0	3	0	0	0	0	0	0	0	0	0	0	0	3	0	0	0	0	3	0
M01896:2:000000000-A69JN:1:2109:5831:17154	0	5	0	0	0	0	0	0	0	0	0	0	0	5	0	2	0	2	7	0
M01896:2:000000000-A69JN:1:1114:5270:15875	0	3	0	0	0	0	0	0	0	0	0	0	0	3	0	2	0	1	3	2
M01896:14:000000000-A7ERE:1:1110:7865:2765	0	3	0	0	2	0	0	0	0	0	0	0	2	3	0	3	1	1	3	0
M01896:2:000000000-A69JN:1:2106:23109:18534	0	3	0	0	0	0	0	0	0	0	0	0	0	3	0	0	0	0	5	0
M01896:2:000000000-A69JN:1:1111:9045:5199	0	3	0	0	0	0	0	0	0	0	0	0	0	3	0	0	0	0	3	0
M01896:2:000000000-A69JN:1:2103:9222:15059	0	5	0	0	0	0	0	0	0	0	0	0	0	5	0	0	0	0	5	0
M00595:54:000000000-A7CT0:1:2111:20777:3761	0	3	0	2	0	0	0	0	0	0	0	2	0	3	0	0	0	2	5	2
M01896:2:000000000-A69JN:1:2101:28296:7342	0	3	0	0	0	0	0	0	0	0	0	0	0	3	0	0	0	0	3	0
M01896:15:000000000-A7EN9:1:1112:16666:22399	0	7	17	2	10	0	0	0	0	0	17	2	10	7	0	31	68	11	27	8
M01896:15:000000000-A7EN9:1:1111:25074:20709	0	3	2	0	0	0	0	0	0	0	2	0	0	3	0	2	5	0	6	0
M01896:2:000000000-A69JN:1:1107:11878:20809	0	3	0	0	0	0	0	0	0	0	0	0	0	3	0	0	0	0	3	0
M01896:2:000000000-A69JN:1:2110:10148:20863	0	3	0	0	0	0	0	0	0	0	0	0	0	3	0	0	0	0	3	0
M00595:54:000000000-A7CT0:1:1105:20683:20046	0	3	0	2	0	0	0	0	0	0	0	2	0	3	0	1	4	1	4	5
M01896:2:000000000-A69JN:1:2115:4284:11716	0	3	0	0	0	0	0	0	0	0	0	0	0	3	0	0	0	0	4	0
M01896:2:000000000-A69JN:1:2118:23162:8417	0	9	0	0	2	0	0	0	0	0	0	0	2	9	0	15	9	7	20	1
M01896:2:000000000-A69JN:1:1101:7999:12211	0	3	0	0	0	0	0	0	0	0	0	0	0	3	0	2	3	1	3	1
M01896:2:000000000-A69JN:1:1105:17325:11617	0	3	0	0	0	0	0	0	0	0	0	0	0	0	0	0	0	0	1	0
M01896:2:000000000-A69JN:1:2103:5430:9922	0	2	0	0	0	0	0	0	0	0	0	0	0	2	0	0	0	0	2	0
M01896:2:000000000-A69JN:1:2119:13356:6203	0	4	0	0	0	0	0	0	0	0	0	0	0	4	0	2	1	0	9	1
M01896:2:000000000-A69JN:1:2118:26909:14811	0	2	0	0	0	0	0	0	0	0	0	0	0	2	0	0	0	0	2	0
M01896:2:000000000-A69JN:1:2102:28154:7261	0	2	0	0	0	0	0	0	0	0	0	0	0	0	0	0	0	0	4	0
M01896:2:000000000-A69JN:1:2106:5989:12341	0	2	0	0	0	0	0	0	0	0	0	0	0	2	0	0	0	0	2	0
M01896:2:000000000-A69JN:1:1117:7270:5752	0	2	0	0	0	0	0	0	0	0	0	0	0	2	0	0	0	0	2	0
M01896:14:000000000-A7ERE:1:1113:20563:23380	0	2	2	0	2	0	0	0	0	0	2	0	2	2	0	7	3	4	10	2
M01896:2:000000000-A69JN:1:2109:13142:13390	0	2	2	0	5	0	0	0	0	0	2	0	5	2	0	7	10	0	5	1
M01896:2:000000000-A69JN:1:1106:23335:5304	0	5	0	4	2	0	0	0	0	0	0	4	2	5	0	3	1	2	5	4
M01896:2:000000000-A69JN:1:1116:17687:18730	0	2	0	0	2	0	0	0	0	0	0	0	2	2	0	2	5	1	3	0
M01896:2:000000000-A69JN:1:2116:28382:11186	0	2	0	0	0	0	0	0	0	0	0	0	0	2	0	0	0	0	2	0
M01896:2:000000000-A69JN:1:2119:12520:7087	0	2	0	0	0	0	0	0	0	0	0	0	0	2	0	0	0	0	2	0
M01896:2:000000000-A69JN:1:2107:24438:15980	0	2	0	0	0	0	0	0	0	0	0	0	0	2	0	0	0	0	2	0
M01896:2:000000000-A69JN:1:1105:8329:13313	0	2	0	0	0	0	0	0	0	0	0	0	0	2	0	0	0	0	2	0
M01896:2:000000000-A69JN:1:2101:24094:20242	0	2	0	0	0	0	0	0	0	0	0	0	0	0	0	1	2	1	3	1
M01896:15:000000000-A7EN9:1:2116:23845:13002	0	2	2	0	0	0	0	0	0	0	2	0	0	2	0	0	2	0	2	0
M01896:2:000000000-A69JN:1:2118:18784:15419	0	2	0	0	0	0	0	0	0	0	0	0	0	2	0	0	0	0	2	0
M01896:2:000000000-A69JN:1:1107:8697:6131	0	2	0	0	0	0	0	0	0	0	0	0	0	2	0	0	0	0	2	0
M01896:2:000000000-A69JN:1:2116:13556:22449	0	2	0	0	0	0	0	0	0	0	0	0	0	2	0	0	0	0	2	0
M01896:2:000000000-A69JN:1:2104:20863:10981	0	2	0	0	0	0	0	0	0	0	0	0	0	2	0	0	0	1	2	1
M01896:2:000000000-A69JN:1:1111:25031:17038	0	2	0	0	0	0	0	0	0	0	0	0	0	2	0	0	0	0	3	0
M01896:2:000000000-A69JN:1:1111:18525:18588	0	2	0	0	0	0	0	0	0	0	0	0	0	2	0	0	0	1	2	0
M01896:2:000000000-A69JN:1:2105:14787:14328	0	2	0	0	0	0	0	0	0	0	0	0	0	2	0	0	0	0	2	0
M01896:2:000000000-A69JN:1:1108:8735:20276	0	2	0	0	0	0	0	0	0	0	0	0	0	0	0	0	0	0	2	0
M01896:2:000000000-A69JN:1:1107:3628:20149	0	2	0	0	0	0	0	0	0	0	0	0	0	2	0	0	0	0	2	0
M01896:14:000000000-A7ERE:1:1104:15336:21046	0	2	5	0	0	0	0	0	0	0	5	0	0	2	0	1	6	1	3	1
M01896:2:000000000-A69JN:1:1105:25419:13252	0	4	0	0	0	0	0	0	0	0	0	0	0	4	0	0	1	0	3	0
M01896:2:000000000-A69JN:1:1112:16371:18567	0	2	0	0	0	0	0	0	0	0	0	0	0	2	0	0	0	0	2	0
M01896:2:000000000-A69JN:1:2106:10015:1893	0	4	0	0	0	0	0	0	0	0	0	0	0	4	0	0	2	1	4	0
M01896:2:000000000-A69JN:1:2115:9834:17153	0	2	0	0	0	0	0	0	0	0	0	0	0	2	0	0	0	1	3	0
M01896:2:000000000-A69JN:1:1110:10468:2446	0	2	0	0	0	0	0	0	0	0	0	0	0	2	0	0	0	0	2	0
M01896:2:000000000-A69JN:1:2104:10102:17725	0	2	0	0	0	0	0	0	0	0	0	0	0	2	0	0	2	2	6	2
M01896:2:000000000-A69JN:1:1108:14627:11644	0	2	0	0	0	0	0	0	0	0	0	0	0	2	0	0	0	0	2	0
M01896:2:000000000-A69JN:1:2104:27511:14560	0	6	0	0	0	0	0	0	0	0	0	0	0	6	0	1	1	0	8	0
M01896:2:000000000-A69JN:1:2110:15217:5586	0	2	0	0	0	0	0	0	0	0	0	0	0	2	0	0	0	0	2	0
M01896:2:000000000-A69JN:1:2118:13402:10182	0	2	2	0	0	0	0	0	0	0	2	0	0	2	0	0	3	0	2	0
M01896:2:000000000-A69JN:1:2114:17896:19681	0	2	0	0	0	0	0	0	0	0	0	0	0	2	0	0	0	0	2	0
M01896:14:000000000-A7ERE:1:2102:17023:5990	0	2	2	0	0	0	0	0	0	0	2	0	0	2	0	2	3	0	5	0
M01896:2:000000000-A69JN:1:2111:19481:6236	0	2	0	0	2	0	0	0	0	0	0	0	2	2	0	2	0	0	2	0
M01896:2:000000000-A69JN:1:2102:8401:5707	0	4	0	0	0	0	0	0	0	0	0	0	0	4	0	4	1	3	6	3
M01896:2:000000000-A69JN:1:1118:10178:7955	0	2	0	0	0	0	0	0	0	0	0	0	0	2	0	0	0	0	3	1
M01896:2:000000000-A69JN:1:2109:9769:6266	0	4	0	0	0	0	0	0	0	0	0	0	0	0	0	2	0	1	12	3
M01896:2:000000000-A69JN:1:1114:23935:21560	0	2	0	0	0	0	0	0	0	0	0	0	0	2	0	0	0	0	2	0
M01896:2:000000000-A69JN:1:2117:21916:23757	0	2	0	0	0	0	0	0	0	0	0	0	0	2	0	0	1	0	2	0
M01896:2:000000000-A69JN:1:2104:14119:7908	0	2	2	0	0	0	0	0	0	0	2	0	0	2	0	0	3	0	3	0
M01896:2:000000000-A69JN:1:2105:25906:8349	0	2	0	0	0	0	0	0	0	0	0	0	0	2	0	0	0	0	2	0
M01896:2:000000000-A69JN:1:2112:12314:17340	0	2	0	0	0	0	0	0	0	0	0	0	0	2	0	0	0	0	2	0
M01896:2:000000000-A69JN:1:1115:5271:8980	0	4	0	0	0	0	0	0	0	0	0	0	0	4	0	1	0	0	4	0
M01896:2:000000000-A69JN:1:1108:17908:11008	0	2	0	0	0	0	0	0	0	0	0	0	0	2	0	0	0	0	2	0
M01896:2:000000000-A69JN:1:2119:18461:22693	0	2	0	0	0	0	0	0	0	0	0	0	0	2	0	0	0	0	2	0
M01896:2:000000000-A69JN:1:2114:25441:12491	0	2	0	0	0	0	0	0	0	0	0	0	0	2	0	0	1	0	3	0
M01896:2:000000000-A69JN:1:2113:25680:3577	0	2	0	0	0	0	0	0	0	0	0	0	0	2	0	0	0	0	2	0
M01896:2:000000000-A69JN:1:2115:20917:18278	0	2	0	0	0	0	0	0	0	0	0	0	0	2	0	0	0	0	2	0
M01896:2:000000000-A69JN:1:2116:23987:20029	0	2	0	0	0	0	0	0	0	0	0	0	0	2	0	4	2	1	7	3
M01896:2:000000000-A69JN:1:1107:4961:12527	0	2	0	0	0	0	0	0	0	0	0	0	0	2	0	0	0	0	2	0
M01896:2:000000000-A69JN:1:2111:11027:11691	0	2	0	0	0	0	0	0	0	0	0	0	0	2	0	0	0	1	2	0
M01896:2:000000000-A69JN:1:2106:19852:18263	0	2	0	0	0	0	0	0	0	0	0	0	0	2	0	0	0	0	2	0
M01896:2:000000000-A69JN:1:2115:16865:17557	0	4	0	0	0	0	0	0	0	0	0	0	0	4	0	0	1	0	5	0
M01896:2:000000000-A69JN:1:2102:16199:18435	0	2	0	0	0	0	0	0	0	0	0	0	0	2	0	0	0	1	2	0
M01896:2:000000000-A69JN:1:2114:8068:17114	0	2	0	0	0	0	0	0	0	0	0	0	0	2	0	0	0	0	2	0
M01896:2:000000000-A69JN:1:2103:7188:6337	0	2	0	0	0	0	0	0	0	0	0	0	0	2	0	0	0	0	1	0
M01896:2:000000000-A69JN:1:2112:25648:20489	0	2	0	0	0	0	0	0	0	0	0	0	0	4	0	0	0	0	5	0
M01896:2:000000000-A69JN:1:2109:21871:13891	0	2	0	0	0	0	0	0	0	0	0	0	0	2	0	0	0	0	2	0
M01896:2:000000000-A69JN:1:2104:25091:13984	0	2	0	0	0	0	0	0	0	0	0	0	0	2	0	0	0	0	2	0
M01896:2:000000000-A69JN:1:2111:27380:12054	0	2	0	0	0	0	0	0	0	0	0	0	0	2	0	0	0	0	2	0
M01896:2:000000000-A69JN:1:2102:6935:14963	0	2	0	0	0	0	0	0	0	0	0	0	0	2	0	0	0	0	2	0
M01896:2:000000000-A69JN:1:2111:9925:8715	0	2	0	0	0	0	0	0	0	0	0	0	0	2	0	2	2	2	5	0
M01896:15:000000000-A7EN9:1:2118:10844:10877	0	6	0	0	2	0	0	0	0	0	0	0	0	6	0	4	2	3	13	3
M01896:2:000000000-A69JN:1:2112:5179:21178	0	2	0	0	0	0	0	0	0	0	0	0	0	2	0	0	0	0	2	0
M01896:2:000000000-A69JN:1:2114:8956:10574	0	2	0	0	0	0	0	0	0	0	0	0	0	2	0	0	0	0	2	0
M01896:2:000000000-A69JN:1:1101:5763:7204	0	2	0	0	0	0	0	0	0	0	0	0	0	2	0	0	0	0	3	0
M01896:2:000000000-A69JN:1:2107:18245:10773	0	2	0	0	0	0	0	0	0	0	0	0	0	2	0	0	0	0	2	0
M01896:2:000000000-A69JN:1:1112:17539:15149	0	2	0	0	0	0	0	0	0	0	0	0	0	0	0	2	1	1	5	2
M01896:2:000000000-A69JN:1:2118:22554:10582	0	2	0	0	0	0	0	0	0	0	0	0	0	2	0	0	0	0	2	0
M01896:2:000000000-A69JN:1:1116:17811:6737	0	2	0	0	0	0	0	0	0	0	0	0	0	2	0	0	0	0	2	0
M01896:2:000000000-A69JN:1:2113:20541:11198	0	4	0	0	0	0	0	0	0	0	0	0	0	4	0	2	0	1	7	0
M00595:42:000000000-A5J1T:1:1107:15210:22387	0	8	0	0	0	0	0	0	0	0	0	0	0	6	0	4	0	2	12	1
M01896:2:000000000-A69JN:1:2107:13271:20278	0	2	0	0	0	0	0	0	0	0	0	0	0	2	0	0	0	0	2	0
M01896:2:000000000-A69JN:1:2111:11032:16365	0	2	0	0	0	0	0	0	0	0	0	0	0	2	0	0	0	0	2	0
M01896:2:000000000-A69JN:1:2109:24654:19413	0	2	0	0	0	0	0	0	0	0	0	0	0	2	0	0	0	0	2	0
M01896:2:000000000-A69JN:1:1104:22793:19637	0	2	0	0	0	0	0	0	0	0	0	0	0	2	0	0	2	0	2	0
M01896:2:000000000-A69JN:1:1111:12461:21161	0	2	0	0	0	0	0	0	0	0	0	0	0	2	0	0	0	0	2	0
M01896:2:000000000-A69JN:1:1112:11712:3247	0	2	0	0	0	0	0	0	0	0	0	0	0	2	0	0	0	0	2	0
M01896:2:000000000-A69JN:1:1102:19406:16345	0	2	0	0	0	0	0	0	0	0	0	0	0	2	0	0	0	0	2	0
M01896:2:000000000-A69JN:1:1103:9410:20212	0	2	0	0	0	0	0	0	0	0	0	0	0	2	0	0	0	0	3	0
M01896:2:000000000-A69JN:1:2102:8461:20621	0	2	0	0	0	0	0	0	0	0	0	0	0	2	0	0	0	0	2	0
M01896:2:000000000-A69JN:1:1101:7717:2618	0	2	0	0	0	0	0	0	0	0	0	0	0	0	0	0	0	0	3	0
M01896:2:000000000-A69JN:1:1111:7284:22711	0	2	0	0	0	0	0	0	0	0	0	0	0	2	0	2	0	0	2	2
M01896:2:000000000-A69JN:1:1102:26235:12545	0	8	3	0	0	0	0	0	0	0	3	0	0	8	0	16	23	14	34	10
M01896:2:000000000-A69JN:1:1115:7000:14822	0	2	0	0	0	0	0	0	0	0	0	0	0	2	0	0	0	0	2	0
M01896:2:000000000-A69JN:1:2105:15014:7655	0	2	0	0	0	0	0	0	0	0	0	0	0	2	0	0	0	0	2	0
M01896:2:000000000-A69JN:1:2107:13787:11919	0	2	0	0	0	0	0	0	0	0	0	0	0	2	0	0	0	0	2	0
M01896:2:000000000-A69JN:1:2105:3629:11040	0	2	0	0	0	0	0	0	0	0	0	0	0	2	0	1	1	0	2	1
M00595:54:000000000-A7CT0:1:2103:7256:11835	0	2	0	2	0	0	0	0	0	0	0	0	0	2	0	1	0	1	6	3
M01896:2:000000000-A69JN:1:2102:24813:3650	0	2	0	0	0	0	0	0	0	0	0	0	0	2	0	0	0	0	2	0
M01896:2:000000000-A69JN:1:2106:19534:16782	0	2	0	0	0	0	0	0	0	0	0	0	0	2	0	0	0	0	2	0
M01896:2:000000000-A69JN:1:1115:10234:3054	0	2	0	0	2	0	0	0	0	0	0	0	2	2	0	3	3	0	3	0
M01896:2:000000000-A69JN:1:2105:9985:20380	0	2	0	0	0	0	0	0	0	0	0	0	0	2	0	1	0	0	4	1
M01896:2:000000000-A69JN:1:2108:8802:21371	0	2	0	2	0	0	0	0	0	0	0	2	0	2	0	1	2	1	4	3
M01896:2:000000000-A69JN:1:1116:6862:9719	0	2	0	0	0	0	0	0	0	0	0	0	0	2	0	0	1	0	3	0
M01896:2:000000000-A69JN:1:2113:11405:13739	0	2	0	0	0	0	0	0	0	0	0	0	0	2	0	0	1	0	2	0
M01896:2:000000000-A69JN:1:2109:15860:21045	0	2	0	0	0	0	0	0	0	0	0	0	0	2	0	0	0	0	2	0
M01896:2:000000000-A69JN:1:2119:25316:15755	0	2	0	0	0	0	0	0	0	0	0	0	0	2	0	2	4	0	7	0
M01896:2:000000000-A69JN:1:2117:7906:17884	0	2	0	0	0	0	0	0	0	0	0	0	0	2	0	1	1	5	7	0
M01896:2:000000000-A69JN:1:2109:11818:6139	0	2	0	0	0	0	0	0	0	0	0	0	0	2	0	0	0	0	3	0
M01896:2:000000000-A69JN:1:2103:15951:12070	0	2	0	0	0	0	0	0	0	0	0	0	0	2	0	0	0	0	2	0
M01896:2:000000000-A69JN:1:1111:3652:14809	0	2	0	0	0	0	0	0	0	0	0	0	0	2	0	0	0	0	2	0
M01896:2:000000000-A69JN:1:1101:26519:18808	0	4	0	0	0	0	0	0	0	0	0	0	0	0	0	0	1	0	6	1
M01896:2:000000000-A69JN:1:2117:23102:7289	0	2	0	0	2	0	0	0	0	0	0	0	2	2	0	3	2	1	3	2
M01896:2:000000000-A69JN:1:2117:26306:6210	0	2	0	0	0	0	0	0	0	0	0	0	0	2	0	0	0	0	4	0
M01896:2:000000000-A69JN:1:2102:9207:8262	0	2	0	0	0	0	0	0	0	0	0	0	0	0	0	0	0	0	2	0
M01896:2:000000000-A69JN:1:1118:7024:5672	0	2	0	0	0	0	0	0	0	0	0	0	0	2	0	0	0	0	4	0
M01896:2:000000000-A69JN:1:2114:13442:17909	0	2	0	0	0	0	0	0	0	0	0	0	0	2	0	0	0	0	2	0
M01896:2:000000000-A69JN:1:1110:25359:5544	0	2	0	0	0	0	0	0	0	0	0	0	0	2	0	0	0	0	2	0
M01896:2:000000000-A69JN:1:2112:25864:12686	0	2	0	0	0	0	0	0	0	0	0	0	0	2	0	0	0	0	2	0
M01896:2:000000000-A69JN:1:2116:19917:21347	0	2	0	0	0	0	0	0	0	0	0	0	0	2	0	0	0	0	2	0
M01896:2:000000000-A69JN:1:2108:3841:17330	0	2	0	0	0	0	0	0	0	0	0	0	0	2	0	0	1	0	3	1
M01896:2:000000000-A69JN:1:2113:9451:21707	0	2	0	0	0	0	0	0	0	0	0	0	0	2	0	0	0	0	2	0
M01896:2:000000000-A69JN:1:2112:11362:8981	0	2	0	0	0	0	0	0	0	0	0	0	0	2	0	0	0	0	2	0
M01896:2:000000000-A69JN:1:2111:15677:13672	0	2	0	0	0	0	0	0	0	0	0	0	0	2	0	0	0	0	3	0
M01896:2:000000000-A69JN:1:1111:20260:9776	0	2	0	0	0	0	0	0	0	0	0	0	0	0	0	0	0	0	2	0
M01896:2:000000000-A69JN:1:1114:4864:17982	0	2	0	0	0	0	0	0	0	0	0	0	0	2	0	0	0	0	3	0
M01896:2:000000000-A69JN:1:2102:11508:13771	0	3	0	0	0	0	0	0	0	0	0	0	0	3	0	0	0	1	3	0
M01896:14:000000000-A7ERE:1:1107:12846:4562	0	2	0	0	0	0	0	0	0	0	0	0	0	2	0	0	0	0	3	0
M01896:2:000000000-A69JN:1:2109:16611:14954	0	2	0	0	0	0	0	0	0	0	0	0	0	0	0	0	0	0	2	0
M01896:14:000000000-A7ERE:1:1106:26663:6794	0	2	0	0	0	0	0	0	0	0	0	0	0	2	0	1	3	1	5	0
M01896:2:000000000-A69JN:1:2106:8862:11158	0	2	0	0	0	0	0	0	0	0	0	0	0	0	0	0	1	0	3	0
M01896:2:000000000-A69JN:1:2103:26227:15187	0	2	0	0	0	0	0	0	0	0	0	0	0	2	0	0	0	0	2	0
M01896:2:000000000-A69JN:1:2114:17824:20318	0	2	0	0	0	0	0	0	0	0	0	0	0	2	0	0	0	0	2	0
M01896:2:000000000-A69JN:1:2115:27145:13879	0	2	0	0	0	0	0	0	0	0	0	0	0	2	0	0	0	0	2	0
M01896:2:000000000-A69JN:1:2119:13922:4800	0	2	0	0	0	0	0	0	0	0	0	0	0	2	0	0	0	0	2	0
M01896:2:000000000-A69JN:1:2115:20535:16913	0	2	0	0	0	0	0	0	0	0	0	0	0	2	0	0	0	0	2	0
M00595:54:000000000-A7CT0:1:2112:24897:20608	0	2	0	2	0	0	0	0	0	0	0	2	0	2	0	0	0	0	2	2
M01896:2:000000000-A69JN:1:2114:17678:24901	0	2	0	0	0	0	0	0	0	0	0	0	0	2	0	0	0	0	2	0
M01896:2:000000000-A69JN:1:2111:20235:17705	0	2	0	0	0	0	0	0	0	0	0	0	0	2	0	0	1	0	2	0
M01896:2:000000000-A69JN:1:1102:18930:8536	0	2	0	0	0	0	0	0	0	0	0	0	0	0	0	0	1	0	3	0
M01896:2:000000000-A69JN:1:2101:22341:5967	0	2	0	0	0	0	0	0	0	0	0	0	0	2	0	0	0	0	2	0
M01896:2:000000000-A69JN:1:1105:5286:9411	0	2	0	0	0	0	0	0	0	0	0	0	0	2	0	0	0	0	2	0
M01896:2:000000000-A69JN:1:2105:8522:15966	0	2	0	0	0	0	0	0	0	0	0	0	0	2	0	0	0	0	1	0
M01896:15:000000000-A7EN9:1:2115:26739:21359	0	2	0	3	2	0	0	0	0	0	0	3	2	2	0	4	2	0	4	3
M01896:2:000000000-A69JN:1:1107:6630:20119	0	2	0	0	0	0	0	0	0	0	0	0	0	2	0	0	0	0	2	0
M01896:2:000000000-A69JN:1:1112:20149:10014	0	2	0	0	0	0	0	0	0	0	0	0	0	2	0	0	0	0	2	0
M01896:15:000000000-A7EN9:1:1113:7403:6221	0	6	0	0	0	0	0	0	0	0	0	0	0	6	0	4	2	2	8	0
M01896:2:000000000-A69JN:1:1112:10007:18649	0	2	0	0	0	0	0	0	0	0	0	0	0	2	0	1	5	1	2	1
M01896:2:000000000-A69JN:1:1116:22770:7462	0	2	0	0	0	0	0	0	0	0	0	0	0	2	0	0	0	0	2	0
M01896:2:000000000-A69JN:1:1103:8150:5357	0	2	0	0	0	0	0	0	0	0	0	0	0	2	0	0	0	0	2	0
M01896:2:000000000-A69JN:1:2115:25897:15947	0	2	0	0	0	0	0	0	0	0	0	0	0	2	0	0	0	0	5	0
M01896:2:000000000-A69JN:1:1111:20493:10248	0	2	0	0	0	0	0	0	0	0	0	0	0	2	0	0	0	0	2	0
M01896:2:000000000-A69JN:1:1108:27476:18288	0	2	0	0	0	0	0	0	0	0	0	0	0	2	0	0	0	0	2	0
M01896:2:000000000-A69JN:1:2110:5547:6911	0	2	0	0	0	0	0	0	0	0	0	0	0	2	0	0	0	0	2	0
M01896:2:000000000-A69JN:1:2113:15955:22975	0	2	0	0	0	0	0	0	0	0	0	0	0	2	0	0	0	0	3	0
M01896:2:000000000-A69JN:1:1106:25791:5964	0	2	0	0	0	0	0	0	0	0	0	0	0	2	0	0	0	1	2	0
M01896:2:000000000-A69JN:1:1108:16310:16685	0	2	0	0	0	0	0	0	0	0	0	0	0	2	0	0	0	0	2	0
M01896:2:000000000-A69JN:1:2105:8363:11674	0	2	0	0	0	0	0	0	0	0	0	0	0	2	0	0	0	0	2	0
M01896:2:000000000-A69JN:1:1109:23179:9208	0	2	0	0	0	0	0	0	0	0	0	0	0	2	0	0	0	0	2	0
M01896:2:000000000-A69JN:1:1119:14473:12133	0	2	0	0	0	0	0	0	0	0	0	0	0	2	0	0	0	0	2	0
M01896:2:000000000-A69JN:1:2117:24256:13770	0	2	0	0	0	0	0	0	0	0	0	0	0	2	0	1	2	0	2	0
M01896:2:000000000-A69JN:1:2109:14963:15340	0	2	0	0	0	0	0	0	0	0	0	0	0	2	0	0	0	0	2	0
M01896:2:000000000-A69JN:1:1105:21866:11557	0	2	0	0	0	0	0	0	0	0	0	0	0	0	0	2	0	0	2	0
M01896:2:000000000-A69JN:1:1114:20084:4795	0	2	0	0	0	0	0	0	0	0	0	0	0	2	0	0	0	0	2	0
M01896:2:000000000-A69JN:1:2106:20808:12902	0	2	0	0	0	0	0	0	0	0	0	0	0	2	0	0	0	0	2	0
M01896:2:000000000-A69JN:1:2112:14298:22527	0	2	0	0	0	0	0	0	0	0	0	0	0	2	0	0	0	0	2	0
M01896:2:000000000-A69JN:1:1114:12532:15943	0	4	4	0	0	0	0	0	0	0	4	0	0	4	0	1	9	3	14	1
M01896:2:000000000-A69JN:1:2103:27426:8332	0	2	0	0	0	0	0	0	0	0	0	0	0	2	0	0	0	0	2	0
M01896:2:000000000-A69JN:1:1102:4525:10185	0	2	0	0	0	0	0	0	0	0	0	0	0	2	0	0	0	0	3	0
M01896:2:000000000-A69JN:1:1103:6399:12284	0	2	0	0	0	0	0	0	0	0	0	0	0	2	0	0	0	0	2	0
M01896:2:000000000-A69JN:1:2110:7333:15968	0	2	0	0	0	0	0	0	0	0	0	0	0	2	0	0	0	0	2	0
M01896:2:000000000-A69JN:1:1104:22727:1978	0	2	0	0	0	0	0	0	0	0	0	0	0	2	0	0	0	0	2	0
M01896:2:000000000-A69JN:1:1110:4002:7364	0	2	0	0	0	0	0	0	0	0	0	0	0	2	0	0	0	0	2	0
M01896:2:000000000-A69JN:1:1101:12689:9362	0	2	0	0	0	0	0	0	0	0	0	0	0	2	0	1	0	2	4	1
M01896:2:000000000-A69JN:1:1104:14516:21621	0	2	0	0	0	0	0	0	0	0	0	0	0	2	0	0	0	0	2	0
M01896:2:000000000-A69JN:1:1116:26623:13903	0	2	0	0	0	0	0	0	0	0	0	0	0	0	0	0	0	0	3	0
M01896:2:000000000-A69JN:1:1109:8302:5961	0	2	0	0	0	0	0	0	0	0	0	0	0	2	0	0	0	0	3	1
M01896:2:000000000-A69JN:1:1112:25532:20324	0	2	0	0	0	0	0	0	0	0	0	0	0	2	0	0	0	0	3	0
M01896:2:000000000-A69JN:1:1106:2993:15005	0	2	0	0	0	0	0	0	0	0	0	0	0	2	0	0	0	0	2	0
M01896:2:000000000-A69JN:1:2102:24628:14784	0	4	0	0	0	0	0	0	0	0	0	0	0	4	0	1	0	1	7	0
M01896:2:000000000-A69JN:1:2111:12556:5785	0	2	0	0	0	0	0	0	0	0	0	0	0	2	0	0	0	0	2	0
M01896:2:000000000-A69JN:1:2116:6123:7208	0	2	0	0	0	0	0	0	0	0	0	0	0	2	0	1	1	0	4	0
M01896:2:000000000-A69JN:1:2118:21234:8446	0	2	0	0	0	0	0	0	0	0	0	0	0	2	0	1	1	0	4	1
M01896:2:000000000-A69JN:1:2110:11384:16830	0	2	0	0	0	0	0	0	0	0	0	0	0	2	0	0	0	0	4	0
M01896:2:000000000-A69JN:1:1117:8567:16445	0	2	0	0	0	0	0	0	0	0	0	0	0	2	0	0	0	1	2	0
M00595:54:000000000-A7CT0:1:1108:21426:5719	0	2	3	6	0	0	0	0	0	0	3	6	0	2	0	0	3	1	5	6
M01896:2:000000000-A69JN:1:1108:16553:5099	0	2	0	0	0	0	0	0	0	0	0	0	0	0	0	0	0	0	2	0
M01896:2:000000000-A69JN:1:2107:28173:6982	0	2	0	0	0	0	0	0	0	0	0	0	0	2	0	0	0	0	2	0
M01896:2:000000000-A69JN:1:2105:24837:11029	0	2	0	0	0	0	0	0	0	0	0	0	0	2	0	0	0	0	2	0
M01896:2:000000000-A69JN:1:2110:24583:2447	0	2	0	0	0	0	0	0	0	0	0	0	0	2	0	0	0	0	2	0
M01896:2:000000000-A69JN:1:2111:7074:21154	0	2	0	0	0	0	0	0	0	0	0	0	0	2	0	0	0	0	3	0
M01896:2:000000000-A69JN:1:1104:21997:20480	0	2	0	0	0	0	0	0	0	0	0	0	0	2	0	0	0	0	3	0
M01896:2:000000000-A69JN:1:1104:12113:9992	0	2	0	0	0	0	0	0	0	0	0	0	0	2	0	0	0	0	2	0
M01896:14:000000000-A7ERE:1:1119:16801:23009	0	2	0	0	0	0	0	0	0	0	0	0	0	2	0	3	1	1	2	0
M01896:2:000000000-A69JN:1:1106:11779:4648	0	6	0	2	0	0	0	0	0	0	0	2	0	6	0	4	4	0	11	2
M01896:2:000000000-A69JN:1:1102:3399:15163	0	2	0	0	0	0	0	0	0	0	0	0	0	2	0	0	0	0	3	1
M01896:2:000000000-A69JN:1:1107:23564:20535	0	2	2	0	0	0	0	0	0	0	0	0	0	2	0	3	3	0	4	0
M01896:2:000000000-A69JN:1:1108:5672:20539	0	2	0	0	0	0	0	0	0	0	0	0	0	2	0	1	1	0	2	0
M01896:2:000000000-A69JN:1:1103:16712:12788	0	2	0	0	0	0	0	0	0	0	0	0	0	2	0	0	0	0	2	0
M01896:2:000000000-A69JN:1:1104:26570:19663	0	2	0	0	0	0	0	0	0	0	0	0	0	2	0	0	0	0	5	0
M01896:2:000000000-A69JN:1:2113:27897:17188	0	2	0	0	0	0	0	0	0	0	0	0	0	2	0	0	0	0	2	0
M01896:2:000000000-A69JN:1:2117:24617:7650	0	2	0	0	0	0	0	0	0	0	0	0	0	2	0	1	1	0	2	1
M01896:2:000000000-A69JN:1:2104:14704:8889	0	2	0	0	0	0	0	0	0	0	0	0	0	2	0	0	0	0	2	0
M01896:2:000000000-A69JN:1:2116:16656:19795	0	2	0	0	0	0	0	0	0	0	0	0	0	2	0	0	0	0	2	0
M01896:2:000000000-A69JN:1:2102:25884:20458	0	2	0	0	0	0	0	0	0	0	0	0	0	2	0	0	0	0	2	0
M01896:2:000000000-A69JN:1:1101:9187:7254	0	2	0	0	0	0	0	0	0	0	0	0	0	2	0	2	2	0	4	1
M01896:2:000000000-A69JN:1:1105:24856:14615	0	2	0	0	0	0	0	0	0	0	0	0	0	2	0	0	0	0	2	0
M01896:2:000000000-A69JN:1:1105:14359:6883	0	2	0	0	0	0	0	0	0	0	0	0	0	2	0	0	0	0	2	0
M01896:2:000000000-A69JN:1:2111:27333:7776	0	2	2	0	0	0	0	0	0	0	2	0	0	2	0	5	6	1	5	1
M01896:2:000000000-A69JN:1:1110:9794:7149	0	2	0	0	0	0	0	0	0	0	0	0	0	2	0	0	0	1	7	0
M01896:2:000000000-A69JN:1:2104:9973:22488	0	2	0	0	0	0	0	0	0	0	0	0	0	2	0	1	1	0	3	0
M01896:2:000000000-A69JN:1:2112:25570:10040	0	2	0	0	0	0	0	0	0	0	0	0	0	2	0	0	0	0	3	0
M01896:2:000000000-A69JN:1:2104:25897:8633	0	2	0	0	0	0	0	0	0	0	0	0	0	2	0	0	0	0	2	0
M01896:2:000000000-A69JN:1:1106:27650:14997	0	2	0	0	0	0	0	1	0	0	0	0	0	2	0	0	0	0	2	0
M01896:2:000000000-A69JN:1:2108:4468:20540	0	2	0	0	0	0	0	0	0	0	0	0	0	2	0	0	0	0	2	0
M01896:2:000000000-A69JN:1:2109:19459:5849	0	2	0	0	0	0	0	0	0	0	0	0	0	2	0	8	3	1	12	3
M01896:2:000000000-A69JN:1:2102:14282:6417	0	2	0	0	0	0	0	0	0	0	0	0	0	2	0	0	0	0	2	0
M01896:2:000000000-A69JN:1:2111:12721:15509	0	2	0	0	0	0	0	0	0	0	0	0	0	2	0	0	0	0	2	0
M01896:2:000000000-A69JN:1:1108:8012:3372	0	2	0	0	0	0	0	0	0	0	0	0	0	2	0	0	0	0	2	0
M01896:2:000000000-A69JN:1:2101:21492:14885	0	2	0	0	0	0	0	0	0	0	0	0	0	2	0	0	1	1	3	0
M01896:2:000000000-A69JN:1:1101:23790:10952	0	2	2	0	0	0	0	0	0	0	2	0	0	2	0	1	2	0	4	0
M01896:2:000000000-A69JN:1:2106:9875:6857	0	2	0	0	0	0	0	0	0	0	0	0	0	2	0	0	0	0	2	0
M01896:2:000000000-A69JN:1:2102:14953:24553	0	2	0	0	0	0	0	0	0	0	0	0	0	2	0	1	1	0	3	0
M01896:2:000000000-A69JN:1:1104:2771:11253	0	2	0	0	0	0	0	0	0	0	0	0	0	2	0	0	2	0	2	0
M01896:2:000000000-A69JN:1:2102:18958:24620	0	2	0	0	0	0	0	0	0	0	0	0	0	2	0	0	0	0	2	0
M01896:15:000000000-A7EN9:1:2104:5951:21388	0	0	26	0	22	0	0	0	0	0	26	0	22	0	0	30	31	0	0	1
M01896:14:000000000-A7ERE:1:1119:13335:15374	0	0	3	0	0	0	0	0	0	0	3	0	0	0	0	0	3	0	2	0
M01896:14:000000000-A7ERE:1:2105:25534:12820	0	0	5	0	0	0	0	0	0	0	5	0	0	0	0	1	5	0	1	0
M01896:14:000000000-A7ERE:1:2110:18221:23902	0	0	3	0	2	0	0	0	0	0	3	0	2	0	0	2	3	0	0	0
M01896:14:000000000-A7ERE:1:1114:10104:12063	0	0	3	0	0	0	0	0	0	0	3	0	0	0	0	1	3	0	0	0
M00595:54:000000000-A7CT0:1:1112:20795:23305	0	0	5	0	2	0	0	0	0	0	5	0	2	0	0	8	14	4	1	1
M01896:14:000000000-A7ERE:1:1119:12969:21536	0	0	2	0	0	0	0	0	0	0	2	0	0	0	0	0	2	0	0	0
M01896:15:000000000-A7EN9:1:1106:15998:22753	0	0	2	0	0	0	0	0	0	0	2	0	0	0	0	0	2	0	0	0
M01896:14:000000000-A7ERE:1:2102:27398:12666	0	0	2	0	0	0	0	0	0	0	2	0	0	0	0	0	4	1	1	0
M01896:14:000000000-A7ERE:1:2105:24734:5327	0	0	7	0	3	0	0	0	0	0	7	0	3	0	0	3	9	2	1	0
M01896:15:000000000-A7EN9:1:1118:8328:6353	0	0	2	0	0	0	0	0	0	0	2	0	0	0	0	0	2	0	0	0
M01896:15:000000000-A7EN9:1:2118:24605:12795	0	0	2	0	0	0	0	0	0	0	2	0	0	0	0	0	2	0	0	0
M01896:15:000000000-A7EN9:1:1105:25649:7748	0	0	2	0	0	0	0	0	0	0	2	0	0	0	0	0	2	0	0	0
M01896:15:000000000-A7EN9:1:1101:11168:5671	0	0	2	0	0	0	0	0	0	0	2	0	0	0	0	0	2	0	0	0
M01896:14:000000000-A7ERE:1:1119:18484:22663	0	0	2	0	0	0	0	0	0	0	2	0	0	0	0	0	2	0	0	0
M01896:14:000000000-A7ERE:1:1115:4815:8545	0	0	2	0	0	0	0	0	0	0	2	0	0	0	0	1	3	1	1	0
M01896:15:000000000-A7EN9:1:1118:21613:4920	0	0	2	0	0	0	0	0	0	0	2	0	0	0	0	0	2	0	0	0
M01896:15:000000000-A7EN9:1:2106:14412:3320	0	0	2	0	0	0	0	0	0	0	2	0	0	0	0	0	2	0	0	0
M01896:15:000000000-A7EN9:1:2101:9124:9014	0	0	2	0	0	0	0	0	0	0	2	0	0	0	0	1	3	0	0	0
M01896:14:000000000-A7ERE:1:2119:10241:12835	0	0	2	0	0	0	0	0	0	0	2	0	0	0	0	0	2	0	1	0
M01896:15:000000000-A7EN9:1:2107:6373:5885	0	0	2	0	0	0	0	0	0	0	2	0	0	0	0	0	2	0	0	0
M01896:14:000000000-A7ERE:1:1117:27786:15431	0	0	6	0	0	0	0	0	0	0	6	0	0	0	0	2	12	1	2	0
M01896:14:000000000-A7ERE:1:2109:18213:8194	0	0	2	0	0	0	0	0	0	0	2	0	0	0	0	0	2	0	0	0
M01896:15:000000000-A7EN9:1:2105:17826:12925	0	0	2	0	0	0	0	0	0	0	2	0	0	0	0	2	3	1	0	1
M01896:15:000000000-A7EN9:1:2104:22980:7841	0	0	2	0	0	0	0	0	0	0	2	0	0	0	0	0	3	0	1	0
M01896:15:000000000-A7EN9:1:1117:7459:6797	0	0	2	0	0	0	0	0	0	0	2	0	0	0	0	0	2	0	0	0
M01896:14:000000000-A7ERE:1:2104:24316:20640	0	0	2	0	0	0	0	0	0	0	2	0	0	0	0	0	3	2	2	0
M01896:15:000000000-A7EN9:1:1116:20138:17872	0	0	2	0	0	0	0	0	0	0	2	0	0	0	0	0	2	0	0	0
M01896:15:000000000-A7EN9:1:2105:14722:20897	0	0	2	0	0	0	0	0	0	0	2	0	0	0	0	0	2	0	0	0
M01896:15:000000000-A7EN9:1:2110:19344:24217	0	0	2	0	0	0	0	0	0	0	2	0	0	0	0	0	2	0	2	1
M01896:14:000000000-A7ERE:1:1117:3257:17403	0	0	2	0	0	0	0	0	0	0	2	0	0	0	0	0	3	0	0	0
M01896:15:000000000-A7EN9:1:1107:5694:11897	0	0	4	0	0	0	0	0	0	0	4	0	0	0	0	1	5	1	4	0
M01896:15:000000000-A7EN9:1:2106:9466:18683	0	0	2	0	0	0	0	0	0	0	0	0	0	0	0	0	2	0	0	0
M01896:15:000000000-A7EN9:1:1106:20746:19951	0	0	2	0	0	0	0	0	0	0	2	0	0	0	0	0	2	0	0	0
M01896:14:000000000-A7ERE:1:1105:8007:24358	0	0	2	0	0	0	0	0	0	0	2	0	0	0	0	0	2	0	0	0
M01896:14:000000000-A7ERE:1:1109:13449:3216	0	0	2	0	0	0	0	0	0	0	2	0	0	0	0	0	2	0	0	0
M01896:14:000000000-A7ERE:1:2118:11927:13882	0	0	2	0	0	0	0	0	0	0	2	0	0	0	0	1	2	1	0	0
M01896:15:000000000-A7EN9:1:2106:25313:5411	0	0	2	0	0	0	0	0	0	0	2	0	0	0	0	0	2	0	5	0
M01896:14:000000000-A7ERE:1:2107:24795:14989	0	0	2	0	0	0	0	0	0	0	2	0	0	0	0	0	2	0	0	0
M01896:14:000000000-A7ERE:1:2106:18753:21363	0	0	2	0	0	0	0	0	0	0	2	0	0	0	0	0	2	0	0	0
M01896:14:000000000-A7ERE:1:1101:15837:20016	0	0	2	0	0	0	0	0	0	0	2	0	0	0	0	0	2	0	0	0
M01896:15:000000000-A7EN9:1:2106:10919:12982	0	0	2	0	0	0	0	0	0	0	2	0	0	0	0	0	2	0	0	0
M01896:14:000000000-A7ERE:1:2115:12402:24870	0	0	2	0	2	0	0	0	0	0	2	0	2	0	0	3	4	2	4	2
M01896:15:000000000-A7EN9:1:2111:14784:5449	0	0	2	0	0	0	0	0	0	0	2	0	0	0	0	1	3	1	1	4
M01896:14:000000000-A7ERE:1:2111:11057:17707	0	0	2	0	0	0	0	0	0	0	2	0	0	0	0	0	3	0	1	0
M01896:15:000000000-A7EN9:1:1108:7791:3475	0	0	2	0	0	0	0	0	0	0	2	0	0	0	0	0	3	0	2	0
M01896:14:000000000-A7ERE:1:2110:7377:20573	0	0	2	0	0	0	0	0	0	0	2	0	0	0	0	0	2	0	1	0
M01896:15:000000000-A7EN9:1:2101:14442:11430	0	0	2	0	0	0	0	0	0	0	0	0	0	0	0	0	1	0	0	0
M01896:14:000000000-A7ERE:1:2113:25281:23234	0	0	2	0	0	0	0	0	0	0	2	0	2	0	0	1	3	0	1	1
M01896:14:000000000-A7ERE:1:1114:21530:3878	0	0	2	0	0	0	0	0	0	0	2	0	0	0	0	0	2	0	0	0
M01896:15:000000000-A7EN9:1:2106:20799:12780	0	0	2	0	0	0	0	0	0	0	2	0	0	0	0	0	2	0	0	0
M01896:14:000000000-A7ERE:1:2113:20826:24506	0	0	2	0	0	0	0	0	0	0	2	0	0	0	0	0	2	0	1	0
M01896:14:000000000-A7ERE:1:2106:6417:21850	0	0	2	0	0	0	0	0	0	0	2	0	0	0	0	0	2	0	0	0
M01896:14:000000000-A7ERE:1:2106:13852:13726	0	0	2	0	0	0	0	0	0	0	2	0	0	0	0	0	2	0	0	0
M00595:54:000000000-A7CT0:1:2111:20242:19639	0	0	0	82	0	0	0	0	0	0	0	0	0	0	0	0	0	0	0	1
M00595:54:000000000-A7CT0:1:2115:18185:9685	0	0	0	3	0	0	0	0	0	0	0	3	0	0	0	1	0	0	0	3
M00595:54:000000000-A7CT0:1:1104:21277:5778	0	0	0	3	0	0	0	0	0	0	0	3	0	0	0	0	0	0	1	3
M00595:54:000000000-A7CT0:1:2112:15702:9753	0	0	0	3	0	0	0	0	0	0	0	3	0	0	0	0	0	0	1	3
M00595:54:000000000-A7CT0:1:2108:5607:6978	0	0	0	2	0	0	0	0	0	0	0	2	0	0	0	0	0	0	0	2
M00595:54:000000000-A7CT0:1:2105:22155:9584	0	0	0	2	0	0	0	0	0	0	0	2	0	0	0	0	0	0	0	2
M00595:54:000000000-A7CT0:1:2103:14230:13686	0	0	0	2	0	0	0	0	0	0	0	2	0	0	0	0	2	1	1	2
M00595:54:000000000-A7CT0:1:1102:14035:5737	0	0	0	2	0	0	0	0	0	0	0	2	0	0	0	0	0	0	0	2
M00595:54:000000000-A7CT0:1:2117:14938:18199	0	0	0	2	0	0	0	0	0	0	0	2	0	0	0	0	0	0	0	2
M00595:54:000000000-A7CT0:1:1106:15681:5666	0	0	0	2	0	0	0	0	0	0	0	2	0	0	0	0	0	1	0	2
M00595:54:000000000-A7CT0:1:1101:11647:18383	0	0	0	2	0	0	0	0	0	0	0	2	0	0	0	1	0	1	0	2
M00595:54:000000000-A7CT0:1:2108:12402:13558	0	0	0	2	0	0	0	0	0	0	0	2	0	0	0	1	2	0	1	3
M01896:14:000000000-A7ERE:1:1108:28353:9951	0	0	0	2	0	0	0	0	0	0	0	2	0	0	0	2	3	0	6	7
M00595:54:000000000-A7CT0:1:2106:21586:13216	0	0	0	2	0	0	0	0	0	0	0	2	0	0	0	0	0	0	0	2
M00595:54:000000000-A7CT0:1:1115:25807:17283	0	0	0	2	0	0	0	0	0	0	0	2	0	0	0	0	1	1	1	2
M00595:54:000000000-A7CT0:1:2106:8952:10312	0	0	0	2	0	0	0	0	0	0	0	2	0	0	0	0	0	0	0	2
M00595:54:000000000-A7CT0:1:2113:4632:8859	0	0	0	2	0	0	0	0	0	0	0	2	0	0	0	0	0	0	0	3
M00595:54:000000000-A7CT0:1:1108:28070:14520	0	0	0	2	0	0	0	0	0	0	0	2	0	0	0	0	0	0	1	2
M00595:54:000000000-A7CT0:1:1116:20696:21090	0	0	0	2	0	0	0	0	0	0	0	2	0	0	0	0	0	0	0	2
M00595:54:000000000-A7CT0:1:2116:13751:17475	0	0	0	2	0	0	0	0	0	0	0	2	0	0	0	0	0	0	0	2
M01896:2:000000000-A69JN:1:2117:8603:13154	0	0	0	2	0	0	0	0	0	0	0	2	0	0	0	2	0	1	3	2
M00595:54:000000000-A7CT0:1:1101:12469:14209	0	0	0	2	0	0	0	0	0	0	0	2	0	0	0	0	0	0	0	3
M00595:54:000000000-A7CT0:1:2116:13990:8468	0	0	0	2	0	0	0	0	0	0	0	2	0	0	0	0	0	0	0	2
M00595:54:000000000-A7CT0:1:2105:11142:7944	0	0	0	2	0	0	0	0	0	0	0	2	0	0	0	0	0	0	0	1
M00595:54:000000000-A7CT0:1:2102:23211:13388	0	0	0	2	0	0	0	0	0	0	0	2	0	0	0	0	1	1	1	4
M00595:54:000000000-A7CT0:1:1106:6146:13615	0	0	0	2	0	0	0	0	0	0	0	2	0	0	0	0	0	0	0	2
M00595:54:000000000-A7CT0:1:2102:8288:15613	0	0	0	2	0	0	0	0	0	0	0	2	0	0	0	0	1	0	2	4
M00595:54:000000000-A7CT0:1:1103:14053:18660	0	0	0	2	0	0	0	0	0	0	0	2	0	0	0	0	0	0	0	2
M00595:54:000000000-A7CT0:1:1116:21713:7209	0	0	0	2	0	0	0	0	0	0	0	2	0	0	0	0	0	0	1	2
M00595:54:000000000-A7CT0:1:1103:8815:10642	0	0	0	2	0	0	0	0	0	0	0	2	0	0	0	1	1	0	0	2
M00595:54:000000000-A7CT0:1:2107:17467:8381	0	0	0	2	0	0	0	0	0	0	0	2	0	0	0	0	0	0	0	2
M00595:54:000000000-A7CT0:1:2102:9679:5027	0	0	0	2	0	0	0	0	0	0	0	2	0	0	0	0	0	0	1	2
M00595:54:000000000-A7CT0:1:2106:24610:11372	0	0	0	2	0	0	1	0	0	0	0	2	0	0	0	0	0	0	0	2
M00595:54:000000000-A7CT0:1:1116:15224:18881	0	0	0	2	0	0	0	0	0	0	0	2	0	0	0	0	3	0	0	2
M00595:54:000000000-A7CT0:1:1110:17183:16142	0	0	0	2	0	0	0	0	0	0	0	2	0	0	0	0	0	0	0	2
M00595:54:000000000-A7CT0:1:2111:5220:14406	0	0	0	2	0	0	0	0	0	0	0	2	0	0	0	0	0	0	0	2
M00595:54:000000000-A7CT0:1:1102:10331:5365	0	0	0	2	0	0	0	0	0	0	0	2	0	0	0	1	0	1	2	2
M01896:14:000000000-A7ERE:1:2110:9054:4192	0	0	0	0	40	0	0	0	0	0	0	0	0	0	0	1	0	0	0	0
M01896:15:000000000-A7EN9:1:2103:19455:9443	0	0	0	0	3	0	0	0	0	0	0	0	3	0	0	1	0	0	0	0
M01896:14:000000000-A7ERE:1:2109:23208:10807	0	0	0	0	2	0	0	0	0	0	0	0	2	0	0	2	0	0	0	0
M01896:14:000000000-A7ERE:1:2107:3629:9351	0	0	0	0	2	0	0	0	0	0	0	0	2	0	0	2	0	0	0	0
M01896:14:000000000-A7ERE:1:1114:4696:19133	0	0	0	0	2	0	0	0	0	0	0	0	2	0	0	2	0	0	0	0
M01896:15:000000000-A7EN9:1:1101:15343:7295	0	0	0	0	2	0	0	0	0	0	0	0	2	0	0	2	0	0	0	0
M01896:14:000000000-A7ERE:1:2118:4071:8336	0	0	0	0	2	0	0	0	0	0	0	0	2	0	0	2	0	0	0	0
M01896:15:000000000-A7EN9:1:2104:16022:5233	0	0	0	0	2	0	0	0	0	0	0	0	2	0	0	2	0	0	0	0
M01896:14:000000000-A7ERE:1:1105:4397:19729	0	0	0	0	2	0	0	0	0	0	0	0	2	0	0	2	0	0	0	0
M01896:15:000000000-A7EN9:1:2101:27500:10593	0	0	0	0	2	0	0	0	0	0	0	0	2	0	0	2	0	0	1	0
M01896:14:000000000-A7ERE:1:2117:14667:16084	0	0	0	0	2	0	0	0	0	0	0	0	2	0	0	2	0	0	0	0
M01896:14:000000000-A7ERE:1:1116:25366:12579	0	0	0	0	2	0	0	0	0	0	0	0	2	0	0	2	0	0	0	0
M01896:14:000000000-A7ERE:1:2101:26447:12497	0	0	0	0	2	0	0	0	0	0	0	0	2	0	0	2	1	1	0	0
M01896:14:000000000-A7ERE:1:1106:25069:8712	0	0	0	0	2	0	0	0	0	0	0	0	2	0	0	3	2	0	2	3
M01896:14:000000000-A7ERE:1:2111:13557:19152	0	0	0	0	2	0	0	0	0	0	0	0	2	0	0	2	0	0	0	0
M01896:15:000000000-A7EN9:1:2110:4189:20227	0	0	0	0	2	0	0	0	0	0	0	0	2	0	0	3	1	1	2	0
M01896:15:000000000-A7EN9:1:1108:17521:16753	0	0	0	0	2	0	0	0	0	0	0	0	2	0	0	2	0	0	0	0
M01896:14:000000000-A7ERE:1:2118:5901:21732	0	0	0	0	2	0	0	0	0	0	0	0	2	0	0	2	0	0	0	0
M01896:15:000000000-A7EN9:1:2101:5231:18104	0	0	0	0	2	0	0	0	0	0	0	0	2	0	0	2	0	0	0	0
M01896:15:000000000-A7EN9:1:2111:23783:10755	0	0	0	0	2	0	0	0	0	0	0	0	2	0	0	5	3	1	0	1
M01896:14:000000000-A7ERE:1:2105:17971:13929	0	0	0	0	2	0	0	0	0	0	0	0	2	0	0	2	0	0	0	0
M01896:15:000000000-A7EN9:1:2114:8398:6128	0	0	0	0	2	0	0	0	0	0	0	0	2	0	0	2	0	0	0	0
M01896:14:000000000-A7ERE:1:1109:11613:7413	0	0	0	0	2	0	0	0	0	0	0	0	2	0	0	2	0	1	0	0
M01896:15:000000000-A7EN9:1:2104:4702:11782	0	0	0	0	2	0	0	0	0	0	0	0	2	0	0	3	0	0	0	0
M01896:15:000000000-A7EN9:1:1102:10349:21616	0	0	0	0	2	0	0	0	0	0	0	0	2	0	0	2	0	0	0	0
M01896:15:000000000-A7EN9:1:2110:8585:20264	0	0	0	0	2	0	0	0	0	0	0	0	2	0	0	2	0	0	0	0
M01896:15:000000000-A7EN9:1:2108:25555:22021	0	0	0	0	2	0	0	0	0	0	0	0	2	0	0	2	0	0	1	0
M01896:14:000000000-A7ERE:1:1118:17787:19611	0	0	0	0	2	0	0	0	0	0	0	0	2	0	0	2	0	0	0	0
M01896:15:000000000-A7EN9:1:1114:6054:12792	0	0	0	0	2	0	0	0	0	0	0	0	2	0	0	2	2	1	0	0
M01896:14:000000000-A7ERE:1:1115:18472:17234	0	0	0	0	2	0	0	0	0	0	0	0	2	0	0	2	0	0	0	0
M01896:14:000000000-A7ERE:1:2103:21669:17874	0	0	0	0	2	0	0	0	0	0	0	0	2	0	0	6	6	0	0	0
M01896:14:000000000-A7ERE:1:2107:8622:5436	0	0	0	0	2	0	0	0	0	0	0	0	2	0	0	2	0	0	0	0
M01896:14:000000000-A7ERE:1:2109:15973:24948	0	0	0	0	2	0	0	0	0	0	0	0	2	0	0	2	0	0	0	0
M01896:14:000000000-A7ERE:1:1108:25049:8885	0	0	0	0	2	0	0	0	0	0	0	0	2	0	0	2	0	0	2	0
M01896:14:000000000-A7ERE:1:1111:18688:13989	0	0	0	0	2	0	0	0	0	0	0	0	2	0	0	2	0	0	0	0
M01896:15:000000000-A7EN9:1:2111:17941:21309	0	0	0	0	2	0	0	0	0	0	0	0	2	0	0	2	0	0	0	0
M01896:15:000000000-A7EN9:1:2103:11598:21453	0	0	0	0	2	1	0	0	0	0	0	0	2	0	0	3	0	0	0	0
M01896:15:000000000-A7EN9:1:2106:15791:19988	0	0	0	0	2	0	0	0	0	0	0	0	0	0	0	2	0	0	0	0
M01896:15:000000000-A7EN9:1:2116:15566:17557	0	0	0	0	2	0	0	0	0	0	0	0	2	0	0	2	0	0	0	1
M01896:2:000000000-A69JN:1:2113:9086:23112	0	0	0	0	0	0	0	1	0	0	0	0	0	0	0	0	0	0	2	0
M01896:14:000000000-A7ERE:1:2113:11344:16794	0	0	0	0	0	0	0	0	0	0	31	0	0	0	0	0	1	0	0	0
M01896:2:000000000-A69JN:1:1109:23687:22876	0	0	0	0	0	0	0	0	0	0	4	0	0	6	0	0	2	0	3	0
M01896:15:000000000-A7EN9:1:2110:25099:20143	0	0	0	0	0	0	0	0	0	0	2	0	0	0	0	0	2	0	0	0
M01896:14:000000000-A7ERE:1:2110:7884:7402	0	0	0	0	0	0	0	0	0	0	2	0	0	0	0	0	2	0	0	0
M01896:15:000000000-A7EN9:1:1104:23481:5486	0	0	0	0	0	0	0	0	0	0	2	0	0	0	0	0	3	1	0	0
M01896:14:000000000-A7ERE:1:1108:19336:19168	0	0	0	0	0	0	0	0	0	0	2	0	0	0	0	0	2	0	0	0
M01896:14:000000000-A7ERE:1:2116:14825:17273	0	0	0	0	0	0	0	0	0	0	2	0	0	0	0	0	2	0	0	0
M01896:15:000000000-A7EN9:1:2106:5834:4798	0	0	0	0	0	0	0	0	0	0	2	0	0	0	0	0	3	0	0	0
M01896:15:000000000-A7EN9:1:2117:22902:15662	0	0	0	0	0	0	0	0	0	0	2	0	0	0	0	0	2	0	0	0
M01896:15:000000000-A7EN9:1:1116:2974:10929	0	0	0	0	0	0	0	0	0	0	2	0	0	0	0	0	3	0	3	1
M01896:15:000000000-A7EN9:1:1116:19555:20501	0	0	0	0	0	0	0	0	0	0	2	0	0	0	0	0	2	0	1	0
M01896:14:000000000-A7ERE:1:1105:13821:4900	0	0	0	0	0	0	0	0	0	0	2	0	0	0	0	0	2	0	0	0
M01896:15:000000000-A7EN9:1:1107:25564:21582	0	0	0	0	0	0	0	0	0	0	2	0	0	0	0	0	2	0	0	0
M01896:14:000000000-A7ERE:1:2111:3577:17785	0	0	0	0	0	0	0	0	0	0	2	0	0	0	0	0	2	0	0	0
M00595:54:000000000-A7CT0:1:1109:21265:23447	0	0	0	0	0	0	0	0	0	0	0	3	0	2	0	1	2	2	9	4
M01896:2:000000000-A69JN:1:1101:26656:12599	0	0	0	0	0	0	0	0	0	0	0	3	0	0	0	1	0	0	2	3
M00595:54:000000000-A7CT0:1:2102:18420:16943	0	0	0	0	0	0	0	0	0	0	0	2	0	0	0	0	0	0	0	2
M01896:15:000000000-A7EN9:1:1111:12936:3763	0	0	0	0	0	0	0	0	0	0	0	2	0	0	0	1	0	0	0	2
M00595:54:000000000-A7CT0:1:2114:20658:8731	0	0	0	0	0	0	0	0	0	0	0	2	0	0	0	0	0	0	1	2
M00595:54:000000000-A7CT0:1:1103:15748:16662	0	0	0	0	0	0	0	0	0	0	0	2	0	0	0	0	0	0	0	2
M00595:54:000000000-A7CT0:1:1108:16182:16060	0	0	0	0	0	0	0	0	0	0	0	2	0	0	0	0	0	0	0	2
M00595:54:000000000-A7CT0:1:1110:21561:16142	0	0	0	0	0	0	0	0	0	0	0	4	0	0	0	3	1	2	3	4
M00595:54:000000000-A7CT0:1:1104:12227:20687	0	0	0	0	0	0	0	0	0	0	0	2	0	0	0	0	0	0	3	2
M00595:54:000000000-A7CT0:1:2113:10079:12919	0	0	0	0	0	0	0	0	0	0	0	2	0	0	0	0	1	0	0	3
M00595:54:000000000-A7CT0:1:1106:22948:22687	0	0	0	0	0	0	0	0	0	0	0	2	0	0	0	0	0	0	0	2
M00595:54:000000000-A7CT0:1:1114:11790:5891	0	0	0	0	0	0	0	0	0	0	0	2	0	0	0	0	0	0	0	3
M00595:54:000000000-A7CT0:1:1115:8532:17625	0	0	0	0	0	0	0	0	0	0	0	2	0	0	0	0	1	0	0	3
M00595:54:000000000-A7CT0:1:2106:18067:15346	0	0	0	0	0	0	0	0	0	0	0	2	0	0	0	0	0	0	0	2
M00595:54:000000000-A7CT0:1:1117:16062:17358	0	0	0	0	0	0	0	0	0	0	0	2	0	0	0	0	0	0	2	4
M00595:54:000000000-A7CT0:1:1112:4770:9215	0	0	0	0	0	0	0	0	0	0	0	2	0	0	0	0	0	0	1	2
M00595:54:000000000-A7CT0:1:2106:15781:19472	0	0	0	0	0	0	0	0	0	0	0	2	0	0	0	0	0	0	0	2
M00595:54:000000000-A7CT0:1:2110:12641:4255	0	0	0	0	0	0	0	0	0	0	0	2	0	0	0	0	0	0	0	2
M00595:54:000000000-A7CT0:1:1102:24776:10629	0	0	0	0	0	0	0	0	0	0	0	2	0	0	0	2	2	0	1	4
M00595:54:000000000-A7CT0:1:1110:13064:22105	0	0	0	0	0	0	0	0	0	0	0	2	0	0	0	0	0	0	0	2
M00595:54:000000000-A7CT0:1:2104:24878:11017	0	0	0	0	0	0	0	0	0	0	0	2	0	0	0	0	0	0	0	3
M00595:54:000000000-A7CT0:1:1111:13141:21497	0	0	0	0	0	0	0	0	0	0	0	2	0	0	0	0	0	0	0	2
M00595:54:000000000-A7CT0:1:2112:16876:3357	0	0	0	0	0	0	0	0	0	0	0	2	0	0	0	0	0	0	0	2
M01896:14:000000000-A7ERE:1:2114:26749:11240	0	0	0	0	0	0	0	0	0	0	0	2	0	0	0	3	3	0	5	2
M01896:2:000000000-A69JN:1:2112:16225:15844	0	0	0	0	0	0	0	0	0	0	0	2	0	0	0	0	1	0	3	5
M00595:54:000000000-A7CT0:1:1111:13249:18910	0	0	0	0	0	0	0	0	0	0	0	2	0	0	0	0	0	0	0	2
M01896:2:000000000-A69JN:1:1110:11467:15766	0	0	0	0	0	0	0	0	0	0	0	0	9	9	0	9	3	0	15	0
M01896:2:000000000-A69JN:1:2104:24885:12428	0	0	0	0	0	0	0	0	0	0	0	0	3	0	0	4	3	0	7	0
M01896:14:000000000-A7ERE:1:2101:20234:24967	0	0	0	0	0	0	0	0	0	0	0	0	2	0	0	2	0	0	0	0
M01896:15:000000000-A7EN9:1:2105:7890:20238	0	0	0	0	0	0	0	0	0	0	0	0	2	0	0	3	0	1	0	0
M01896:15:000000000-A7EN9:1:1113:26470:7482	0	0	0	0	0	0	0	0	0	0	0	0	2	0	0	3	0	0	0	0
M01896:15:000000000-A7EN9:1:2117:8027:10934	0	0	0	0	0	0	0	0	0	0	0	0	2	0	0	2	0	0	0	0
M01896:15:000000000-A7EN9:1:2110:17909:3228	0	0	0	0	0	0	0	0	0	0	0	0	2	0	0	3	0	0	0	1
M01896:14:000000000-A7ERE:1:2102:13705:19575	0	0	0	0	0	0	0	0	0	0	0	0	2	0	0	2	0	0	0	0
M01896:15:000000000-A7EN9:1:2114:23811:11737	0	0	0	0	0	0	0	0	0	0	0	0	2	0	0	2	0	0	0	0
M01896:14:000000000-A7ERE:1:2118:9671:23989	0	0	0	0	0	0	0	0	0	0	0	0	2	0	0	2	0	0	0	1
M01896:15:000000000-A7EN9:1:1107:9247:17517	0	0	0	0	0	0	0	0	0	0	0	0	2	0	0	2	0	0	0	1
M01896:15:000000000-A7EN9:1:2103:20857:23375	0	0	0	0	0	0	0	0	0	0	0	0	2	0	0	2	0	0	0	0
M01896:15:000000000-A7EN9:1:1105:18225:10644	0	0	0	0	0	0	0	0	0	0	0	0	2	0	0	2	0	0	0	0
M01896:15:000000000-A7EN9:1:2115:19603:13863	0	0	0	0	0	0	0	0	0	0	0	0	2	0	0	2	0	0	0	0
M01896:14:000000000-A7ERE:1:2104:10876:2621	0	0	0	0	0	0	0	0	0	0	0	0	2	0	0	2	0	0	0	0
M01896:14:000000000-A7ERE:1:2105:6888:14967	0	0	0	0	0	0	0	0	0	0	0	0	2	0	0	2	0	0	0	0
M00595:42:000000000-A5J1T:1:2110:20855:15915	0	0	0	0	0	0	0	0	0	0	0	0	0	15	0	7	5	3	34	5
M01896:2:000000000-A69JN:1:2103:14828:10004	0	0	0	0	0	0	0	0	0	0	0	0	0	12	0	4	6	5	26	1
M01896:2:000000000-A69JN:1:2103:25690:21493	0	0	0	0	0	0	0	0	0	0	0	0	0	11	0	10	4	0	19	3
M00595:54:000000000-A7CT0:1:1116:14334:4764	0	0	0	0	0	0	0	0	0	0	0	0	0	7	0	6	5	2	19	2
M01896:2:000000000-A69JN:1:2113:9470:13980	0	0	0	0	0	0	0	0	0	0	0	0	0	5	0	0	0	0	1	0
M01896:14:000000000-A7ERE:1:1102:8492:12586	0	0	0	0	0	0	0	0	0	0	0	0	0	8	0	5	5	2	16	7
M00595:54:000000000-A7CT0:1:1108:11656:15329	0	0	0	0	0	0	0	0	0	0	0	0	0	5	0	6	4	0	10	3
M01896:2:000000000-A69JN:1:1103:7924:6488	0	0	0	0	0	0	0	0	0	0	0	0	0	3	0	0	0	0	3	0
M01896:2:000000000-A69JN:1:2114:15905:19619	0	0	0	0	0	0	0	0	0	0	0	0	0	5	0	2	2	0	7	1
M01896:2:000000000-A69JN:1:2102:22687:20047	0	0	0	0	0	0	0	0	0	0	0	0	0	3	0	0	1	0	4	0
M01896:2:000000000-A69JN:1:2107:10592:7890	0	0	0	0	0	0	0	0	0	0	0	0	0	3	0	0	0	0	3	0
M01896:2:000000000-A69JN:1:2116:14433:7540	0	0	0	0	0	0	0	0	0	0	0	0	0	3	0	1	0	1	5	2
M01896:2:000000000-A69JN:1:1104:10571:13309	0	0	0	0	0	0	0	0	0	0	0	0	0	3	0	0	0	0	3	0
M01896:2:000000000-A69JN:1:2106:20214:16787	0	0	0	0	0	0	0	0	0	0	0	0	0	2	0	0	0	0	2	0
M01896:2:000000000-A69JN:1:2114:10151:12496	0	0	0	0	0	0	0	0	0	0	0	0	0	2	0	0	1	0	2	0
M01896:2:000000000-A69JN:1:2101:11473:15006	0	0	0	0	0	0	0	0	0	0	0	0	0	2	0	0	0	0	2	0
M01896:2:000000000-A69JN:1:1105:26902:11439	0	0	0	0	0	0	0	0	0	0	0	0	0	2	0	0	0	0	2	0
M01896:2:000000000-A69JN:1:1102:25874:20054	0	0	0	0	0	0	0	0	0	0	0	0	0	2	0	0	0	0	2	0
M01896:2:000000000-A69JN:1:2115:19680:21078	0	0	0	0	0	0	0	0	0	0	0	0	0	2	0	0	0	0	2	0
M01896:2:000000000-A69JN:1:2116:27716:17975	0	0	0	0	0	0	0	0	0	0	0	0	0	2	0	0	0	0	2	0
M01896:2:000000000-A69JN:1:2109:7873:17276	0	0	0	0	0	0	0	0	0	0	0	0	0	2	0	0	0	0	2	0
M01896:2:000000000-A69JN:1:1103:3191:8992	0	0	0	0	0	0	0	0	0	0	0	0	0	2	0	0	0	0	3	0
M01896:2:000000000-A69JN:1:2113:16093:14427	0	0	0	0	0	0	0	0	0	0	0	0	0	2	0	0	0	0	2	0
M01896:2:000000000-A69JN:1:2103:24062:3734	0	0	0	0	0	0	0	0	0	0	0	0	0	2	0	0	0	0	2	0
M01896:2:000000000-A69JN:1:2115:11754:14914	0	0	0	0	0	0	0	0	0	0	0	0	0	2	0	0	0	0	2	0
M01896:2:000000000-A69JN:1:1107:22734:4817	0	0	0	0	0	0	0	0	0	0	0	0	0	2	0	0	0	0	3	0
M01896:2:000000000-A69JN:1:1110:4176:15338	0	0	0	0	0	0	0	0	0	0	0	0	0	2	0	0	0	0	2	0
M01896:2:000000000-A69JN:1:2116:25161:8776	0	0	0	0	0	0	0	0	0	0	0	0	0	2	0	0	0	0	2	0
M01896:2:000000000-A69JN:1:2101:21256:12794	0	0	0	0	0	0	0	0	0	0	0	0	0	2	0	0	0	0	2	0
M01896:2:000000000-A69JN:1:1119:5635:9914	0	0	0	0	0	0	0	0	0	0	0	0	0	6	0	5	6	2	33	4
M01896:2:000000000-A69JN:1:1105:11398:18602	0	0	0	0	0	0	0	0	0	0	0	0	0	4	0	0	0	0	4	0
M01896:2:000000000-A69JN:1:1118:17383:12098	0	0	0	0	0	0	0	0	0	0	0	0	0	2	0	0	0	0	2	0
M01896:2:000000000-A69JN:1:1108:7437:22171	0	0	0	0	0	0	0	0	0	0	0	0	0	2	0	0	0	0	2	0
M01896:2:000000000-A69JN:1:1113:4189:10209	0	0	0	0	0	0	0	0	0	0	0	0	0	2	0	1	0	0	2	0
M01896:2:000000000-A69JN:1:2106:13200:18192	0	0	0	0	0	0	0	0	0	0	0	0	0	2	0	0	0	0	2	0
M01896:2:000000000-A69JN:1:2119:7208:3933	0	0	0	0	0	0	0	0	0	0	0	0	0	4	0	3	1	0	14	0
M01896:2:000000000-A69JN:1:1108:23439:9211	0	0	0	0	0	0	0	0	0	0	0	0	0	2	0	1	1	0	4	2
M01896:2:000000000-A69JN:1:2103:13828:17798	0	0	0	0	0	0	0	0	0	0	0	0	0	2	0	0	0	0	2	0
M01896:2:000000000-A69JN:1:2119:3361:14260	0	0	0	0	0	0	0	0	0	0	0	0	0	2	0	2	1	0	7	2
M01896:2:000000000-A69JN:1:1113:18815:3720	0	0	0	0	0	0	0	0	0	0	0	0	0	2	0	0	0	0	5	0
M01896:2:000000000-A69JN:1:1101:19240:8113	0	0	0	0	0	0	0	0	0	0	0	0	0	2	0	0	1	0	3	1
M01896:2:000000000-A69JN:1:1117:8554:19707	0	0	0	0	0	0	0	0	0	0	0	0	0	2	0	1	0	0	2	0
M01896:2:000000000-A69JN:1:1119:13044:9124	0	0	0	0	0	0	0	0	0	0	0	0	0	2	0	0	1	0	3	0
M01896:2:000000000-A69JN:1:1115:6930:21719	0	0	0	0	0	0	0	0	0	0	0	0	0	2	0	0	0	0	2	0
M01896:2:000000000-A69JN:1:2108:10868:19583	0	0	0	0	0	0	0	0	0	0	0	0	0	2	0	0	0	0	2	1
M01896:2:000000000-A69JN:1:2111:4861:18512	0	0	0	0	0	0	0	0	0	0	0	0	0	4	0	0	0	0	5	0
M01896:2:000000000-A69JN:1:2102:27616:13527	0	0	0	0	0	0	0	0	0	0	0	0	0	4	0	0	0	0	5	0
M01896:2:000000000-A69JN:1:1108:4585:18038	0	0	0	0	0	0	0	0	0	0	0	0	0	2	0	0	0	0	2	0
M01896:15:000000000-A7EN9:1:1105:4859:11991	0	0	0	0	0	0	0	0	0	0	0	0	0	4	0	2	7	2	11	2
M01896:2:000000000-A69JN:1:1118:17503:7310	0	0	0	0	0	0	0	0	0	0	0	0	0	2	0	0	0	0	2	1
M01896:2:000000000-A69JN:1:2103:9045:5264	0	0	0	0	0	0	0	0	0	0	0	0	0	2	0	0	0	0	2	0
M01896:2:000000000-A69JN:1:1109:14040:19316	0	0	0	0	0	0	0	0	0	0	0	0	0	2	0	0	1	1	5	1
M01896:2:000000000-A69JN:1:2104:21644:5379	0	0	0	0	0	0	0	0	0	0	0	0	0	2	0	1	0	0	2	0
M01896:2:000000000-A69JN:1:1116:15417:3566	0	0	0	0	0	0	0	0	0	0	0	0	0	2	0	0	0	0	3	0
M01896:2:000000000-A69JN:1:1119:25624:12768	0	0	0	0	0	0	0	0	0	0	0	0	0	2	0	2	3	3	4	0
M01896:2:000000000-A69JN:1:1111:12513:16783	0	0	0	0	0	0	0	0	0	0	0	0	0	2	0	0	0	0	2	0
M01896:2:000000000-A69JN:1:1113:4834:19171	0	0	0	0	0	0	0	0	0	0	0	0	0	2	0	0	0	0	2	0
M01896:2:000000000-A69JN:1:2117:6772:18468	0	0	0	0	0	0	0	0	0	0	0	0	0	2	0	0	0	0	2	0
M01896:2:000000000-A69JN:1:2114:13673:18150	0	0	0	0	0	0	0	0	0	0	0	0	0	2	0	0	0	0	2	0
M00595:42:000000000-A5J1T:1:1113:13426:12504	0	0	0	0	0	0	0	0	0	0	0	0	0	0	4	2	0	6	1	2
M00595:42:000000000-A5J1T:1:1113:10043:22045	0	0	0	0	0	0	0	0	0	0	0	0	0	0	2	0	0	2	0	0
M01896:15:000000000-A7EN9:1:1114:25506:11924	0	0	0	0	0	0	0	0	0	0	0	0	0	0	0	4	4	1	2	0
M01896:2:000000000-A69JN:1:2112:6076:14261	0	0	0	0	0	0	0	0	0	0	0	0	0	0	0	2	4	1	5	3
M01896:14:000000000-A7ERE:1:1106:4420:8006	0	0	0	0	0	0	0	0	0	0	0	0	0	0	0	4	4	0	0	0
M00595:54:000000000-A7CT0:1:1107:19391:14143	0	0	0	0	0	0	0	0	0	0	0	0	0	0	0	2	2	1	3	1
M01896:14:000000000-A7ERE:1:1103:7050:8632	0	0	0	0	0	0	0	0	0	0	0	0	0	0	0	5	1	0	6	1
M01896:2:000000000-A69JN:1:2101:9897:7360	0	0	0	0	0	0	0	0	0	0	0	0	0	0	0	2	0	0	3	0
M01896:14:000000000-A7ERE:1:1104:23082:8328	0	0	0	0	0	0	0	0	0	0	0	0	0	0	0	2	0	1	0	1
M01896:2:000000000-A69JN:1:1113:6529:11129	0	0	0	0	0	0	0	0	0	0	0	0	0	0	0	2	3	0	1	0
M01896:2:000000000-A69JN:1:2112:15209:16436	0	0	0	0	0	0	0	0	0	0	0	0	0	0	0	3	1	0	2	1
M01896:15:000000000-A7EN9:1:1101:25918:16438	0	0	0	0	0	0	0	0	0	0	0	0	0	0	0	2	4	0	1	2
M01896:2:000000000-A69JN:1:1118:10124:13896	0	0	0	0	0	0	0	0	0	0	0	0	0	0	0	5	0	0	3	0
M01896:14:000000000-A7ERE:1:1107:9192:24074	0	0	0	0	0	0	0	0	0	0	0	0	0	0	0	1	0	1	0	0
M01896:14:000000000-A7ERE:1:2110:6678:18493	0	0	0	0	0	0	0	0	0	0	0	0	0	0	0	1	3	0	2	0
M00595:54:000000000-A7CT0:1:2109:25569:14445	0	0	0	0	0	0	0	0	0	0	0	0	0	0	0	3	0	0	2	0
M00595:42:000000000-A5J1T:1:2116:13776:15358	0	0	0	0	0	0	0	0	0	0	0	0	0	0	0	7	5	1	5	0
M01896:2:000000000-A69JN:1:2116:11369:15335	0	0	0	0	0	0	0	0	0	0	0	0	0	0	0	4	7	3	3	1
M01896:2:000000000-A69JN:1:2114:15211:2267	0	0	0	0	0	0	0	0	0	0	0	0	0	0	0	1	1	0	4	0
M01896:2:000000000-A69JN:1:2110:10713:7408	0	0	0	0	0	0	0	0	0	0	0	0	0	0	0	3	0	0	4	1
M01896:15:000000000-A7EN9:1:2108:3509:8207	0	0	0	0	0	0	0	0	0	0	0	0	0	0	0	13	14	2	13	0
M00595:54:000000000-A7CT0:1:1107:9449:5941	0	0	0	0	0	0	0	0	0	0	0	0	0	0	0	1	1	1	1	3
M00595:54:000000000-A7CT0:1:1118:22225:11255	0	0	0	0	0	0	0	0	0	0	0	0	0	0	0	2	3	2	7	2
M01896:2:000000000-A69JN:1:1105:24721:11288	0	0	0	0	0	0	0	0	0	0	0	0	0	0	0	2	0	0	3	0
M01896:2:000000000-A69JN:1:1112:26759:8530	0	0	0	0	0	0	0	0	0	0	0	0	0	0	0	3	0	0	4	0
M01896:15:000000000-A7EN9:1:2116:16084:10017	0	0	0	0	0	0	0	0	0	0	0	0	0	0	0	2	2	1	6	1
M01896:14:000000000-A7ERE:1:1114:24898:5869	0	0	0	0	0	0	0	0	0	0	0	0	0	0	0	2	0	0	0	0
M01896:14:000000000-A7ERE:1:2117:10122:5823	0	0	0	0	0	0	0	0	0	0	0	0	0	0	0	2	1	0	0	0
M00595:42:000000000-A5J1T:1:1107:13166:5202	0	0	0	0	0	0	0	0	0	0	0	0	0	0	0	1	1	0	0	0
M01896:15:000000000-A7EN9:1:1114:5363:8446	0	0	0	0	0	0	0	0	0	0	0	0	0	0	0	1	3	0	4	0
M01896:14:000000000-A7ERE:1:1116:18677:15650	0	0	0	0	0	0	0	0	0	0	0	0	0	0	0	2	0	0	2	1
M01896:2:000000000-A69JN:1:1102:16587:22997	0	0	0	0	0	0	0	0	0	0	0	0	0	0	0	1	4	0	1	0
M01896:15:000000000-A7EN9:1:2107:26906:16047	0	0	0	0	0	0	0	0	0	0	0	0	0	0	0	2	1	1	2	1
M01896:2:000000000-A69JN:1:2110:21835:19977	0	0	0	0	0	0	0	0	0	0	0	0	0	0	0	3	0	0	2	1
M01896:2:000000000-A69JN:1:2118:5397:22233	0	0	0	0	0	0	0	0	0	0	0	0	0	0	0	2	2	2	2	0
M01896:14:000000000-A7ERE:1:1118:12011:13471	0	0	0	0	0	0	0	0	0	0	0	0	0	0	0	1	0	0	2	0
M01896:14:000000000-A7ERE:1:1113:22771:8941	0	0	0	0	0	0	0	0	0	0	0	0	0	0	0	6	7	0	8	2
M01896:15:000000000-A7EN9:1:2110:24211:13889	0	0	0	0	0	0	0	0	0	0	0	0	0	0	0	1	2	1	2	0
M01896:2:000000000-A69JN:1:2101:8287:8535	0	0	0	0	0	0	0	0	0	0	0	0	0	0	0	2	0	0	4	0
M00595:42:000000000-A5J1T:1:2108:17973:14889	0	0	0	0	0	0	0	0	0	0	0	0	0	0	0	3	2	1	2	0
M01896:2:000000000-A69JN:1:1116:16568:10551	0	0	0	0	0	0	0	0	0	0	0	0	0	0	0	2	4	0	13	0
M01896:2:000000000-A69JN:1:1110:20451:5779	0	0	0	0	0	0	0	0	0	0	0	0	0	0	0	2	2	1	5	1
M00595:42:000000000-A5J1T:1:1103:11220:10124	0	0	0	0	0	0	0	0	0	0	0	0	0	0	0	2	2	2	0	1
M01896:14:000000000-A7ERE:1:2115:7741:11375	0	0	0	0	0	0	0	0	0	0	0	0	0	0	0	3	3	0	9	2
M01896:14:000000000-A7ERE:1:2108:16294:6445	0	0	0	0	0	0	0	0	0	0	0	0	0	0	0	1	0	0	0	1
M01896:15:000000000-A7EN9:1:2107:21072:10734	0	0	0	0	0	0	0	0	0	0	0	0	0	0	0	2	1	1	6	0
M01896:2:000000000-A69JN:1:2116:10690:21915	0	0	0	0	0	0	0	0	0	0	0	0	0	0	0	1	1	1	3	0
M01896:2:000000000-A69JN:1:2109:10529:11329	0	0	0	0	0	0	0	0	0	0	0	0	0	0	0	1	0	4	4	1
M01896:14:000000000-A7ERE:1:2112:7233:2845	0	0	0	0	0	0	0	0	0	0	0	0	0	0	0	2	0	0	0	0
M01896:14:000000000-A7ERE:1:2118:8017:24389	0	0	0	0	0	0	0	0	0	0	0	0	0	0	0	2	0	1	0	0
M01896:2:000000000-A69JN:1:2117:18239:19496	0	0	0	0	0	0	0	0	0	0	0	0	0	0	0	1	1	1	0	0
M01896:14:000000000-A7ERE:1:2113:21571:11039	0	0	0	0	0	0	0	0	0	0	0	0	0	0	0	4	0	0	3	0
M00595:42:000000000-A5J1T:1:2114:15606:17547	0	0	0	0	0	0	0	0	0	0	0	0	0	0	0	2	3	8	11	1
M01896:2:000000000-A69JN:1:2115:12392:23546	0	0	0	0	0	0	0	0	0	0	0	0	0	0	0	1	1	0	3	1
M00595:54:000000000-A7CT0:1:1106:12955:13975	0	0	0	0	0	0	0	0	0	0	0	0	0	0	0	3	0	0	2	2
M01896:14:000000000-A7ERE:1:2108:23256:20068	0	0	0	0	0	0	0	0	0	0	0	0	0	0	0	2	4	0	0	1
M01896:14:000000000-A7ERE:1:1105:25558:12209	0	0	0	0	0	0	0	0	0	0	0	0	0	0	0	5	2	0	5	0
M01896:2:000000000-A69JN:1:2110:11082:11415	0	0	0	0	0	0	0	0	0	0	0	0	0	0	0	1	1	0	2	0
M01896:15:000000000-A7EN9:1:1101:6380:6336	0	0	0	0	0	0	0	0	0	0	0	0	0	0	0	1	0	0	0	2
M01896:15:000000000-A7EN9:1:1101:12657:21753	0	0	0	0	0	0	0	0	0	0	0	0	0	0	0	2	0	0	0	0
M01896:2:000000000-A69JN:1:2102:28189:18498	0	0	0	0	0	0	0	0	0	0	0	0	0	0	0	1	0	0	2	1
M01896:15:000000000-A7EN9:1:1102:21558:24518	0	0	0	0	0	0	0	0	0	0	0	0	0	0	0	2	0	0	0	0
M00595:54:000000000-A7CT0:1:1107:15726:12788	0	0	0	0	0	0	0	0	0	0	0	0	0	0	0	2	1	0	3	1
M01896:2:000000000-A69JN:1:2117:10249:18309	0	0	0	0	0	0	0	0	0	0	0	0	0	0	0	1	0	0	1	0
M00595:42:000000000-A5J1T:1:1117:17755:14407	0	0	0	0	0	0	0	0	0	0	0	0	0	0	0	2	2	1	2	0
M01896:14:000000000-A7ERE:1:2117:11822:7919	0	0	0	0	0	0	0	0	0	0	0	0	0	0	0	2	1	0	0	0
M00595:42:000000000-A5J1T:1:2106:11367:18717	0	0	0	0	0	0	0	0	0	0	0	0	0	0	0	1	0	1	5	1
M01896:15:000000000-A7EN9:1:2118:16022:15579	0	0	0	0	0	0	0	0	0	0	0	0	0	0	0	3	0	0	0	0
M01896:15:000000000-A7EN9:1:2103:13851:24777	0	0	0	0	0	0	0	0	0	0	0	0	0	0	0	6	5	1	2	1
M01896:2:000000000-A69JN:1:2101:25485:16192	0	0	0	0	0	0	0	0	0	0	0	0	0	0	0	2	1	0	0	0
M01896:2:000000000-A69JN:1:1111:5414:20148	0	0	0	0	0	0	0	0	0	0	0	0	0	0	0	3	3	0	6	4
M01896:2:000000000-A69JN:1:1108:7814:6560	0	0	0	0	0	0	0	0	0	0	0	0	0	0	0	2	4	0	3	0
M01896:15:000000000-A7EN9:1:1109:7517:7408	0	0	0	0	0	0	0	0	0	0	0	0	0	0	0	2	0	0	0	0
M01896:15:000000000-A7EN9:1:1109:28934:8629	0	0	0	0	0	0	0	0	0	0	0	0	0	0	0	1	0	0	0	0
M01896:15:000000000-A7EN9:1:1109:2652:16639	0	0	0	0	0	0	0	0	0	0	0	0	0	0	0	2	0	0	0	0
M01896:15:000000000-A7EN9:1:1109:15832:17104	0	0	0	0	0	0	0	0	0	0	0	0	0	0	0	1	5	1	5	1
M01896:2:000000000-A69JN:1:2109:9178:14969	0	0	0	0	0	0	0	0	0	0	0	0	0	0	0	2	4	0	7	3
M01896:2:000000000-A69JN:1:2114:25012:8392	0	0	0	0	0	0	0	0	0	0	0	0	0	0	0	1	1	2	3	2
M01896:2:000000000-A69JN:1:2114:19703:5914	0	0	0	0	0	0	0	0	0	0	0	0	0	0	0	1	0	1	2	0
M01896:2:000000000-A69JN:1:2105:13932:8217	0	0	0	0	0	0	0	0	0	0	0	0	0	0	0	1	1	0	10	0
M00595:54:000000000-A7CT0:1:2115:12373:15144	0	0	0	0	0	0	0	0	0	0	0	0	0	0	0	1	0	0	1	1
M01896:2:000000000-A69JN:1:2111:16228:8387	0	0	0	0	0	0	0	0	0	0	0	0	0	0	0	2	2	0	8	1
M01896:15:000000000-A7EN9:1:1116:6591:9673	0	0	0	0	0	0	0	0	0	0	0	0	0	0	0	2	0	0	0	0
M01896:2:000000000-A69JN:1:2103:19778:11536	0	0	0	0	0	0	0	0	0	0	0	0	0	0	0	4	0	0	5	1
M01896:2:000000000-A69JN:1:2103:9774:16280	0	0	0	0	0	0	0	0	0	0	0	0	0	0	0	1	4	0	6	0
M00595:54:000000000-A7CT0:1:1110:15007:3110	0	0	0	0	0	0	0	0	0	0	0	0	0	0	0	1	5	0	4	2
M01896:14:000000000-A7ERE:1:2107:26320:13542	0	0	0	0	0	0	0	0	0	0	0	0	0	0	0	8	4	0	0	0
M01896:2:000000000-A69JN:1:1101:13216:16017	0	0	0	0	0	0	0	0	0	0	0	0	0	0	0	2	0	0	1	0
M01896:2:000000000-A69JN:1:1102:22495:7754	0	0	0	0	0	0	0	0	0	0	0	0	0	0	0	1	2	1	16	1
M01896:2:000000000-A69JN:1:2119:20290:9358	0	0	0	0	0	0	0	0	0	0	0	0	0	0	0	2	0	0	1	1
M01896:2:000000000-A69JN:1:1108:19617:19271	0	0	0	0	0	0	0	0	0	0	0	0	0	0	0	3	2	0	5	1
M01896:2:000000000-A69JN:1:1108:18974:7069	0	0	0	0	0	0	0	0	0	0	0	0	0	0	0	3	0	0	3	1
M01896:15:000000000-A7EN9:1:1108:8716:11342	0	0	0	0	0	0	0	0	0	0	0	0	0	0	0	2	3	2	1	0
M00595:42:000000000-A5J1T:1:2114:10959:18820	0	0	0	0	0	0	0	0	0	0	0	0	0	0	0	1	0	1	0	0
M01896:2:000000000-A69JN:1:2109:19199:10745	0	0	0	0	0	0	0	0	0	0	0	0	0	0	0	1	0	1	3	0
M01896:2:000000000-A69JN:1:1107:6050:16886	0	0	0	0	0	0	0	0	0	0	0	0	0	0	0	1	1	0	4	1
M01896:15:000000000-A7EN9:1:2107:18883:23566	0	0	0	0	0	0	0	0	0	0	0	0	0	0	0	1	0	0	2	0
M01896:15:000000000-A7EN9:1:2109:2141:16220	0	0	0	0	0	0	0	0	0	0	0	0	0	0	0	2	1	0	1	1
M01896:2:000000000-A69JN:1:2111:2480:13134	0	0	0	0	0	0	0	0	0	0	0	0	0	0	0	2	0	1	3	2
M01896:15:000000000-A7EN9:1:2111:7458:23862	0	0	0	0	0	0	0	0	0	0	0	0	0	0	0	3	1	1	2	5
M01896:2:000000000-A69JN:1:2116:21275:23162	0	0	0	0	0	0	0	0	0	0	0	0	0	0	0	2	2	0	3	1
M01896:2:000000000-A69JN:1:1104:15996:14895	0	0	0	0	0	0	0	0	0	0	0	0	0	0	0	2	0	0	1	1
M01896:15:000000000-A7EN9:1:2114:11121:18831	0	0	0	0	0	0	0	0	0	0	0	0	0	0	0	1	1	0	2	1
M01896:15:000000000-A7EN9:1:2118:5146:12455	0	0	0	0	0	0	0	0	0	0	0	0	0	0	0	2	1	0	0	0
M00595:42:000000000-A5J1T:1:2117:10270:4616	0	0	0	0	0	0	0	0	0	0	0	0	0	0	0	1	0	1	1	0
M00595:54:000000000-A7CT0:1:1119:15655:17424	0	0	0	0	0	0	0	0	0	0	0	0	0	0	0	1	0	1	2	2
M01896:15:000000000-A7EN9:1:2111:11892:22488	0	0	0	0	0	0	0	0	0	0	0	0	0	0	0	3	2	1	15	3
M01896:2:000000000-A69JN:1:2117:20402:15958	0	0	0	0	0	0	0	0	0	0	0	0	0	0	0	1	6	0	9	1
M01896:15:000000000-A7EN9:1:2118:7410:19706	0	0	0	0	0	0	0	0	0	0	0	0	0	0	0	2	3	0	2	0
M01896:2:000000000-A69JN:1:2114:19892:19622	0	0	0	0	0	0	0	0	0	0	0	0	0	0	0	2	7	1	13	0
M01896:2:000000000-A69JN:1:2109:15070:7717	0	0	0	0	0	0	0	0	0	0	0	0	0	0	0	2	1	0	7	0
M01896:2:000000000-A69JN:1:1113:14758:15010	0	0	0	0	0	0	0	0	0	0	0	0	0	0	0	1	0	0	2	0
M01896:14:000000000-A7ERE:1:1101:25830:12297	0	0	0	0	0	0	0	0	0	0	0	0	0	0	0	2	2	0	2	1
M01896:2:000000000-A69JN:1:1103:20896:9574	0	0	0	0	0	0	0	0	0	0	0	0	0	0	0	2	0	0	4	0
M01896:2:000000000-A69JN:1:2114:13893:19985	0	0	0	0	0	0	0	0	0	0	0	0	0	0	0	2	2	0	12	3
M00595:54:000000000-A7CT0:1:1109:10335:10852	0	0	0	0	0	0	0	0	0	0	0	0	0	0	0	1	0	1	1	2
M00595:54:000000000-A7CT0:1:1111:17970:21162	0	0	0	0	0	0	0	0	0	0	0	0	0	0	0	1	0	0	1	2
M01896:2:000000000-A69JN:1:2105:22301:20306	0	0	0	0	0	0	0	0	0	0	0	0	0	0	0	3	2	2	8	1
M01896:14:000000000-A7ERE:1:1105:16167:18858	0	0	0	0	0	0	0	0	0	0	0	0	0	0	0	3	2	1	3	2
M01896:14:000000000-A7ERE:1:1105:7214:19226	0	0	0	0	0	0	0	0	0	0	0	0	0	0	0	1	1	0	1	0
M01896:14:000000000-A7ERE:1:1106:16384:12277	0	0	0	0	0	0	0	0	0	0	0	0	0	0	0	1	0	0	3	2
M01896:2:000000000-A69JN:1:2114:16525:3802	0	0	0	0	0	0	0	0	0	0	0	0	0	0	0	5	3	0	3	0
M01896:14:000000000-A7ERE:1:2108:15547:19392	0	0	0	0	0	0	0	0	0	0	0	0	0	0	0	2	2	0	1	1
M01896:14:000000000-A7ERE:1:1108:26970:9645	0	0	0	0	0	0	0	0	0	0	0	0	0	0	0	1	2	0	3	0
M01896:2:000000000-A69JN:1:1110:7792:22280	0	0	0	0	0	0	0	0	0	0	0	0	0	0	0	2	1	1	3	2
M00595:54:000000000-A7CT0:1:2107:16596:10675	0	0	0	0	0	0	0	0	0	0	0	0	0	0	0	1	0	0	0	2
M00595:54:000000000-A7CT0:1:2105:6849:10357	0	0	0	0	0	0	0	0	0	0	0	0	0	0	0	1	0	0	0	1
M01896:15:000000000-A7EN9:1:2117:7163:19772	0	0	0	0	0	0	0	0	0	0	0	0	0	0	0	2	7	2	7	0
M01896:14:000000000-A7ERE:1:1109:6646:15525	0	0	0	0	0	0	0	0	0	0	0	0	0	0	0	2	0	0	0	0
M01896:2:000000000-A69JN:1:1119:18358:14897	0	0	0	0	0	0	0	0	0	0	0	0	0	0	0	3	0	0	2	0
M01896:14:000000000-A7ERE:1:1110:2868:12458	0	0	0	0	0	0	0	0	0	0	0	0	0	0	0	2	0	0	0	0
M01896:14:000000000-A7ERE:1:1110:17296:14676	0	0	0	0	0	0	0	0	0	0	0	0	0	0	0	1	1	0	1	1
M00595:54:000000000-A7CT0:1:1103:23498:20445	0	0	0	0	0	0	0	0	0	0	0	0	0	0	0	3	1	2	0	3
M01896:14:000000000-A7ERE:1:2114:26335:10820	0	0	0	0	0	0	0	0	0	0	0	0	0	0	0	1	2	0	3	0
M01896:2:000000000-A69JN:1:1114:7007:19608	0	0	0	0	0	0	0	0	0	0	0	0	0	0	0	1	0	1	3	0
M00595:54:000000000-A7CT0:1:1102:26324:13951	0	0	0	0	0	0	0	0	0	0	0	0	0	0	0	1	1	0	0	0
M01896:2:000000000-A69JN:1:1107:18620:5438	0	0	0	0	0	0	0	0	0	0	0	0	0	0	0	2	1	0	2	0
M01896:14:000000000-A7ERE:1:1115:6275:8097	0	0	0	0	0	0	0	0	0	0	0	0	0	0	0	1	0	0	0	1
M00595:42:000000000-A5J1T:1:1119:17185:3497	0	0	0	0	0	0	0	0	0	0	0	0	0	0	0	5	8	2	8	0
M01896:14:000000000-A7ERE:1:1117:14885:4259	0	0	0	0	0	0	0	0	0	0	0	0	0	0	0	2	0	1	3	1
M01896:2:000000000-A69JN:1:2117:15657:7500	0	0	0	0	0	0	0	0	0	0	0	0	0	0	0	1	0	1	2	0
M01896:14:000000000-A7ERE:1:1117:5452:15182	0	0	0	0	0	0	0	0	0	0	0	0	0	0	0	2	0	0	0	0
M00595:54:000000000-A7CT0:1:1114:18175:12603	0	0	0	0	0	0	0	0	0	0	0	0	0	0	0	2	1	0	1	5
M01896:14:000000000-A7ERE:1:1111:13823:7313	0	0	0	0	0	0	0	0	0	0	0	0	0	0	0	1	1	0	3	0
M01896:2:000000000-A69JN:1:2106:10399:15545	0	0	0	0	0	0	0	0	0	0	0	0	0	0	0	1	1	0	2	0
M01896:14:000000000-A7ERE:1:2102:12563:18790	0	0	0	0	0	0	0	0	0	0	0	0	0	0	0	2	0	0	0	0
M00595:42:000000000-A5J1T:1:1107:19983:20922	0	0	0	0	0	0	0	0	0	0	0	0	0	0	0	2	0	0	1	0
M01896:14:000000000-A7ERE:1:1105:3585:10613	0	0	0	0	0	0	0	0	0	0	0	0	0	0	0	1	2	0	2	0
M01896:2:000000000-A69JN:1:2116:5887:3750	0	0	0	0	0	0	0	0	0	0	0	0	0	0	0	1	0	0	6	0
M01896:2:000000000-A69JN:1:1109:16623:24082	0	0	0	0	0	0	0	0	0	0	0	0	0	0	0	1	0	0	2	0
M01896:2:000000000-A69JN:1:2115:23520:8541	0	0	0	0	0	0	0	0	0	0	0	0	0	0	0	3	2	1	5	0
M01896:15:000000000-A7EN9:1:2107:11010:15852	0	0	0	0	0	0	0	0	0	0	0	0	0	0	0	1	2	0	2	0
M00595:54:000000000-A7CT0:1:1109:19253:17423	0	0	0	0	0	0	0	0	0	0	0	0	0	0	0	1	1	0	0	2
M00595:42:000000000-A5J1T:1:1119:10743:5076	0	0	0	0	0	0	0	0	0	0	0	0	0	0	0	1	0	1	1	0
M01896:2:000000000-A69JN:1:2110:9039:17534	0	0	0	0	0	0	0	0	0	0	0	0	0	0	0	1	3	0	3	0
M01896:14:000000000-A7ERE:1:2110:24824:13908	0	0	0	0	0	0	0	0	0	0	0	0	0	0	0	1	1	1	4	0
M01896:2:000000000-A69JN:1:1116:15049:8908	0	0	0	0	0	0	0	0	0	0	0	0	0	0	0	1	0	0	0	0
M01896:2:000000000-A69JN:1:1118:15263:15628	0	0	0	0	0	0	0	0	0	0	0	0	0	0	0	1	1	1	9	0
M01896:2:000000000-A69JN:1:2109:10797:20948	0	0	0	0	0	0	0	0	0	0	0	0	0	0	0	2	0	0	2	1
M00595:54:000000000-A7CT0:1:2111:10362:11569	0	0	0	0	0	0	0	0	0	0	0	0	0	0	0	1	1	0	0	0
M01896:14:000000000-A7ERE:1:1108:8924:13221	0	0	0	0	0	0	0	0	0	0	0	0	0	0	0	1	0	0	0	0
M01896:2:000000000-A69JN:1:2107:14864:14207	0	0	0	0	0	0	0	0	0	0	0	0	0	0	0	1	2	1	1	0
M01896:2:000000000-A69JN:1:1113:14827:14171	0	0	0	0	0	0	0	0	0	0	0	0	0	0	0	2	2	0	4	3
M01896:15:000000000-A7EN9:1:1101:24082:17886	0	0	0	0	0	0	0	0	0	0	0	0	0	0	0	2	0	0	0	0
M01896:2:000000000-A69JN:1:1113:12284:23334	0	0	0	0	0	0	0	0	0	0	0	0	0	0	0	1	0	1	4	0
M00595:54:000000000-A7CT0:1:2118:21635:10035	0	0	0	0	0	0	0	0	0	0	0	0	0	0	0	1	1	0	4	2
M00595:42:000000000-A5J1T:1:1103:4363:15032	0	0	0	0	0	0	0	0	0	0	0	0	0	0	0	1	0	0	0	0
M01896:15:000000000-A7EN9:1:2109:5774:17594	0	0	0	0	0	0	0	0	0	0	0	0	0	0	0	2	0	0	1	0
M01896:2:000000000-A69JN:1:1119:4606:19133	0	0	0	0	0	0	0	0	0	0	0	0	0	0	0	1	0	0	4	0
M01896:2:000000000-A69JN:1:2110:15772:21852	0	0	0	0	0	0	0	0	0	0	0	0	0	0	0	1	0	1	1	1
M01896:15:000000000-A7EN9:1:1109:26647:8238	0	0	0	0	0	0	0	0	0	0	0	0	0	0	0	1	1	0	2	0
M01896:15:000000000-A7EN9:1:1111:17270:16030	0	0	0	0	0	0	0	0	0	0	0	0	0	0	0	1	0	0	0	0
M01896:15:000000000-A7EN9:1:1111:7170:20999	0	0	0	0	0	0	0	0	0	0	0	0	0	0	0	2	1	1	1	1
M01896:14:000000000-A7ERE:1:2106:4191:12423	0	0	0	0	0	0	0	0	0	0	0	0	0	0	0	1	3	2	8	0
M01896:2:000000000-A69JN:1:2115:13423:11609	0	0	0	0	0	0	0	0	0	0	0	0	0	0	0	1	0	0	7	1
M01896:2:000000000-A69JN:1:1114:23648:3754	0	0	0	0	0	0	0	0	0	0	0	0	0	0	0	1	0	1	0	0
M01896:2:000000000-A69JN:1:2116:16253:6497	0	0	0	0	0	0	0	0	0	0	0	0	0	0	0	1	0	1	1	0
M01896:15:000000000-A7EN9:1:1111:16182:15881	0	0	0	0	0	0	0	0	0	0	0	0	0	0	0	3	11	1	7	0
M01896:15:000000000-A7EN9:1:1116:12535:14190	0	0	0	0	0	0	0	0	0	0	0	0	0	0	0	1	0	0	1	0
M00595:42:000000000-A5J1T:1:1101:20726:15815	0	0	0	0	0	0	0	0	0	0	0	0	0	0	0	1	0	2	0	2
M01896:2:000000000-A69JN:1:1108:16423:20271	0	0	0	0	0	0	0	0	0	0	0	0	0	0	0	2	8	1	18	0
M01896:2:000000000-A69JN:1:1101:28931:17522	0	0	0	0	0	0	0	0	0	0	0	0	0	0	0	1	0	0	0	0
M01896:2:000000000-A69JN:1:1104:6051:5591	0	0	0	0	0	0	0	0	0	0	0	0	0	0	0	1	0	0	0	0
M01896:15:000000000-A7EN9:1:1118:26126:13697	0	0	0	0	0	0	0	0	0	0	0	0	0	0	0	1	1	0	1	1
M00595:54:000000000-A7CT0:1:1112:20961:5897	0	0	0	0	0	0	0	0	0	0	0	0	0	0	0	2	1	0	1	1
M01896:14:000000000-A7ERE:1:1119:2913:16750	0	0	0	0	0	0	0	0	0	0	0	0	0	0	0	1	2	1	1	0
M01896:2:000000000-A69JN:1:1103:14126:13457	0	0	0	0	0	0	0	0	0	0	0	0	0	0	0	2	2	4	3	0
M01896:15:000000000-A7EN9:1:2107:20643:11604	0	0	0	0	0	0	0	0	0	0	0	0	0	0	0	2	0	0	0	0
M01896:15:000000000-A7EN9:1:2107:17279:13734	0	0	0	0	0	0	0	0	0	0	0	0	0	0	0	1	0	3	0	0
M01896:15:000000000-A7EN9:1:2109:12212:16802	0	0	0	0	0	0	0	0	0	0	0	0	0	0	0	1	0	0	2	0
M01896:14:000000000-A7ERE:1:1101:4053:8480	0	0	0	0	0	0	0	0	0	0	0	0	0	0	0	1	0	0	0	1
M01896:2:000000000-A69JN:1:1116:24384:17087	0	0	0	0	0	0	0	0	0	0	0	0	0	0	0	1	0	0	2	0
M01896:15:000000000-A7EN9:1:2118:26023:18421	0	0	0	0	0	0	0	0	0	0	0	0	0	0	0	1	2	0	1	1
M01896:2:000000000-A69JN:1:2119:18922:18406	0	0	0	0	0	0	0	0	0	0	0	0	0	0	0	1	0	0	3	0
M01896:15:000000000-A7EN9:1:1109:21472:6172	0	0	0	0	0	0	0	0	0	0	0	0	0	0	0	1	5	0	3	0
M01896:14:000000000-A7ERE:1:1113:23380:21765	0	0	0	0	0	0	0	0	0	0	0	0	0	0	0	1	1	0	0	0
M01896:2:000000000-A69JN:1:2103:13074:10161	0	0	0	0	0	0	0	0	0	0	0	0	0	0	0	1	0	0	1	0
M00595:54:000000000-A7CT0:1:1118:22435:19556	0	0	0	0	0	0	0	0	0	0	0	0	0	0	0	0	5	0	9	1
M01896:2:000000000-A69JN:1:1103:13407:14766	0	0	0	0	0	0	0	0	0	0	0	0	0	0	0	0	2	4	4	0
M01896:2:000000000-A69JN:1:1107:25489:22024	0	0	0	0	0	0	0	0	0	0	0	0	0	0	0	0	1	0	2	0
M01896:2:000000000-A69JN:1:1116:26579:11408	0	0	0	0	0	0	0	0	0	0	0	0	0	0	0	0	1	0	4	0
M01896:2:000000000-A69JN:1:1102:25978:3889	0	0	0	0	0	0	0	0	0	0	0	0	0	0	0	0	2	0	4	1
M01896:15:000000000-A7EN9:1:2117:10055:6732	0	0	0	0	0	0	0	0	0	0	0	0	0	0	0	0	2	1	1	0
M01896:2:000000000-A69JN:1:2102:16058:19184	0	0	0	0	0	0	0	0	0	0	0	0	0	0	0	0	1	0	4	0
M01896:2:000000000-A69JN:1:1116:14093:17816	0	0	0	0	0	0	0	0	0	0	0	0	0	0	0	0	1	0	2	0
M01896:2:000000000-A69JN:1:1106:23108:2234	0	0	0	0	0	0	0	0	0	0	0	0	0	0	0	0	5	2	4	0
M00595:42:000000000-A5J1T:1:1106:17620:22226	0	0	0	0	0	0	0	0	0	0	0	0	0	0	0	0	1	0	0	0
M01896:2:000000000-A69JN:1:1104:13767:14091	0	0	0	0	0	0	0	0	0	0	0	0	0	0	0	0	1	0	0	0
M01896:14:000000000-A7ERE:1:1115:12254:20400	0	0	0	0	0	0	0	0	0	0	0	0	0	0	0	0	2	0	0	0
M01896:2:000000000-A69JN:1:1113:24315:15543	0	0	0	0	0	0	0	0	0	0	0	0	0	0	0	0	2	1	2	0
M01896:2:000000000-A69JN:1:2116:23155:12824	0	0	0	0	0	0	0	0	0	0	0	0	0	0	0	0	1	0	0	0
M01896:2:000000000-A69JN:1:2118:13084:11508	0	0	0	0	0	0	0	0	0	0	0	0	0	0	0	0	1	2	0	1
M01896:14:000000000-A7ERE:1:2106:24301:5312	0	0	0	0	0	0	0	0	0	0	0	0	0	0	0	0	2	0	0	0
M01896:2:000000000-A69JN:1:1111:10792:22982	0	0	0	0	0	0	0	0	0	0	0	0	0	0	0	0	1	0	1	0
M01896:15:000000000-A7EN9:1:1111:27832:16492	0	0	0	0	0	0	0	0	0	0	0	0	0	0	0	0	4	1	1	0
M01896:2:000000000-A69JN:1:1107:6537:11317	0	0	0	0	0	0	0	0	0	0	0	0	0	0	0	0	2	0	1	1
M01896:2:000000000-A69JN:1:1103:26921:13502	0	0	0	0	0	0	0	0	0	0	0	0	0	0	0	0	1	0	2	0
M01896:2:000000000-A69JN:1:1111:6042:16973	0	0	0	0	0	0	0	0	0	0	0	0	0	0	0	0	1	1	6	0
M00595:54:000000000-A7CT0:1:2106:7901:10966	0	0	0	0	0	0	0	0	0	0	0	0	0	0	0	0	2	0	0	4
M01896:14:000000000-A7ERE:1:2108:3129:11229	0	0	0	0	0	0	0	0	0	0	0	0	0	0	0	0	1	0	1	0
M01896:2:000000000-A69JN:1:2115:13271:8354	0	0	0	0	0	0	0	0	0	0	0	0	0	0	0	0	3	0	2	0
M01896:15:000000000-A7EN9:1:1104:22031:9732	0	0	0	0	0	0	0	0	0	0	0	0	0	0	0	0	1	0	0	0
M00595:42:000000000-A5J1T:1:2110:21313:9529	0	0	0	0	0	0	0	0	0	0	0	0	0	0	0	0	3	1	1	1
M01896:14:000000000-A7ERE:1:2112:14526:14896	0	0	0	0	0	0	0	0	0	0	0	0	0	0	0	0	2	1	0	0
M01896:14:000000000-A7ERE:1:2113:5794:4306	0	0	0	0	0	0	0	0	0	0	0	0	0	0	0	0	2	0	0	0
M01896:2:000000000-A69JN:1:1113:24621:17008	0	0	0	0	0	0	0	0	0	0	0	0	0	0	0	0	2	0	2	0
M01896:2:000000000-A69JN:1:1115:15591:12325	0	0	0	0	0	0	0	0	0	0	0	0	0	0	0	0	1	0	2	0
M01896:14:000000000-A7ERE:1:1109:18770:3577	0	0	0	0	0	0	0	0	0	0	0	0	0	0	0	0	1	0	0	0
M01896:2:000000000-A69JN:1:2119:25010:21557	0	0	0	0	0	0	0	0	0	0	0	0	0	0	0	0	4	1	5	0
M01896:2:000000000-A69JN:1:2110:29194:12326	0	0	0	0	0	0	0	0	0	0	0	0	0	0	0	0	1	0	3	0
M01896:2:000000000-A69JN:1:2116:26639:9322	0	0	0	0	0	0	0	0	0	0	0	0	0	0	0	0	2	1	2	0
M00595:54:000000000-A7CT0:1:1116:14352:10224	0	0	0	0	0	0	0	0	0	0	0	0	0	0	0	0	1	0	0	1
M01896:15:000000000-A7EN9:1:1101:6569:4636	0	0	0	0	0	0	0	0	0	0	0	0	0	0	0	0	2	0	2	0
M01896:2:000000000-A69JN:1:2117:10441:17348	0	0	0	0	0	0	0	0	0	0	0	0	0	0	0	0	3	1	4	0
M01896:2:000000000-A69JN:1:2113:16366:18769	0	0	0	0	0	0	0	0	0	0	0	0	0	0	0	0	1	0	0	0
M01896:15:000000000-A7EN9:1:1104:3926:6919	0	0	0	0	0	0	0	0	0	0	0	0	0	0	0	0	2	0	0	0
M01896:2:000000000-A69JN:1:1117:16162:12753	0	0	0	0	0	0	0	0	0	0	0	0	0	0	0	0	2	1	2	0
M00595:42:000000000-A5J1T:1:2103:12311:19428	0	0	0	0	0	0	0	0	0	0	0	0	0	0	0	0	1	0	0	0
M01896:15:000000000-A7EN9:1:1108:18594:19770	0	0	0	0	0	0	0	0	0	0	0	0	0	0	0	0	1	0	1	0
M01896:2:000000000-A69JN:1:2102:20378:14661	0	0	0	0	0	0	0	0	0	0	0	0	0	0	0	0	1	0	1	0
M01896:2:000000000-A69JN:1:1119:23740:5876	0	0	0	0	0	0	0	0	0	0	0	0	0	0	0	0	3	0	2	0
M01896:15:000000000-A7EN9:1:1111:13056:13718	0	0	0	0	0	0	0	0	0	0	0	0	0	0	0	0	2	0	3	1
M01896:15:000000000-A7EN9:1:1113:27382:13498	0	0	0	0	0	0	0	0	0	0	0	0	0	0	0	0	2	0	1	0
M00595:54:000000000-A7CT0:1:1105:17496:13308	0	0	0	0	0	0	0	0	0	0	0	0	0	0	0	0	1	0	2	4
M01896:2:000000000-A69JN:1:1118:22049:12256	0	0	0	0	0	0	0	0	0	0	0	0	0	0	0	0	1	0	2	0
M01896:15:000000000-A7EN9:1:2106:21659:11022	0	0	0	0	0	0	0	0	0	0	0	0	0	0	0	0	2	0	0	0
M01896:15:000000000-A7EN9:1:2107:14896:4620	0	0	0	0	0	0	0	0	0	0	0	0	0	0	0	0	2	0	0	0
M01896:2:000000000-A69JN:1:2116:11377:9192	0	0	0	0	0	0	0	0	0	0	0	0	0	0	0	0	1	0	2	0
M01896:15:000000000-A7EN9:1:2108:3230:6948	0	0	0	0	0	0	0	0	0	0	0	0	0	0	0	0	2	0	1	0
M01896:2:000000000-A69JN:1:2102:9503:18298	0	0	0	0	0	0	0	0	0	0	0	0	0	0	0	0	1	0	0	0
M01896:2:000000000-A69JN:1:1101:19003:10930	0	0	0	0	0	0	0	0	0	0	0	0	0	0	0	0	3	1	2	1
M01896:2:000000000-A69JN:1:2109:10928:15493	0	0	0	0	0	0	0	0	0	0	0	0	0	0	0	0	1	0	4	0
M01896:2:000000000-A69JN:1:2111:8528:13581	0	0	0	0	0	0	0	0	0	0	0	0	0	0	0	0	2	0	2	2
M00595:54:000000000-A7CT0:1:1102:9202:16212	0	0	0	0	0	0	0	0	0	0	0	0	0	0	0	0	1	0	2	2
M01896:14:000000000-A7ERE:1:1102:15774:4792	0	0	0	0	0	0	0	0	0	0	0	0	0	0	0	0	2	0	4	2
M01896:2:000000000-A69JN:1:1110:27765:13412	0	0	0	0	0	0	0	0	0	0	0	0	0	0	0	0	1	0	1	0
M01896:2:000000000-A69JN:1:1108:22637:7527	0	0	0	0	0	0	0	0	0	0	0	0	0	0	0	0	1	0	3	0
M01896:14:000000000-A7ERE:1:1108:7589:4141	0	0	0	0	0	0	0	0	0	0	0	0	0	0	0	0	2	0	0	0
M01896:14:000000000-A7ERE:1:1112:26764:8451	0	0	0	0	0	0	0	0	0	0	0	0	0	0	0	0	2	0	2	0
M00595:42:000000000-A5J1T:1:1114:20224:23124	0	0	0	0	0	0	0	0	0	0	0	0	0	0	0	0	2	1	1	0
M01896:2:000000000-A69JN:1:1101:24598:7068	0	0	0	0	0	0	0	0	0	0	0	0	0	0	0	0	1	1	3	0
M01896:15:000000000-A7EN9:1:1108:26359:20516	0	0	0	0	0	0	0	0	0	0	0	0	0	0	0	0	1	0	0	0
M01896:14:000000000-A7ERE:1:1113:10785:20929	0	0	0	0	0	0	0	0	0	0	0	0	0	0	0	0	1	0	1	0
M01896:14:000000000-A7ERE:1:1116:6759:13563	0	0	0	0	0	0	0	0	0	0	0	0	0	0	0	0	2	0	3	1
M00595:54:000000000-A7CT0:1:2113:9827:14926	0	0	0	0	0	0	0	0	0	0	0	0	0	0	0	0	1	0	3	1
M01896:2:000000000-A69JN:1:1104:13752:22249	0	0	0	0	0	0	0	0	0	0	0	0	0	0	0	0	2	0	4	0
M01896:2:000000000-A69JN:1:2107:20837:2318	0	0	0	0	0	0	0	0	0	0	0	0	0	0	0	0	2	0	2	0
M01896:14:000000000-A7ERE:1:1107:28453:13709	0	0	0	0	0	0	0	0	0	0	0	0	0	0	0	0	1	0	0	0
M01896:15:000000000-A7EN9:1:2110:5252:6278	0	0	0	0	0	0	0	0	0	0	0	0	0	0	0	0	1	0	0	0
M01896:14:000000000-A7ERE:1:2112:3683:10894	0	0	0	0	0	0	0	0	0	0	0	0	0	0	0	0	1	1	0	1
M01896:2:000000000-A69JN:1:2115:13276:7589	0	0	0	0	0	0	0	0	0	0	0	0	0	0	0	0	1	0	0	0
M01896:2:000000000-A69JN:1:1104:25436:4166	0	0	0	0	0	0	0	0	0	0	0	0	0	0	0	0	1	0	6	0
M01896:14:000000000-A7ERE:1:2117:24327:6770	0	0	0	0	0	0	0	0	0	0	0	0	0	0	0	0	2	0	0	0
M01896:2:000000000-A69JN:1:2117:26457:7039	0	0	0	0	0	0	0	0	0	0	0	0	0	0	0	0	1	0	2	0
M00595:42:000000000-A5J1T:1:2103:11733:7390	0	0	0	0	0	0	0	0	0	0	0	0	0	0	0	0	1	1	2	0
M01896:14:000000000-A7ERE:1:2117:9892:18514	0	0	0	0	0	0	0	0	0	0	0	0	0	0	0	0	3	0	4	0
M01896:2:000000000-A69JN:1:1116:25884:5612	0	0	0	0	0	0	0	0	0	0	0	0	0	0	0	0	1	0	2	0
M01896:15:000000000-A7EN9:1:2106:27106:18388	0	0	0	0	0	0	0	0	0	0	0	0	0	0	0	0	2	0	5	0
M01896:2:000000000-A69JN:1:2115:25042:3143	0	0	0	0	0	0	0	0	0	0	0	0	0	0	0	0	1	0	2	0
M01896:2:000000000-A69JN:1:2116:8377:14837	0	0	0	0	0	0	0	0	0	0	0	0	0	0	0	0	2	0	4	1
M00595:42:000000000-A5J1T:1:1107:20608:7209	0	0	0	0	0	0	0	0	0	0	0	0	0	0	0	0	1	1	0	1
M01896:2:000000000-A69JN:1:1107:3479:12050	0	0	0	0	0	0	0	0	0	0	0	0	0	0	0	0	1	0	2	0
M00595:42:000000000-A5J1T:1:2118:9925:4021	0	0	0	0	0	0	0	0	0	0	0	0	0	0	0	0	1	1	2	1
M01896:15:000000000-A7EN9:1:1112:9534:18762	0	0	0	0	0	0	0	0	0	0	0	0	0	0	0	0	2	0	0	0
M01896:15:000000000-A7EN9:1:1114:18504:23005	0	0	0	0	0	0	0	0	0	0	0	0	0	0	0	0	1	1	2	1
M01896:15:000000000-A7EN9:1:2104:15885:5236	0	0	0	0	0	0	0	0	0	0	0	0	0	0	0	0	2	0	0	0
M01896:15:000000000-A7EN9:1:2115:16497:18560	0	0	0	0	0	0	0	0	0	0	0	0	0	0	0	0	2	0	1	0
M00595:42:000000000-A5J1T:1:1103:15016:3513	0	0	0	0	0	0	0	0	0	0	0	0	0	0	0	0	0	1	1	0
M01896:14:000000000-A7ERE:1:2112:12655:22027	0	0	0	0	0	0	0	0	0	0	0	0	0	0	0	0	0	3	5	1
M01896:2:000000000-A69JN:1:2109:9508:10790	0	0	0	0	0	0	0	0	0	0	0	0	0	0	0	0	0	1	3	0
M01896:2:000000000-A69JN:1:1101:25901:5149	0	0	0	0	0	0	0	0	0	0	0	0	0	0	0	0	0	2	2	0
M00595:42:000000000-A5J1T:1:1116:21721:4236	0	0	0	0	0	0	0	0	0	0	0	0	0	0	0	0	0	2	0	0
M01896:2:000000000-A69JN:1:2116:17320:18690	0	0	0	0	0	0	0	0	0	0	0	0	0	0	0	0	0	1	4	0
M00595:42:000000000-A5J1T:1:2101:8377:19844	0	0	0	0	0	0	0	0	0	0	0	0	0	0	0	0	0	2	2	1
M00595:42:000000000-A5J1T:1:2113:10034:12151	0	0	0	0	0	0	0	0	0	0	0	0	0	0	0	0	0	1	0	0
M01896:2:000000000-A69JN:1:2105:22840:12576	0	0	0	0	0	0	0	0	0	0	0	0	0	0	0	0	0	1	2	2
M00595:54:000000000-A7CT0:1:2111:7733:16015	0	0	0	0	0	0	0	0	0	0	0	0	0	0	0	0	0	1	1	2
M00595:42:000000000-A5J1T:1:2111:14229:19587	0	0	0	0	0	0	0	0	0	0	0	0	0	0	0	0	0	2	0	1
M00595:42:000000000-A5J1T:1:2114:18991:8521	0	0	0	0	0	0	0	0	0	0	0	0	0	0	0	0	0	2	0	0
M01896:2:000000000-A69JN:1:1111:17491:22324	0	0	0	0	0	0	0	0	0	0	0	0	0	0	0	0	0	1	1	0
M01896:15:000000000-A7EN9:1:2114:23013:10679	0	0	0	0	0	0	0	0	0	0	0	0	0	0	0	0	0	3	1	1
M01896:2:000000000-A69JN:1:1108:25835:15120	0	0	0	0	0	0	0	0	0	0	0	0	0	0	0	0	0	5	3	1
M00595:42:000000000-A5J1T:1:1104:11805:17796	0	0	0	0	0	0	0	0	0	0	0	0	0	0	0	0	0	2	1	0
M00595:42:000000000-A5J1T:1:1110:27893:18199	0	0	0	0	0	0	0	0	0	0	0	0	0	0	0	0	0	1	3	1
M00595:42:000000000-A5J1T:1:1112:14970:3639	0	0	0	0	0	0	0	0	0	0	0	0	0	0	0	0	0	2	0	0
M01896:2:000000000-A69JN:1:1110:20207:11167	0	0	0	0	0	0	0	0	0	0	0	0	0	0	0	0	0	1	3	0
M01896:2:000000000-A69JN:1:2117:26261:22328	0	0	0	0	0	0	0	0	0	0	0	0	0	0	0	0	0	1	2	0
M01896:2:000000000-A69JN:1:2111:20958:23761	0	0	0	0	0	0	0	0	0	0	0	0	0	0	0	0	0	1	6	0
M01896:2:000000000-A69JN:1:1112:10193:15295	0	0	0	0	0	0	0	0	0	0	0	0	0	0	0	0	0	1	4	0
M01896:2:000000000-A69JN:1:1101:18910:11214	0	0	0	0	0	0	0	0	0	0	0	0	0	0	0	0	0	1	0	0
M01896:2:000000000-A69JN:1:1118:22502:6743	0	0	0	0	0	0	0	0	0	0	0	0	0	0	0	0	0	1	4	0
M00595:42:000000000-A5J1T:1:2114:21019:6399	0	0	0	0	0	0	0	0	0	0	0	0	0	0	0	0	0	1	2	0
M00595:42:000000000-A5J1T:1:2108:16798:15748	0	0	0	0	0	0	0	0	0	0	0	0	0	0	0	0	0	1	0	0
M00595:42:000000000-A5J1T:1:2108:11336:18298	0	0	0	0	0	0	0	0	0	0	0	0	0	0	0	0	0	1	2	0
M00595:42:000000000-A5J1T:1:2117:28159:7086	0	0	0	0	0	0	0	0	0	0	0	0	0	0	0	0	0	1	1	0
M00595:54:000000000-A7CT0:1:2116:20023:19154	0	0	0	0	0	0	0	0	0	0	0	0	0	0	0	0	0	0	2	2
M01896:2:000000000-A69JN:1:1101:12532:6131	0	0	0	0	0	0	0	0	0	0	0	0	0	0	0	0	0	0	2	0
M01896:2:000000000-A69JN:1:1101:7111:8599	0	0	0	0	0	0	0	0	0	0	0	0	0	0	0	0	0	0	2	0
M01896:2:000000000-A69JN:1:1101:18370:11625	0	0	0	0	0	0	0	0	0	0	0	0	0	0	0	0	0	0	2	0
M01896:2:000000000-A69JN:1:1107:19828:11493	0	0	0	0	0	0	0	0	0	0	0	0	0	0	0	0	0	0	5	0
M01896:2:000000000-A69JN:1:1102:6245:20379	0	0	0	0	0	0	0	0	0	0	0	0	0	0	0	0	0	0	4	1
M01896:2:000000000-A69JN:1:1102:15395:24286	0	0	0	0	0	0	0	0	0	0	0	0	0	0	0	0	0	0	2	1
M01896:2:000000000-A69JN:1:1104:13264:5889	0	0	0	0	0	0	0	0	0	0	0	0	0	0	0	0	0	0	2	0
M01896:2:000000000-A69JN:1:1104:11918:9092	0	0	0	0	0	0	0	0	0	0	0	0	0	0	0	0	0	0	2	0
M01896:2:000000000-A69JN:1:1105:19891:1819	0	0	0	0	0	0	0	0	0	0	0	0	0	0	0	0	0	0	4	0
M01896:2:000000000-A69JN:1:1114:6605:23347	0	0	0	0	0	0	0	0	0	0	0	0	0	0	0	0	0	0	2	0
M01896:2:000000000-A69JN:1:1106:21220:14094	0	0	0	0	0	0	0	0	0	0	0	0	0	0	0	0	0	0	3	0
M01896:2:000000000-A69JN:1:1106:7389:16304	0	0	0	0	0	0	0	0	0	0	0	0	0	0	0	0	0	0	2	0
M01896:2:000000000-A69JN:1:1106:15730:22085	0	0	0	0	0	0	0	0	0	0	0	0	0	0	0	0	0	0	2	0
M01896:2:000000000-A69JN:1:1107:24523:9701	0	0	0	0	0	0	0	0	0	0	0	0	0	0	0	0	0	0	2	0
M01896:2:000000000-A69JN:1:1107:22828:14544	0	0	0	0	0	0	0	0	0	0	0	0	0	0	0	0	0	0	2	0
M01896:2:000000000-A69JN:1:1107:6390:14995	0	0	0	0	0	0	0	0	0	0	0	0	0	0	0	0	0	0	3	0
M01896:2:000000000-A69JN:1:2109:21355:10933	0	0	0	0	0	0	0	0	0	0	0	0	0	0	0	0	0	0	2	0
M00595:54:000000000-A7CT0:1:1116:15835:13406	0	0	0	0	0	0	0	0	0	0	0	0	0	0	0	0	0	0	4	1
M01896:2:000000000-A69JN:1:1108:11369:9224	0	0	0	0	0	0	0	0	0	0	0	0	0	0	0	0	0	0	2	0
M01896:2:000000000-A69JN:1:1109:20122:2585	0	0	0	0	0	0	0	0	0	0	0	0	0	0	0	0	0	0	2	0
M01896:2:000000000-A69JN:1:1109:14124:16518	0	0	0	0	0	0	0	0	0	0	0	0	0	0	0	0	0	0	2	0
M01896:2:000000000-A69JN:1:1110:8898:11781	0	0	0	0	0	0	0	0	0	0	0	0	0	0	0	0	0	0	1	1
M01896:2:000000000-A69JN:1:1112:22718:18186	0	0	0	0	0	0	0	0	0	0	0	0	0	0	0	0	0	0	3	0
M01896:2:000000000-A69JN:1:2116:24791:16480	0	0	0	0	0	0	0	0	0	0	0	0	0	0	0	0	0	0	3	0
M00595:54:000000000-A7CT0:1:1103:10776:12804	0	0	0	0	0	0	0	0	0	0	0	0	0	0	0	0	0	0	1	1
M01896:2:000000000-A69JN:1:1113:21023:24486	0	0	0	0	0	0	0	0	0	0	0	0	0	0	0	0	0	0	5	3
M00595:54:000000000-A7CT0:1:1104:21231:6053	0	0	0	0	0	0	0	0	0	0	0	0	0	0	0	0	0	0	2	1
M01896:2:000000000-A69JN:1:1114:12510:17173	0	0	0	0	0	0	0	0	0	0	0	0	0	0	0	0	0	0	2	0
M01896:2:000000000-A69JN:1:1115:24061:10030	0	0	0	0	0	0	0	0	0	0	0	0	0	0	0	0	0	0	1	0
M01896:2:000000000-A69JN:1:1115:3428:15691	0	0	0	0	0	0	0	0	0	0	0	0	0	0	0	0	0	0	2	0
M01896:2:000000000-A69JN:1:1115:28698:17935	0	0	0	0	0	0	0	0	0	0	0	0	0	0	0	0	0	0	2	0
M00595:54:000000000-A7CT0:1:1115:27102:16204	0	0	0	0	0	0	0	0	0	0	0	0	0	0	0	0	0	0	1	2
M01896:2:000000000-A69JN:1:2111:4529:6706	0	0	0	0	0	0	0	0	0	0	0	0	0	0	0	0	0	0	3	0
M01896:2:000000000-A69JN:1:1119:13084:11519	0	0	0	0	0	0	0	0	0	0	0	0	0	0	0	0	0	0	2	0
M00595:54:000000000-A7CT0:1:2104:9832:11680	0	0	0	0	0	0	0	0	0	0	0	0	0	0	0	0	0	0	3	1
M01896:2:000000000-A69JN:1:2101:23375:4623	0	0	0	0	0	0	0	0	0	0	0	0	0	0	0	0	0	0	2	0
M01896:2:000000000-A69JN:1:2102:9930:10858	0	0	0	0	0	0	0	0	0	0	0	0	0	0	0	0	0	0	8	0
M01896:2:000000000-A69JN:1:2102:23680:12095	0	0	0	0	0	0	0	0	0	0	0	0	0	0	0	0	0	0	2	0
M01896:2:000000000-A69JN:1:2102:26206:12808	0	0	0	0	0	0	0	0	0	0	0	0	0	0	0	0	0	0	2	0
M01896:2:000000000-A69JN:1:2118:26784:18223	0	0	0	0	0	0	0	0	0	0	0	0	0	0	0	0	0	0	3	0
M01896:2:000000000-A69JN:1:2102:20452:21217	0	0	0	0	0	0	0	0	0	0	0	0	0	0	0	0	0	0	4	0
M00595:54:000000000-A7CT0:1:2110:12146:15533	0	0	0	0	0	0	0	0	0	0	0	0	0	0	0	0	0	0	1	2
M01896:2:000000000-A69JN:1:2112:13460:24801	0	0	0	0	0	0	0	0	0	0	0	0	0	0	0	0	0	0	3	0
M01896:2:000000000-A69JN:1:2104:8199:2456	0	0	0	0	0	0	0	0	0	0	0	0	0	0	0	0	0	0	2	0
M01896:2:000000000-A69JN:1:2105:23729:5002	0	0	0	0	0	0	0	0	0	0	0	0	0	0	0	0	0	0	5	0
M01896:2:000000000-A69JN:1:2106:3369:9003	0	0	0	0	0	0	0	0	0	0	0	0	0	0	0	0	0	0	3	0
M01896:2:000000000-A69JN:1:2106:11328:17101	0	0	0	0	0	0	0	0	0	0	0	0	0	0	0	0	0	0	2	0
M01896:2:000000000-A69JN:1:2107:11891:15924	0	0	0	0	0	0	0	0	0	0	0	0	0	0	0	0	0	0	2	0
M01896:2:000000000-A69JN:1:2107:16523:21175	0	0	0	0	0	0	0	0	0	0	0	0	0	0	0	0	0	0	3	0
M01896:2:000000000-A69JN:1:2108:26277:15368	0	0	0	0	0	0	0	0	0	0	0	0	0	0	0	0	0	0	2	0
M01896:2:000000000-A69JN:1:2108:10502:13866	0	0	0	0	0	0	0	0	0	0	0	0	0	0	0	0	0	0	2	0
M01896:2:000000000-A69JN:1:2109:9046:8202	0	0	0	0	0	0	0	0	0	0	0	0	0	0	0	0	0	0	2	0
M00595:54:000000000-A7CT0:1:1116:19518:3024	0	0	0	0	0	0	0	0	0	0	0	0	0	0	0	0	0	0	1	3
M01896:2:000000000-A69JN:1:2110:7047:11304	0	0	0	0	0	0	0	0	0	0	0	0	0	0	0	0	0	0	2	0
M01896:2:000000000-A69JN:1:2110:3753:13149	0	0	0	0	0	0	0	0	0	0	0	0	0	0	0	0	0	0	2	0
M01896:2:000000000-A69JN:1:2113:21957:21327	0	0	0	0	0	0	0	0	0	0	0	0	0	0	0	0	0	0	2	0
M01896:2:000000000-A69JN:1:2111:5344:7368	0	0	0	0	0	0	0	0	0	0	0	0	0	0	0	0	0	0	3	0
M01896:2:000000000-A69JN:1:2112:28531:11176	0	0	0	0	0	0	0	0	0	0	0	0	0	0	0	0	0	0	2	0
M01896:15:000000000-A7EN9:1:2103:13145:18598	0	0	0	0	0	0	0	0	0	0	0	0	0	0	0	0	0	0	2	0
M01896:2:000000000-A69JN:1:2112:5006:13162	0	0	0	0	0	0	0	0	0	0	0	0	0	0	0	0	0	0	3	0
M01896:2:000000000-A69JN:1:2112:21885:14897	0	0	0	0	0	0	0	0	0	0	0	0	0	0	0	0	0	0	2	0
M01896:2:000000000-A69JN:1:2112:19759:19023	0	0	0	0	0	0	0	0	0	0	0	0	0	0	0	0	0	0	2	0
M01896:2:000000000-A69JN:1:2112:20684:23401	0	0	0	0	0	0	0	0	0	0	0	0	0	0	0	0	0	0	2	0
M01896:2:000000000-A69JN:1:2114:20574:2411	0	0	0	0	0	0	0	0	0	0	0	0	0	0	0	0	0	0	2	0
M01896:2:000000000-A69JN:1:1118:6060:23058	0	0	0	0	0	0	0	0	0	0	0	0	0	0	0	0	0	0	3	0
M01896:15:000000000-A7EN9:1:2107:10004:7127	0	0	0	0	0	0	0	0	0	0	0	0	0	0	0	0	0	0	1	0
M01896:2:000000000-A69JN:1:2115:27017:6941	0	0	0	0	0	0	0	0	0	0	0	0	0	0	0	0	0	0	2	0
M01896:2:000000000-A69JN:1:2115:6070:8173	0	0	0	0	0	0	0	0	0	0	0	0	0	0	0	0	0	0	2	0
M01896:2:000000000-A69JN:1:2115:25724:10018	0	0	0	0	0	0	0	0	0	0	0	0	0	0	0	0	0	0	2	0
M00595:54:000000000-A7CT0:1:1119:13399:22036	0	0	0	0	0	0	0	0	0	0	0	0	0	0	0	0	0	0	1	2
M01896:2:000000000-A69JN:1:2117:8087:6037	0	0	0	0	0	0	0	0	0	0	0	0	0	0	0	0	0	0	1	0
M01896:2:000000000-A69JN:1:2119:5922:11259	0	0	0	0	0	0	0	0	0	0	0	0	0	0	0	0	0	0	2	0
M01896:2:000000000-A69JN:1:2119:4735:17575	0	0	0	0	0	0	0	0	0	0	0	0	0	0	0	0	0	0	2	0
M01896:2:000000000-A69JN:1:1103:16274:19494	0	0	0	0	0	0	0	0	0	0	0	0	0	0	0	0	0	0	2	0
M01896:2:000000000-A69JN:1:1104:19580:12113	0	0	0	0	0	0	0	0	0	0	0	0	0	0	0	0	0	0	2	0
M01896:2:000000000-A69JN:1:1104:13235:17400	0	0	0	0	0	0	0	0	0	0	0	0	0	0	0	0	0	0	1	2
M01896:2:000000000-A69JN:1:1104:26480:20357	0	0	0	0	0	0	0	0	0	0	0	0	0	0	0	0	0	0	1	1
M01896:2:000000000-A69JN:1:1104:13080:22959	0	0	0	0	0	0	0	0	0	0	0	0	0	0	0	0	0	0	2	1
M01896:2:000000000-A69JN:1:1106:19007:5794	0	0	0	0	0	0	0	0	0	0	0	0	0	0	0	0	0	0	4	0
M01896:2:000000000-A69JN:1:1106:27303:9503	0	0	0	0	0	0	0	0	0	0	0	0	0	0	0	0	0	0	2	0
M01896:2:000000000-A69JN:1:1115:8894:23741	0	0	0	0	0	0	0	0	0	0	0	0	0	0	0	0	0	0	3	0
M01896:2:000000000-A69JN:1:1107:20843:19744	0	0	0	0	0	0	0	0	0	0	0	0	0	0	0	0	0	0	3	0
M01896:2:000000000-A69JN:1:1109:12086:17705	0	0	0	0	0	0	0	0	0	0	0	0	0	0	0	0	0	0	2	0
M01896:2:000000000-A69JN:1:1109:22471:19956	0	0	0	0	0	0	0	0	0	0	0	0	0	0	0	0	0	0	2	0
M01896:2:000000000-A69JN:1:1111:22593:20046	0	0	0	0	0	0	0	0	0	0	0	0	0	0	0	0	0	0	2	0
M01896:2:000000000-A69JN:1:1113:22348:5022	0	0	0	0	0	0	0	0	0	0	0	0	0	0	0	0	0	0	2	0
M01896:2:000000000-A69JN:1:1113:8661:6817	0	0	0	0	0	0	0	0	0	0	0	0	0	0	0	0	0	0	3	0
M01896:2:000000000-A69JN:1:1113:26361:15886	0	0	0	0	0	0	0	0	0	0	0	0	0	0	0	0	0	0	2	1
M01896:2:000000000-A69JN:1:1115:13402:19494	0	0	0	0	0	0	0	0	0	0	0	0	0	0	0	0	0	0	2	0
M01896:2:000000000-A69JN:1:1116:6271:8040	0	0	0	0	0	0	0	0	0	0	0	0	0	0	0	0	0	0	2	0
M01896:2:000000000-A69JN:1:1116:8606:13961	0	0	0	0	0	0	0	0	0	0	0	0	0	0	0	0	0	0	2	0
M01896:2:000000000-A69JN:1:1117:18234:3861	0	0	0	0	0	0	0	0	0	0	0	0	0	0	0	0	0	0	2	0
M01896:2:000000000-A69JN:1:1117:22185:11070	0	0	0	0	0	0	0	0	0	0	0	0	0	0	0	0	0	0	3	0
M01896:2:000000000-A69JN:1:2119:17029:20811	0	0	0	0	0	0	0	0	0	0	0	0	0	0	0	0	0	0	3	0
M01896:2:000000000-A69JN:1:1118:11332:7968	0	0	0	0	0	0	0	0	0	0	0	0	0	0	0	0	0	0	2	0
M00595:54:000000000-A7CT0:1:2118:15962:15196	0	0	0	0	0	0	0	0	0	0	0	0	0	0	0	0	0	0	1	2
M01896:2:000000000-A69JN:1:1119:4973:18041	0	0	0	0	0	0	0	0	0	0	0	0	0	0	0	0	0	0	2	0
M00595:54:000000000-A7CT0:1:1119:18208:14644	0	0	0	0	0	0	0	0	0	0	0	0	0	0	0	0	0	0	1	2
M01896:2:000000000-A69JN:1:2101:9472:2015	0	0	0	0	0	0	0	0	0	0	0	0	0	0	0	0	0	0	4	0
M01896:2:000000000-A69JN:1:2101:26298:6257	0	0	0	0	0	0	0	0	0	0	0	0	0	0	0	0	0	0	2	0
M01896:2:000000000-A69JN:1:2101:27033:15589	0	0	0	0	0	0	0	0	0	0	0	0	0	0	0	0	0	0	2	0
M01896:2:000000000-A69JN:1:2101:23737:17652	0	0	0	0	0	0	0	0	0	0	0	0	0	0	0	0	0	0	2	0
M01896:2:000000000-A69JN:1:2101:14668:19184	0	0	0	0	0	0	0	0	0	0	0	0	0	0	0	0	0	0	2	0
M01896:2:000000000-A69JN:1:2118:19688:3231	0	0	0	0	0	0	0	0	0	0	0	0	0	0	0	0	0	0	3	0
M01896:2:000000000-A69JN:1:2104:7637:2165	0	0	0	0	0	0	0	0	0	0	0	0	0	0	0	0	0	0	3	0
M01896:2:000000000-A69JN:1:2104:4767:15723	0	0	0	0	0	0	0	0	0	0	0	0	0	0	0	0	0	0	2	0
M01896:2:000000000-A69JN:1:2105:23743:6165	0	0	0	0	0	0	0	0	0	0	0	0	0	0	0	0	0	0	2	0
M01896:2:000000000-A69JN:1:2105:22260:12390	0	0	0	0	0	0	0	0	0	0	0	0	0	0	0	0	0	0	2	1
M01896:2:000000000-A69JN:1:2105:16471:15531	0	0	0	0	0	0	0	0	0	0	0	0	0	0	0	0	0	0	2	0
M01896:2:000000000-A69JN:1:2105:6995:22432	0	0	0	0	0	0	0	0	0	0	0	0	0	0	0	0	0	0	2	0
M01896:2:000000000-A69JN:1:2108:19328:6169	0	0	0	0	0	0	0	0	0	0	0	0	0	0	0	0	0	0	2	0
M01896:2:000000000-A69JN:1:2109:24284:6535	0	0	0	0	0	0	0	0	0	0	0	0	0	0	0	0	0	0	2	0
M01896:2:000000000-A69JN:1:2109:18069:11388	0	0	0	0	0	0	0	0	0	0	0	0	0	0	0	0	0	0	2	0
M01896:2:000000000-A69JN:1:2110:25449:4896	0	0	0	0	0	0	0	0	0	0	0	0	0	0	0	0	0	0	3	0
M01896:2:000000000-A69JN:1:2118:28470:13848	0	0	0	0	0	0	0	0	0	0	0	0	0	0	0	0	0	0	5	0
M01896:2:000000000-A69JN:1:2111:9161:24670	0	0	0	0	0	0	0	0	0	0	0	0	0	0	0	0	0	0	2	0
M01896:2:000000000-A69JN:1:2112:10643:5365	0	0	0	0	0	0	0	0	0	0	0	0	0	0	0	0	0	0	2	0
M01896:2:000000000-A69JN:1:2112:18252:8513	0	0	0	0	0	0	0	0	0	0	0	0	0	0	0	0	0	0	2	0
M01896:2:000000000-A69JN:1:2112:9904:11562	0	0	0	0	0	0	0	0	0	0	0	0	0	0	0	0	0	0	2	0
M01896:2:000000000-A69JN:1:2118:16644:11185	0	0	0	0	0	0	0	0	0	0	0	0	0	0	0	0	0	0	4	0
M01896:2:000000000-A69JN:1:2114:22205:5333	0	0	0	0	0	0	0	0	0	0	0	0	0	0	0	0	0	0	2	0
M01896:2:000000000-A69JN:1:2114:17359:20142	0	0	0	0	0	0	0	0	0	0	0	0	0	0	0	0	0	0	2	0
M01896:2:000000000-A69JN:1:2115:20159:20997	0	0	0	0	0	0	0	0	0	0	0	0	0	0	0	0	0	0	2	0
M01896:2:000000000-A69JN:1:2116:19603:19896	0	0	0	0	0	0	0	0	0	0	0	0	0	0	0	0	0	0	3	0
M01896:2:000000000-A69JN:1:2116:14199:20572	0	0	0	0	0	0	0	0	0	0	0	0	0	0	0	0	0	0	2	0
M01896:2:000000000-A69JN:1:2117:17766:4232	0	0	0	0	0	0	0	0	0	0	0	0	0	0	0	0	0	0	2	0
M01896:2:000000000-A69JN:1:2117:11555:11889	0	0	0	0	0	0	0	0	0	0	0	0	0	0	0	0	0	0	2	0
M01896:2:000000000-A69JN:1:2117:25108:21543	0	0	0	0	0	0	0	0	0	0	0	0	0	0	0	0	0	0	3	0
M01896:2:000000000-A69JN:1:2118:22775:14210	0	0	0	0	0	0	0	0	0	0	0	0	0	0	0	0	0	0	3	0
M01896:2:000000000-A69JN:1:2118:6047:19449	0	0	0	0	0	0	0	0	0	0	0	0	0	0	0	0	0	0	2	0
M01896:2:000000000-A69JN:1:2119:17152:8989	0	0	0	0	0	0	0	0	0	0	0	0	0	0	0	0	0	0	2	0
M01896:2:000000000-A69JN:1:2119:19539:22356	0	0	0	0	0	0	0	0	0	0	0	0	0	0	0	0	0	0	2	0
M00595:54:000000000-A7CT0:1:1104:10959:9331	0	0	0	0	0	0	0	0	0	0	0	0	0	0	0	0	0	0	0	2
M00595:54:000000000-A7CT0:1:1104:28386:8100	0	0	0	0	0	0	0	0	0	0	0	0	0	0	0	0	0	0	0	2
M00595:54:000000000-A7CT0:1:1105:12790:7514	0	0	0	0	0	0	0	0	0	0	0	0	0	0	0	0	0	0	0	2
M00595:54:000000000-A7CT0:1:1105:17705:11705	0	0	0	0	0	0	0	0	0	0	0	0	0	0	0	0	0	0	0	2
M00595:54:000000000-A7CT0:1:1107:27628:12297	0	0	0	0	0	0	0	0	0	0	0	0	0	0	0	0	0	0	0	1
M00595:54:000000000-A7CT0:1:1108:28713:13930	0	0	0	0	0	0	0	0	0	0	0	0	0	0	0	0	0	0	0	2
M00595:54:000000000-A7CT0:1:1110:20449:12945	0	0	0	0	0	0	0	0	0	0	0	0	0	0	0	0	0	0	0	2
M01896:2:000000000-A69JN:1:2103:23300:18874	0	0	0	0	0	0	0	0	0	0	0	0	0	0	0	0	0	0	0	1
M00595:54:000000000-A7CT0:1:1113:11296:5319	0	0	0	0	0	0	0	0	0	0	0	0	0	0	0	0	0	0	0	2
M00595:54:000000000-A7CT0:1:2104:4109:8769	0	0	0	0	0	0	0	0	0	0	0	0	0	0	0	0	0	0	0	3
M00595:54:000000000-A7CT0:1:2102:22058:18570	0	0	0	0	0	0	0	0	0	0	0	0	0	0	0	0	0	0	0	3
M00595:54:000000000-A7CT0:1:2103:17235:6485	0	0	0	0	0	0	0	0	0	0	0	0	0	0	0	0	0	0	0	2
M00595:54:000000000-A7CT0:1:2109:23450:7749	0	0	0	0	0	0	0	0	0	0	0	0	0	0	0	0	0	0	0	3
M00595:54:000000000-A7CT0:1:2109:13475:9397	0	0	0	0	0	0	0	0	0	0	0	0	0	0	0	0	0	0	0	2
M00595:54:000000000-A7CT0:1:2109:8735:14193	0	0	0	0	0	0	0	0	0	0	0	0	0	0	0	0	0	0	0	2
M00595:54:000000000-A7CT0:1:2111:6931:17384	0	0	0	0	0	0	0	0	0	0	0	0	0	0	0	0	0	0	0	2
M00595:54:000000000-A7CT0:1:2114:10425:8543	0	0	0	0	0	0	0	0	0	0	0	0	0	0	0	0	0	0	0	2
M00595:54:000000000-A7CT0:1:2115:13863:6537	0	0	0	0	0	0	0	0	0	0	0	0	0	0	0	0	0	0	0	1
M00595:54:000000000-A7CT0:1:2115:19624:16444	0	0	0	0	0	0	0	0	0	0	0	0	0	0	0	0	0	0	0	2
M01896:15:000000000-A7EN9:1:2107:13757:2884	0	0	0	0	0	0	0	0	0	0	0	0	0	0	0	0	0	0	0	1
M00595:54:000000000-A7CT0:1:1105:13407:18992	0	0	0	0	0	0	0	0	0	0	0	0	0	0	0	0	0	0	0	2
M00595:54:000000000-A7CT0:1:1107:7262:13149	0	0	0	0	0	0	0	0	0	0	0	0	0	0	0	0	0	0	0	2
M00595:54:000000000-A7CT0:1:1113:24144:6996	0	0	0	0	0	0	0	0	0	0	0	0	0	0	0	0	0	0	0	2
M00595:54:000000000-A7CT0:1:1113:13837:13376	0	0	0	0	0	0	0	0	0	0	0	0	0	0	0	0	0	0	0	2
M00595:54:000000000-A7CT0:1:1115:16967:12943	0	0	0	0	0	0	0	0	0	0	0	0	0	0	0	0	0	0	0	2
M00595:54:000000000-A7CT0:1:2106:13501:20104	0	0	0	0	0	0	0	0	0	0	0	0	0	0	0	0	0	0	0	4
M00595:54:000000000-A7CT0:1:2107:17565:5315	0	0	0	0	0	0	0	0	0	0	0	0	0	0	0	0	0	0	0	2
