#OTU ID	S1HB3xDD2.MID109-109.P4.jan14_ncdenovo	S1HB3xDD2.MID110-110.P2.jan14_ncdenovo	S1HB3xDD2.MID98-98.P2.dec13_ncdenovo	S1HB3xDD2.MID104-104.P2.nov13_ncdenovo	S1HB3xDD2.MID98-98.P2.dec13_otuclust	S1HB3xDD2.MID104-104.P2.nov13_otuclust	S1HB3xDD2.MID110-110.P2.jan14_otuclust	S1HB3xDD2.MID109-109.P4.jan14_otuclust	S1HB3xDD2.MID109-109.P4.jan14_ncref	S1HB3xDD2.MID104-104.P2.nov13_ncref	S1HB3xDD2.MID98-98.P2.dec13_ncref	S1HB3xDD2.MID110-110.P2.jan14_ncref	S1HB3xDD2.MID104-104.P2.nov13	S1HB3xDD2.MID109-109.P4.jan14	S1HB3xDD2.MID98-98.P2.dec13	S1HB3xDD2.MID110-110.P2.jan14	PDD2xHB3.MID47-48.P2.apr13_ncdenovo	PDD2xHB3.MID47-48.P2.apr13_otuclust	PDD2xHB3.MID47-48.P2.apr13_ncref	PDD2xHB3.MID47-48.P2.apr13
M00595:42:000000000-A5J1T:1:2112:19464:17422	835	372	401	581	1	1	1	1	835	581	401	372	1002	1601	760	658	930	1	930	1541
M01896:14:000000000-A7ERE:1:2109:26315:18455	1633	962	830	1126	1	1	1	1	1633	1124	830	962	1789	2571	1534	1594	1413	1	1413	2214
M00595:42:000000000-A5J1T:1:1101:4532:12230	1035	452	750	597	1	1	1	1	1035	597	750	452	1029	1904	1284	853	880	1	880	1463
M01896:2:000000000-A69JN:1:2117:11004:21036	667	291	391	493	0	1	1	1	667	493	391	291	688	956	591	438	402	0	402	566
M00595:42:000000000-A5J1T:1:1116:17374:4600	198	157	120	316	1	1	1	1	198	316	120	157	626	517	297	390	408	1	408	806
M01896:14:000000000-A7ERE:1:2112:19502:16076	192	129	54	263	1	1	1	1	192	263	54	129	556	579	163	356	156	1	156	366
M00595:42:000000000-A5J1T:1:1102:27999:19813	170	170	110	345	1	1	1	1	170	345	110	170	699	469	308	407	456	1	456	894
M01896:2:000000000-A69JN:1:2103:5035:6461	264	217	118	277	1	1	1	1	264	277	118	217	591	625	285	545	583	1	583	1125
M01896:14:000000000-A7ERE:1:1112:20535:7984	614	610	394	830	1	1	1	1	614	830	394	610	1404	1266	750	1111	925	1	925	1574
M00595:54:000000000-A7CT0:1:1103:15693:9915	268	81	184	145	1	1	1	1	268	145	184	81	265	527	375	172	134	1	134	281
M00595:42:000000000-A5J1T:1:1111:20695:14539	520	414	248	651	1	1	1	1	520	651	246	414	1298	1253	641	869	1124	1	1124	2045
M01896:15:000000000-A7EN9:1:1115:28876:13171	828	654	739	1169	1	1	1	1	828	1169	739	654	1951	1648	1443	1275	843	1	843	1482
M01896:15:000000000-A7EN9:1:1104:19193:7159	319	219	203	507	1	1	1	1	319	507	203	217	1016	858	531	528	403	1	403	824
M00595:42:000000000-A5J1T:1:2102:22099:5968	113	144	106	278	1	1	1	1	113	278	106	144	488	267	267	324	272	1	272	483
M00595:42:000000000-A5J1T:1:1110:15599:11188	156	130	90	224	1	1	1	1	156	224	90	130	472	406	246	321	438	1	438	814
M01896:2:000000000-A69JN:1:1114:7859:11051	246	165	210	368	1	1	1	1	246	368	210	165	681	596	448	387	277	1	277	520
M01896:14:000000000-A7ERE:1:1105:17764:11178	155	67	85	157	1	1	1	1	155	157	87	67	342	398	196	161	179	1	181	346
M00595:54:000000000-A7CT0:1:1103:23391:21826	151	140	92	226	1	1	1	1	155	226	92	140	462	401	214	315	488	1	488	890
M01896:14:000000000-A7ERE:1:1101:28628:8590	169	129	80	222	1	1	1	1	169	222	80	129	436	454	214	329	297	0	297	568
M01896:15:000000000-A7EN9:1:1113:19402:4774	290	181	153	337	1	1	1	1	290	337	153	181	609	607	358	390	551	1	551	1014
M01896:2:000000000-A69JN:1:2106:22046:6896	232	200	204	308	1	1	1	1	232	312	203	200	616	514	459	407	569	1	569	993
M01896:14:000000000-A7ERE:1:2114:21466:10444	81	22	5	15	0	0	0	0	83	15	5	22	18	103	8	29	27	0	27	31
M00595:42:000000000-A5J1T:1:2116:13071:19218	124	68	97	193	1	1	1	1	124	193	94	68	383	303	221	196	336	1	336	705
M00595:54:000000000-A7CT0:1:1107:24083:11329	104	96	95	173	1	1	1	1	104	173	95	96	334	267	208	180	364	1	364	611
M01896:15:000000000-A7EN9:1:2114:5816:14728	246	139	214	309	1	1	1	1	246	309	216	139	589	534	472	306	212	1	212	444
M01896:14:000000000-A7ERE:1:2113:13542:19521	131	75	55	188	1	1	1	1	131	188	55	75	452	410	176	189	91	1	91	223
M01896:14:000000000-A7ERE:1:1110:9532:2564	177	57	37	75	1	1	1	1	177	75	37	57	170	471	83	148	159	1	159	348
M01896:14:000000000-A7ERE:1:2119:20537:21154	164	98	80	170	1	1	1	1	166	170	80	98	376	523	221	266	259	1	259	575
M00595:54:000000000-A7CT0:1:2103:18158:13513	104	72	85	194	1	1	1	1	104	194	85	72	403	323	244	173	100	1	100	239
M01896:14:000000000-A7ERE:1:1118:28109:19685	115	45	28	59	1	1	1	1	115	57	28	45	104	231	61	95	107	1	107	212
M01896:2:000000000-A69JN:1:2108:18795:15961	128	74	38	150	1	1	1	1	128	150	38	74	360	344	142	243	292	1	292	595
M01896:15:000000000-A7EN9:1:1101:13235:7788	73	59	50	103	1	1	1	1	73	103	50	59	232	190	138	128	152	1	152	302
M01896:14:000000000-A7ERE:1:2103:15285:8532	171	86	77	285	1	1	1	1	171	285	77	86	577	428	207	248	304	1	304	637
M00595:54:000000000-A7CT0:1:1108:15227:11423	132	69	77	200	1	1	1	1	132	200	75	69	431	343	198	210	84	1	84	215
M00595:42:000000000-A5J1T:1:2113:17249:17301	93	25	11	45	1	1	1	1	93	45	11	25	83	218	35	48	121	1	121	238
M00595:54:000000000-A7CT0:1:1118:9403:14996	89	114	60	171	1	1	1	1	89	171	60	114	323	237	136	222	240	1	240	486
M01896:2:000000000-A69JN:1:1112:12742:6806	81	56	34	118	1	1	1	1	81	118	34	58	281	223	102	129	182	1	182	337
M00595:54:000000000-A7CT0:1:2118:16062:14962	47	45	28	98	1	1	1	1	47	98	28	45	193	120	68	121	113	1	113	233
M00595:42:000000000-A5J1T:1:2119:7483:12228	84	22	11	19	1	1	1	1	84	21	11	22	50	186	32	50	97	1	97	195
M00595:54:000000000-A7CT0:1:2105:16671:23179	54	71	84	127	1	1	1	1	54	127	84	71	262	156	204	158	163	1	163	336
M00595:42:000000000-A5J1T:1:2112:13405:4392	81	45	50	79	1	1	1	1	79	79	50	45	203	226	145	137	131	1	131	297
M01896:14:000000000-A7ERE:1:1110:4845:13367	81	41	36	99	1	1	1	1	81	101	36	41	218	178	88	118	106	1	106	256
M01896:14:000000000-A7ERE:1:1109:16987:11794	76	50	0	87	0	0	0	0	76	87	27	50	179	196	107	130	83	0	81	214
M01896:2:000000000-A69JN:1:2102:14002:15481	70	61	76	141	1	1	1	1	70	141	76	61	315	192	179	153	208	1	208	426
M00595:42:000000000-A5J1T:1:1115:16610:6939	81	67	93	211	1	1	1	1	81	211	93	67	593	272	302	287	301	1	301	681
M01896:14:000000000-A7ERE:1:1110:23623:19485	52	44	26	95	0	0	0	0	52	95	26	44	181	153	85	123	104	0	104	238
M01896:14:000000000-A7ERE:1:1106:13389:17406	37	47	25	83	1	1	1	1	43	89	22	53	197	111	74	125	51	1	51	112
M00595:54:000000000-A7CT0:1:1118:10244:10451	253	214	132	295	1	1	1	1	253	295	132	214	594	583	318	475	587	1	587	1069
M00595:42:000000000-A5J1T:1:2113:17247:23378	63	66	20	96	1	1	1	1	63	96	20	66	196	167	42	156	137	1	137	277
M01896:15:000000000-A7EN9:1:1114:22486:19273	60	29	41	47	1	1	1	1	60	47	41	29	114	127	94	62	106	1	106	214
M01896:2:000000000-A69JN:1:1116:27833:12295	691	337	562	547	1	0	0	0	691	547	562	337	1015	1514	1162	706	521	1	521	1008
M00595:42:000000000-A5J1T:1:1104:20455:11573	36	45	21	102	1	1	1	1	36	102	21	45	255	124	77	118	105	1	105	228
M01896:14:000000000-A7ERE:1:2118:21973:2710	37	17	9	23	1	1	1	1	37	23	9	17	37	79	24	32	67	1	67	133
M01896:15:000000000-A7EN9:1:1104:6658:20006	36	8	24	19	1	1	1	1	36	19	24	8	45	85	55	25	36	1	38	86
M01896:15:000000000-A7EN9:1:1112:13650:24235	491	379	306	555	1	1	1	1	491	553	304	376	1048	1138	741	855	441	1	441	868
	34	29	12	41	2	2	2	3	32	41	12	29	81	99	39	69	123	3	121	257
M00595:42:000000000-A5J1T:1:2113:24314:19403	26	8	4	10	1	1	1	1	26	10	4	8	24	45	10	16	80	1	80	169
M01896:15:000000000-A7EN9:1:1111:21817:2894	26	2	3	8	1	1	1	1	26	8	0	2	24	56	17	12	31	1	31	82
M01896:2:000000000-A69JN:1:1107:18770:23171	45	23	25	94	1	1	1	1	45	94	23	23	196	113	58	75	93	1	93	213
M01896:14:000000000-A7ERE:1:1110:5232:11002	26	31	30	105	1	1	1	1	26	105	30	31	312	125	129	99	73	1	73	183
M01896:14:000000000-A7ERE:1:2117:24550:5632	446	369	265	494	1	1	1	1	446	494	265	369	857	879	546	711	684	1	684	1185
M00595:42:000000000-A5J1T:1:1117:20381:8751	47	35	46	142	1	1	1	1	47	142	46	35	391	194	149	156	225	1	225	564
M01896:14:000000000-A7ERE:1:1103:14337:9938	348	133	254	259	1	1	1	1	350	261	262	133	475	734	513	285	273	1	276	510
M01896:14:000000000-A7ERE:1:2116:14406:5530	39	42	28	117	1	1	1	1	39	117	28	42	345	191	129	139	170	1	170	447
M01896:2:000000000-A69JN:1:2119:17039:6983	21	14	12	52	1	1	1	1	21	52	12	14	173	77	35	47	134	1	134	346
M01896:2:000000000-A69JN:1:1104:16971:2021	209	164	271	414	1	1	1	1	209	414	271	162	759	452	614	341	170	1	168	328
M00595:42:000000000-A5J1T:1:1114:26399:7767	37	17	10	88	1	1	1	1	37	88	10	17	268	136	32	97	119	1	119	302
M01896:14:000000000-A7ERE:1:1116:25596:10561	6	0	0	0	0	0	0	0	6	0	0	0	0	1	0	0	0	0	0	0
M00595:42:000000000-A5J1T:1:1110:20185:15602	9	8	0	8	0	1	1	1	9	8	0	8	20	35	7	15	37	1	37	75
M01896:14:000000000-A7ERE:1:2117:5508:20163	6	0	0	0	0	0	0	0	0	0	0	0	0	1	0	0	0	0	0	0
M00595:42:000000000-A5J1T:1:2109:25828:5457	337	247	181	389	1	1	1	1	337	389	181	247	739	739	378	552	569	1	569	1038
M00595:42:000000000-A5J1T:1:1111:23382:14526	480	343	266	437	1	1	1	1	480	437	266	343	931	1097	616	751	552	1	555	1038
M00595:42:000000000-A5J1T:1:2110:16339:5836	360	208	201	357	1	1	1	1	360	357	201	208	594	738	417	408	354	1	354	632
M01896:15:000000000-A7EN9:1:1113:14016:24590	426	346	209	600	1	1	1	1	426	600	209	348	1119	997	481	765	1160	1	1160	1955
M00595:42:000000000-A5J1T:1:1108:26505:17224	7	2	2	12	1	1	1	1	7	12	2	2	22	32	5	11	10	1	10	30
M00595:42:000000000-A5J1T:1:2103:20766:3210	303	287	233	381	1	1	1	1	303	381	233	287	704	653	488	580	792	1	792	1380
M01896:15:000000000-A7EN9:1:1108:21573:19530	559	466	355	684	1	1	1	1	559	684	353	466	1318	1238	825	1029	621	1	621	1135
M01896:2:000000000-A69JN:1:1102:24823:6851	333	201	389	403	1	1	1	1	333	403	389	201	734	668	709	439	325	1	325	565
M01896:15:000000000-A7EN9:1:2118:16165:13253	380	312	190	382	1	1	1	1	380	382	190	314	633	741	376	567	615	1	615	1011
M00595:42:000000000-A5J1T:1:2110:11734:7655	3	0	0	0	0	0	0	1	3	0	0	0	3	14	1	1	5	1	5	9
M01896:15:000000000-A7EN9:1:1112:11551:10293	155	192	131	298	1	1	1	1	155	300	131	192	587	349	280	403	367	1	367	736
M01896:14:000000000-A7ERE:1:1110:4971:19109	2	0	0	0	0	0	0	0	2	0	0	0	2	10	5	1	0	0	2	5
M01896:15:000000000-A7EN9:1:2118:24463:19256	4	0	0	0	0	0	0	0	2	0	0	0	2	13	2	3	0	0	0	1
M01896:14:000000000-A7ERE:1:2112:18134:20880	2	0	0	0	0	0	0	0	2	0	0	0	1	2	0	0	0	0	0	0
M01896:2:000000000-A69JN:1:2117:24530:16858	2	4	2	25	1	1	1	1	2	25	2	4	112	30	14	24	58	1	58	130
M01896:14:000000000-A7ERE:1:2117:16227:13619	2	0	0	0	0	0	0	0	2	0	0	0	0	1	0	0	0	0	0	0
M01896:14:000000000-A7ERE:1:2114:9777:9509	2	0	0	0	0	0	0	0	0	0	0	0	0	2	0	0	0	0	0	0
M01896:14:000000000-A7ERE:1:2104:2709:14624	2	0	0	0	0	0	0	0	2	0	0	0	0	1	0	0	0	0	0	0
M01896:14:000000000-A7ERE:1:2101:17708:6996	2	0	0	0	0	0	0	0	0	0	0	0	5	10	4	1	0	0	0	2
M01896:15:000000000-A7EN9:1:2106:5053:8386	2	0	0	0	0	0	0	0	0	0	0	0	0	4	2	1	0	0	0	0
M01896:15:000000000-A7EN9:1:2106:24307:13978	2	0	0	0	0	0	0	0	0	0	0	0	0	2	0	0	0	0	0	0
M01896:14:000000000-A7ERE:1:1105:23592:16848	4	2	0	4	0	0	0	0	4	4	0	2	22	46	9	32	2	0	2	30
M01896:15:000000000-A7EN9:1:1116:2386:13749	2	0	0	0	0	0	0	1	2	0	0	0	0	2	0	0	0	0	0	0
M01896:14:000000000-A7ERE:1:1110:20209:8310	2	0	0	0	0	0	0	1	2	0	0	0	1	3	1	2	0	0	0	0
M01896:15:000000000-A7EN9:1:2117:27003:11731	2	0	0	0	0	0	0	0	2	0	0	0	0	2	0	0	0	0	0	0
M01896:14:000000000-A7ERE:1:2115:22559:13870	2	0	0	0	0	0	0	0	0	0	0	0	4	3	1	8	0	0	0	2
M01896:15:000000000-A7EN9:1:2119:4827:18486	2	0	0	0	0	0	0	0	2	0	0	0	0	2	0	0	0	0	0	0
M00595:42:000000000-A5J1T:1:1103:18939:11115	2	0	0	0	0	1	0	1	2	2	0	0	57	20	10	9	28	1	30	133
M01896:15:000000000-A7EN9:1:2102:15689:12212	2	0	0	0	0	0	0	1	2	0	0	0	0	2	0	0	0	0	0	0
M01896:15:000000000-A7EN9:1:1116:12951:23170	2	0	0	0	0	0	0	0	0	0	0	0	0	2	0	0	0	0	0	0
M01896:2:000000000-A69JN:1:2104:22033:17809	2	0	0	2	0	1	0	1	2	2	0	0	4	8	1	1	0	0	0	3
M01896:14:000000000-A7ERE:1:1106:14016:20450	0	52	0	0	0	0	0	0	0	0	0	52	0	0	0	1	0	0	0	0
M01896:15:000000000-A7EN9:1:1116:14346:17316	0	8	0	0	0	0	0	0	0	0	0	8	0	0	0	1	0	0	0	0
M01896:2:000000000-A69JN:1:2104:9373:4387	0	5	2	39	0	1	1	0	0	39	0	5	141	29	17	39	104	1	104	320
M01896:14:000000000-A7ERE:1:2104:11895:13629	0	2	0	0	0	0	0	0	0	0	0	2	0	0	0	2	0	0	0	0
M01896:2:000000000-A69JN:1:1115:5312:11059	0	2	0	5	0	0	0	0	0	5	0	2	8	1	2	2	4	0	4	4
M01896:14:000000000-A7ERE:1:2104:7378:19346	0	2	0	0	0	0	0	0	0	0	0	2	0	0	0	2	0	0	0	0
M01896:14:000000000-A7ERE:1:2114:17975:11484	0	2	0	0	0	0	0	0	0	0	2	4	7	6	10	10	0	0	0	4
M00595:54:000000000-A7CT0:1:2110:16078:10608	0	2	0	0	0	0	0	0	5	0	7	0	6	15	12	5	0	0	0	2
M01896:15:000000000-A7EN9:1:1111:21101:4169	0	2	0	0	0	0	1	0	0	0	0	2	2	3	1	2	0	0	0	0
M00595:54:000000000-A7CT0:1:2114:15822:9346	0	0	2	0	0	0	0	0	0	0	0	0	0	0	1	0	0	0	0	0
M00595:54:000000000-A7CT0:1:1106:13527:20163	0	0	2	0	0	0	0	0	0	0	0	0	1	1	2	0	0	0	0	0
M00595:54:000000000-A7CT0:1:2101:12683:9582	0	0	2	0	1	0	0	0	0	0	2	0	0	0	3	0	0	0	0	1
M00595:54:000000000-A7CT0:1:2108:17232:4192	0	0	2	0	0	0	0	0	0	0	0	0	0	0	2	1	0	0	0	0
M00595:54:000000000-A7CT0:1:2103:13696:5801	0	0	2	0	0	0	0	0	0	0	0	0	0	0	2	0	0	0	0	0
M00595:54:000000000-A7CT0:1:1119:20997:23111	0	0	2	0	0	0	0	0	0	0	0	0	0	0	2	0	0	0	0	0
M00595:54:000000000-A7CT0:1:1109:12825:7941	0	0	2	0	0	0	0	0	0	0	2	0	0	0	2	0	0	0	0	0
M00595:54:000000000-A7CT0:1:2103:24399:13825	0	0	2	0	0	0	0	0	0	0	2	0	0	0	3	0	0	0	0	0
M00595:54:000000000-A7CT0:1:1113:16567:17811	0	0	2	0	0	0	0	0	0	0	2	0	0	0	2	0	0	0	0	0
M00595:54:000000000-A7CT0:1:2103:19304:22809	0	0	2	0	1	0	1	0	0	0	0	2	3	2	3	3	0	0	0	3
M00595:54:000000000-A7CT0:1:2106:16379:11365	0	0	2	0	0	0	0	0	0	0	2	0	0	0	2	0	0	0	0	0
M01896:2:000000000-A69JN:1:2118:25569:10939	0	0	0	16	0	0	0	0	0	0	0	0	3	0	0	0	0	0	0	0
M01896:2:000000000-A69JN:1:2109:23076:11450	0	0	0	9	0	1	0	0	0	9	0	0	49	8	3	5	22	1	24	79
M01896:2:000000000-A69JN:1:2104:25852:5060	0	0	0	4	0	0	0	0	0	4	0	0	4	0	0	0	0	0	0	0
M01896:2:000000000-A69JN:1:2104:11957:6559	0	0	0	3	0	0	0	0	0	3	0	0	3	0	0	0	0	0	0	0
M01896:2:000000000-A69JN:1:2106:17919:14063	0	0	0	3	0	0	0	0	0	3	0	0	3	2	0	0	0	0	0	2
M01896:2:000000000-A69JN:1:2117:19720:13019	0	0	0	2	0	0	0	0	0	2	0	0	2	0	0	0	0	0	0	0
M01896:2:000000000-A69JN:1:2118:17884:22337	0	0	0	2	0	0	0	0	0	0	0	0	3	2	0	5	0	0	0	3
M01896:2:000000000-A69JN:1:1111:9385:12610	0	0	0	2	0	0	0	0	0	2	0	0	2	1	0	0	0	0	0	0
M01896:2:000000000-A69JN:1:2115:5468:11757	0	0	0	2	0	1	0	0	0	2	0	0	2	0	0	0	0	0	0	0
M01896:2:000000000-A69JN:1:2103:20913:6174	0	0	0	2	0	0	0	0	0	2	0	0	2	0	0	0	0	0	0	0
M01896:14:000000000-A7ERE:1:2109:21385:9470	0	0	0	2	0	0	0	0	5	2	0	0	3	5	1	2	0	0	0	1
M01896:2:000000000-A69JN:1:1117:24637:12586	0	0	0	2	0	0	0	0	0	2	0	0	2	0	0	0	0	0	0	0
M01896:2:000000000-A69JN:1:2109:29242:12888	0	0	0	2	0	0	0	0	0	0	0	0	2	0	0	0	0	0	0	0
M01896:2:000000000-A69JN:1:2102:6393:16406	0	0	0	2	0	0	0	0	0	2	0	0	2	0	0	0	0	0	0	1
M01896:2:000000000-A69JN:1:2109:22751:20157	0	0	0	2	0	0	0	0	0	2	0	0	3	0	2	2	0	0	0	0
M01896:2:000000000-A69JN:1:1118:7485:20110	0	0	0	2	0	0	0	0	0	2	0	0	2	0	0	0	0	0	0	0
M01896:2:000000000-A69JN:1:2103:16572:20990	0	0	0	2	0	0	0	0	0	2	0	0	2	0	0	0	0	0	0	0
M01896:2:000000000-A69JN:1:2112:15613:10848	0	0	0	2	0	1	0	0	0	2	0	0	3	1	0	0	0	0	0	0
M01896:2:000000000-A69JN:1:2101:17039:16902	0	0	0	2	0	0	0	0	0	2	0	0	4	0	0	0	0	0	0	0
M01896:2:000000000-A69JN:1:1103:8461:11857	0	0	0	2	0	0	0	0	0	2	0	0	2	0	0	0	0	0	0	0
M01896:2:000000000-A69JN:1:2107:28403:15741	0	0	0	4	0	0	0	0	0	4	0	0	6	1	1	1	2	0	2	2
M01896:2:000000000-A69JN:1:2105:27131:7723	0	0	0	2	0	0	0	0	0	2	0	0	3	1	1	0	0	0	0	0
M01896:2:000000000-A69JN:1:1113:5655:17115	0	0	0	2	0	0	0	0	0	0	0	0	2	0	0	0	0	0	0	0
M01896:2:000000000-A69JN:1:1107:7606:22080	0	0	0	2	0	0	0	0	0	2	0	0	2	0	0	0	0	0	0	0
M01896:2:000000000-A69JN:1:2110:22330:22168	0	0	0	2	0	0	0	0	0	2	0	0	8	2	0	2	0	0	0	2
M00595:54:000000000-A7CT0:1:1105:12078:17535	0	0	0	0	1	0	0	0	0	0	0	0	1	5	6	3	0	0	0	0
M01896:2:000000000-A69JN:1:1113:8556:9092	0	0	0	0	0	1	0	0	0	9	0	0	18	11	4	7	0	0	0	2
M01896:15:000000000-A7EN9:1:1108:6018:4791	0	0	0	0	0	0	0	0	4	0	0	0	0	1	0	0	0	0	0	0
M01896:14:000000000-A7ERE:1:2106:6647:19754	0	0	0	0	0	0	0	0	4	0	0	0	0	1	0	0	0	0	0	0
M01896:15:000000000-A7EN9:1:2107:21242:18110	0	0	0	0	0	0	0	0	4	0	0	0	1	1	0	0	0	0	0	0
M01896:15:000000000-A7EN9:1:1115:17155:18093	0	0	0	0	0	0	0	0	9	7	2	0	16	30	12	17	0	0	0	3
M01896:14:000000000-A7ERE:1:1101:3358:9555	0	0	0	0	0	0	0	0	2	0	0	0	0	3	0	1	0	0	0	1
M01896:15:000000000-A7EN9:1:1118:16534:12954	0	0	0	0	0	0	0	0	2	0	0	0	0	2	0	0	0	0	0	0
M01896:14:000000000-A7ERE:1:2118:27917:9324	0	0	0	0	0	0	0	0	4	0	0	0	3	9	0	3	0	0	0	2
M01896:15:000000000-A7EN9:1:2110:26060:3973	0	0	0	0	0	0	0	0	2	0	0	0	0	2	0	1	0	0	0	0
M01896:14:000000000-A7ERE:1:1115:17997:6162	0	0	0	0	0	0	0	0	2	0	0	0	2	10	1	2	0	0	0	1
M01896:14:000000000-A7ERE:1:2105:12480:13473	0	0	0	0	0	0	0	0	2	0	0	0	0	2	0	0	0	0	0	0
M01896:14:000000000-A7ERE:1:2104:18630:24747	0	0	0	0	0	0	0	0	2	0	0	0	0	2	0	0	0	0	0	0
M01896:15:000000000-A7EN9:1:2114:23418:7631	0	0	0	0	0	0	0	0	2	0	0	0	0	2	0	0	0	0	0	1
M01896:15:000000000-A7EN9:1:2109:21907:23438	0	0	0	0	0	0	0	0	2	0	0	0	2	5	1	1	0	0	0	0
M01896:2:000000000-A69JN:1:1109:9549:19418	0	0	0	0	0	0	0	0	2	0	0	0	7	8	2	5	0	0	0	0
M01896:14:000000000-A7ERE:1:2110:16562:10777	0	0	0	0	0	0	0	0	2	0	0	0	0	3	0	0	0	0	0	0
M01896:15:000000000-A7EN9:1:2104:17491:20769	0	0	0	0	0	0	0	0	2	0	0	0	4	6	3	2	0	0	0	0
M01896:15:000000000-A7EN9:1:1110:14678:21248	0	0	0	0	0	0	0	0	4	0	0	0	3	5	3	0	0	0	0	1
M01896:15:000000000-A7EN9:1:1104:9498:3739	0	0	0	0	0	0	0	0	2	0	0	0	0	2	0	0	0	0	0	0
M01896:15:000000000-A7EN9:1:1114:19738:8364	0	0	0	0	0	0	0	0	2	0	0	0	0	2	0	0	0	0	0	0
M01896:14:000000000-A7ERE:1:2108:26106:6738	0	0	0	0	0	0	0	0	2	0	0	0	0	2	0	0	0	0	0	0
M01896:15:000000000-A7EN9:1:2105:14516:16369	0	0	0	0	0	0	0	0	2	0	0	0	1	3	0	0	0	0	0	0
M01896:14:000000000-A7ERE:1:2104:20538:9136	0	0	0	0	0	0	0	0	2	0	0	0	0	2	0	0	0	0	0	0
M01896:14:000000000-A7ERE:1:2113:22581:5902	0	0	0	0	0	0	0	0	2	0	0	0	0	2	0	0	0	0	0	0
M01896:14:000000000-A7ERE:1:2113:5004:17205	0	0	0	0	0	0	0	0	2	0	0	0	0	2	0	0	0	0	0	0
M01896:15:000000000-A7EN9:1:2105:11563:19407	0	0	0	0	0	0	0	0	2	0	0	0	0	2	0	0	0	0	0	0
M01896:15:000000000-A7EN9:1:2103:11666:14758	0	0	0	0	0	0	0	0	2	0	0	0	0	2	0	0	0	0	0	0
M01896:2:000000000-A69JN:1:1104:7859:5989	0	0	0	0	0	0	0	0	2	0	0	4	2	5	0	6	0	0	0	0
M01896:14:000000000-A7ERE:1:1107:12766:18724	0	0	0	0	0	0	0	0	2	0	0	0	0	2	0	0	0	0	0	0
M01896:15:000000000-A7EN9:1:2102:9792:22475	0	0	0	0	0	0	0	0	2	0	0	0	0	2	0	0	0	0	0	0
M01896:2:000000000-A69JN:1:2115:16194:18727	0	0	0	0	0	0	0	0	0	6	0	0	1	0	0	0	0	0	0	0
M01896:15:000000000-A7EN9:1:2111:4926:17916	0	0	0	0	0	0	0	0	0	4	0	0	3	4	2	1	0	0	0	0
M01896:2:000000000-A69JN:1:2115:22198:12200	0	0	0	0	0	0	0	0	0	3	0	0	3	1	0	0	0	0	0	2
M01896:2:000000000-A69JN:1:1107:17922:2178	0	0	0	0	0	0	0	0	0	3	0	0	3	0	0	0	0	0	0	0
M01896:2:000000000-A69JN:1:2117:19395:17857	0	0	0	0	0	0	0	0	0	3	0	0	3	0	0	0	0	0	0	0
M01896:2:000000000-A69JN:1:2105:18212:5518	0	0	0	0	0	0	0	0	0	3	0	0	3	0	0	0	0	0	0	0
M01896:15:000000000-A7EN9:1:2104:8357:23098	0	0	0	0	0	0	0	0	0	2	0	0	3	7	2	5	0	0	0	1
M01896:2:000000000-A69JN:1:1106:26441:10571	0	0	0	0	0	0	0	0	0	2	0	0	2	0	0	0	0	0	0	0
M01896:2:000000000-A69JN:1:1114:6461:14133	0	0	0	0	0	0	0	0	0	2	2	0	4	3	2	0	0	0	0	0
M01896:2:000000000-A69JN:1:2102:5274:13338	0	0	0	0	0	0	0	0	0	2	0	0	2	0	0	0	0	0	0	0
M01896:2:000000000-A69JN:1:2108:25583:7767	0	0	0	0	0	0	0	0	0	2	0	0	2	0	0	0	0	0	0	0
M01896:2:000000000-A69JN:1:1105:4537:14118	0	0	0	0	0	0	0	0	0	2	0	0	2	0	0	0	0	0	0	0
M01896:2:000000000-A69JN:1:2107:21380:17792	0	0	0	0	0	0	0	0	0	2	0	0	2	0	0	0	0	0	0	0
M01896:2:000000000-A69JN:1:2103:10359:2790	0	0	0	0	0	0	0	0	0	2	0	0	2	0	0	0	0	0	0	0
M01896:2:000000000-A69JN:1:1110:23257:3530	0	0	0	0	0	0	0	0	0	4	0	0	5	0	0	0	0	0	0	1
M01896:2:000000000-A69JN:1:2103:9295:17084	0	0	0	0	0	0	0	0	0	2	0	0	1	0	0	0	0	0	0	0
M01896:2:000000000-A69JN:1:2117:16256:20359	0	0	0	0	0	0	0	0	0	2	0	0	6	3	4	0	0	0	0	1
M01896:2:000000000-A69JN:1:2105:25549:10982	0	0	0	0	0	0	0	0	0	2	0	0	2	0	0	0	0	0	0	0
M01896:2:000000000-A69JN:1:1106:13479:5492	0	0	0	0	0	0	0	0	0	2	0	0	2	0	0	0	0	0	0	0
M01896:2:000000000-A69JN:1:1106:7882:6277	0	0	0	0	0	0	0	0	0	2	0	0	5	2	2	2	0	0	0	2
M01896:2:000000000-A69JN:1:1109:6980:9503	0	0	0	0	0	0	0	0	0	2	0	0	2	0	0	0	0	0	0	1
M01896:2:000000000-A69JN:1:2118:24327:21047	0	0	0	0	0	0	0	0	0	2	0	0	2	0	0	0	0	0	0	0
M00595:54:000000000-A7CT0:1:1108:12219:10182	0	0	0	0	0	0	0	0	0	4	0	0	7	15	11	8	0	0	2	9
M01896:2:000000000-A69JN:1:1108:16588:10588	0	0	0	0	0	0	0	0	0	2	0	0	2	0	0	1	0	0	0	0
M01896:2:000000000-A69JN:1:1106:24612:18984	0	0	0	0	0	0	0	0	0	2	0	0	2	0	0	0	0	0	0	0
M01896:2:000000000-A69JN:1:1115:8367:5085	0	0	0	0	0	0	0	0	0	2	0	0	2	0	0	0	0	0	0	0
M00595:54:000000000-A7CT0:1:2105:19590:4180	0	0	0	0	0	0	0	0	0	2	0	0	9	6	2	0	0	0	0	1
M01896:2:000000000-A69JN:1:1117:13661:19461	0	0	0	0	0	0	0	0	0	2	0	0	2	0	0	0	0	0	0	0
M01896:2:000000000-A69JN:1:2117:19857:5597	0	0	0	0	0	0	0	0	0	2	0	0	2	0	0	0	0	0	0	0
M01896:2:000000000-A69JN:1:2102:10259:16694	0	0	0	0	0	0	0	0	0	2	0	0	4	0	1	0	0	0	0	0
M01896:2:000000000-A69JN:1:2119:23670:8671	0	0	0	0	0	0	0	0	0	2	0	0	2	0	0	1	0	0	0	0
M01896:2:000000000-A69JN:1:2114:18679:14350	0	0	0	0	0	0	0	0	0	2	0	0	3	1	0	0	0	0	0	0
M01896:2:000000000-A69JN:1:1113:7375:15405	0	0	0	0	0	0	0	0	0	2	0	0	2	1	0	0	0	0	0	0
M01896:2:000000000-A69JN:1:1109:8471:16710	0	0	0	0	0	0	0	0	0	2	0	0	2	2	0	0	0	0	0	0
M01896:2:000000000-A69JN:1:2116:17008:2747	0	0	0	0	0	0	0	0	0	2	0	0	2	0	1	0	0	0	0	0
M01896:2:000000000-A69JN:1:2115:7631:4895	0	0	0	0	0	0	0	0	0	2	0	0	3	0	1	0	0	0	0	2
M00595:42:000000000-A5J1T:1:2105:13317:16212	0	0	0	0	0	0	0	0	0	4	0	0	10	5	1	8	0	0	0	6
M01896:2:000000000-A69JN:1:1105:7610:16132	0	0	0	0	0	0	0	0	0	2	0	0	3	0	0	0	0	0	0	0
M01896:2:000000000-A69JN:1:2119:14328:17868	0	0	0	0	0	0	0	0	0	2	0	0	2	0	0	0	0	0	0	0
M01896:2:000000000-A69JN:1:2118:4866:15222	0	0	0	0	0	0	0	0	0	2	0	0	5	2	3	0	0	0	0	2
M01896:2:000000000-A69JN:1:2102:22599:10106	0	0	0	0	0	0	0	0	0	2	0	0	2	0	1	1	0	0	0	0
M01896:14:000000000-A7ERE:1:1107:9347:7122	0	0	0	0	0	0	0	0	0	6	2	0	18	16	13	19	0	0	4	18
M01896:2:000000000-A69JN:1:2110:11675:12361	0	0	0	0	0	0	0	0	0	2	0	0	2	0	0	1	0	0	0	0
M01896:2:000000000-A69JN:1:2101:26317:18500	0	0	0	0	0	0	0	0	0	2	0	0	2	0	0	0	0	0	0	0
M01896:2:000000000-A69JN:1:2104:7568:22111	0	0	0	0	0	0	0	0	0	2	0	0	2	0	1	0	0	0	0	0
M01896:2:000000000-A69JN:1:2103:8059:8411	0	0	0	0	0	0	0	0	0	2	0	0	2	0	0	0	0	0	0	0
M01896:2:000000000-A69JN:1:2102:5871:6712	0	0	0	0	0	0	0	0	0	2	0	0	2	0	0	0	0	0	0	0
M01896:2:000000000-A69JN:1:1108:13276:2767	0	0	0	0	0	0	0	0	0	2	0	0	2	0	0	0	0	0	0	0
M01896:2:000000000-A69JN:1:1118:10347:9865	0	0	0	0	0	0	0	0	0	2	0	0	2	0	0	0	0	0	0	0
M01896:2:000000000-A69JN:1:1119:12396:10690	0	0	0	0	0	0	0	0	0	2	0	0	2	0	0	0	0	0	0	0
M01896:2:000000000-A69JN:1:1119:25127:19710	0	0	0	0	0	0	0	0	0	2	0	0	2	2	0	2	0	0	0	1
M01896:2:000000000-A69JN:1:2103:17631:4961	0	0	0	0	0	0	0	0	0	2	0	0	2	0	0	0	0	0	0	1
M01896:2:000000000-A69JN:1:2108:9885:5146	0	0	0	0	0	0	0	0	0	2	0	0	2	0	0	0	0	0	0	0
M01896:2:000000000-A69JN:1:2109:12498:3990	0	0	0	0	0	0	0	0	0	2	0	0	3	2	0	2	0	0	0	0
M01896:2:000000000-A69JN:1:2105:27763:17621	0	0	0	0	0	0	0	0	0	2	2	0	3	2	4	2	0	0	0	3
M01896:2:000000000-A69JN:1:1119:10362:13428	0	0	0	0	0	0	0	0	0	2	0	0	2	0	0	0	0	0	0	0
M01896:2:000000000-A69JN:1:2104:23144:21010	0	0	0	0	0	0	0	0	0	2	0	0	2	0	0	0	0	0	0	0
M01896:2:000000000-A69JN:1:1115:15038:18744	0	0	0	0	0	0	0	0	0	2	0	0	3	2	5	1	0	0	0	0
M01896:2:000000000-A69JN:1:2106:17262:12473	0	0	0	0	0	0	0	0	0	2	0	0	2	0	0	0	0	0	0	0
M01896:2:000000000-A69JN:1:2111:11248:22596	0	0	0	0	0	0	0	0	0	2	0	0	2	0	0	0	0	0	0	1
M01896:2:000000000-A69JN:1:2117:7742:14108	0	0	0	0	0	0	0	0	0	2	0	0	2	0	0	0	0	0	0	0
M01896:2:000000000-A69JN:1:2109:6501:4497	0	0	0	0	0	0	0	0	0	2	0	0	3	0	0	0	0	0	0	1
M01896:2:000000000-A69JN:1:1111:12215:9175	0	0	0	0	0	0	0	0	0	2	0	0	2	0	0	0	0	0	0	0
M01896:2:000000000-A69JN:1:2117:18594:23613	0	0	0	0	0	0	0	0	0	2	0	0	2	0	0	0	0	0	0	0
M01896:2:000000000-A69JN:1:2101:23619:20681	0	0	0	0	0	0	0	0	0	2	0	0	2	0	0	1	0	0	0	0
M01896:2:000000000-A69JN:1:1112:16631:7556	0	0	0	0	0	0	0	0	0	2	0	0	2	1	0	0	0	0	0	0
M00595:42:000000000-A5J1T:1:2115:18248:6768	0	0	0	0	0	0	0	0	0	0	9	0	10	32	24	11	0	0	0	6
M00595:54:000000000-A7CT0:1:2111:18438:15135	0	0	0	0	0	0	0	0	0	0	3	0	0	0	3	0	0	0	0	0
M00595:54:000000000-A7CT0:1:2103:16684:13570	0	0	0	0	0	0	0	0	0	0	3	0	4	2	5	1	0	0	0	5
M00595:54:000000000-A7CT0:1:1107:4743:11105	0	0	0	0	0	0	0	0	0	0	2	0	1	1	2	0	0	0	0	0
M00595:54:000000000-A7CT0:1:1103:10777:21998	0	0	0	0	0	0	0	0	0	0	2	0	0	0	2	1	0	0	0	0
M00595:54:000000000-A7CT0:1:2118:23125:5544	0	0	0	0	0	0	0	0	0	0	2	0	0	0	2	0	0	0	0	0
M00595:54:000000000-A7CT0:1:1106:23384:4494	0	0	0	0	0	0	0	0	0	0	2	0	0	1	2	0	0	0	0	0
M00595:54:000000000-A7CT0:1:2109:13752:10040	0	0	0	0	0	0	0	0	0	0	2	0	0	0	2	0	0	0	0	0
M00595:54:000000000-A7CT0:1:2115:22239:19919	0	0	0	0	0	0	0	0	0	0	2	0	0	2	2	0	0	0	0	0
M00595:54:000000000-A7CT0:1:1109:21188:13731	0	0	0	0	0	0	0	0	0	0	4	0	0	0	4	0	0	0	0	1
M00595:54:000000000-A7CT0:1:2104:24335:16300	0	0	0	0	0	0	0	0	0	0	2	0	0	0	2	0	0	0	0	0
M01896:15:000000000-A7EN9:1:2116:16719:17022	0	0	0	0	0	0	0	0	0	0	2	2	3	10	5	5	0	0	0	3
M00595:54:000000000-A7CT0:1:2111:9909:16473	0	0	0	0	0	0	0	0	0	0	2	0	0	0	2	0	0	0	0	0
M00595:54:000000000-A7CT0:1:1110:8207:21484	0	0	0	0	0	0	0	0	0	0	2	0	0	0	2	0	0	0	0	1
M00595:54:000000000-A7CT0:1:1110:9193:15111	0	0	0	0	0	0	0	0	0	0	2	0	0	0	2	0	0	0	0	0
M01896:2:000000000-A69JN:1:2111:19377:23109	0	0	0	0	0	0	0	0	0	0	2	0	7	6	8	2	0	0	0	3
M00595:54:000000000-A7CT0:1:2102:14434:19792	0	0	0	0	0	0	0	0	0	0	2	0	1	0	2	0	0	0	0	0
M00595:54:000000000-A7CT0:1:2115:18383:4162	0	0	0	0	0	0	0	0	0	0	2	0	0	0	2	0	0	0	0	0
M00595:54:000000000-A7CT0:1:1114:5940:7719	0	0	0	0	0	0	0	0	0	0	2	0	0	2	3	0	0	0	0	0
M01896:2:000000000-A69JN:1:1103:24151:16519	0	0	0	0	0	0	0	0	0	0	2	0	2	0	2	1	0	0	0	1
M00595:54:000000000-A7CT0:1:2109:8559:12498	0	0	0	0	0	0	0	0	0	0	2	0	2	5	6	6	0	0	0	4
M01896:14:000000000-A7ERE:1:2108:20207:18166	0	0	0	0	0	0	0	0	0	0	0	4	0	1	0	1	0	0	0	0
M00595:54:000000000-A7CT0:1:1119:9483:10428	0	0	0	0	0	0	0	0	0	0	0	2	17	14	10	16	0	0	0	16
M01896:15:000000000-A7EN9:1:1113:14820:8435	0	0	0	0	0	0	0	0	0	0	0	2	0	3	2	4	0	0	0	0
M01896:15:000000000-A7EN9:1:2103:13498:10439	0	0	0	0	0	0	0	0	0	0	0	2	0	0	0	2	0	0	0	0
M01896:14:000000000-A7ERE:1:2116:1945:12107	0	0	0	0	0	0	0	0	0	0	0	2	0	2	0	1	0	0	0	0
M01896:14:000000000-A7ERE:1:2116:21689:9332	0	0	0	0	0	0	0	0	0	0	0	2	0	0	0	1	0	0	0	0
M01896:15:000000000-A7EN9:1:1114:8599:7380	0	0	0	0	0	0	0	0	0	0	0	2	1	0	0	2	0	0	0	0
M01896:14:000000000-A7ERE:1:2103:6192:7795	0	0	0	0	0	0	0	0	0	0	0	2	2	2	1	6	0	0	0	1
M01896:15:000000000-A7EN9:1:2108:3824:11803	0	0	0	0	0	0	0	0	0	0	0	2	0	0	0	3	0	0	0	0
M01896:15:000000000-A7EN9:1:2103:9704:10516	0	0	0	0	0	0	0	0	0	0	0	2	0	0	0	2	0	0	0	0
M01896:14:000000000-A7ERE:1:1105:3303:10416	0	0	0	0	0	0	0	0	0	0	0	2	1	0	0	2	0	0	0	0
M01896:15:000000000-A7EN9:1:1104:3294:10161	0	0	0	0	0	0	0	0	0	0	0	2	0	0	0	4	0	0	0	0
M01896:14:000000000-A7ERE:1:2109:18218:12928	0	0	0	0	0	0	0	0	0	0	0	2	1	2	0	2	0	0	0	0
M01896:15:000000000-A7EN9:1:2104:5865:9613	0	0	0	0	0	0	0	0	0	0	0	2	4	2	2	4	0	0	0	1
M01896:14:000000000-A7ERE:1:1110:6953:10826	0	0	0	0	0	0	0	0	0	0	0	2	0	1	0	3	3	0	3	5
M01896:14:000000000-A7ERE:1:2109:27085:15387	0	0	0	0	0	0	0	0	0	0	0	2	0	0	0	2	0	0	0	0
M01896:14:000000000-A7ERE:1:1113:10861:10213	0	0	0	0	0	0	0	0	0	0	0	2	0	1	2	2	0	0	0	1
M01896:2:000000000-A69JN:1:1117:27269:18086	0	0	0	0	0	0	0	0	0	0	0	0	4	3	1	2	0	0	0	1
M00595:42:000000000-A5J1T:1:2114:25824:9214	0	0	0	0	0	0	0	0	0	0	0	0	6	6	8	6	0	0	2	4
M01896:14:000000000-A7ERE:1:2117:7031:3381	0	0	0	0	0	0	0	0	0	0	0	0	2	3	4	3	0	0	0	2
M01896:2:000000000-A69JN:1:1101:14131:21895	0	0	0	0	0	0	0	0	0	0	0	0	1	0	0	0	0	0	0	0
M01896:14:000000000-A7ERE:1:2113:18295:15887	0	0	0	0	0	0	0	0	0	0	0	0	2	1	0	1	0	0	0	1
M01896:15:000000000-A7EN9:1:1115:14847:15498	0	0	0	0	0	0	0	0	0	0	0	0	1	2	0	0	0	0	0	1
M01896:2:000000000-A69JN:1:1114:28936:12666	0	0	0	0	0	0	0	0	0	0	0	0	3	1	0	3	0	0	0	0
M00595:54:000000000-A7CT0:1:1112:14131:18228	0	0	0	0	0	0	0	0	0	0	0	0	2	4	3	2	0	0	0	3
M01896:15:000000000-A7EN9:1:2114:19463:20343	0	0	0	0	0	0	0	0	0	0	0	0	6	3	2	4	0	0	0	1
M01896:15:000000000-A7EN9:1:2106:4625:16795	0	0	0	0	0	0	0	0	0	0	0	0	3	2	2	4	0	0	0	1
M01896:14:000000000-A7ERE:1:1104:18156:18259	0	0	0	0	0	0	0	0	0	0	0	0	2	5	0	4	0	0	0	3
M01896:2:000000000-A69JN:1:2109:13552:9891	0	0	0	0	0	0	0	0	0	0	0	0	6	2	1	1	0	0	0	1
M01896:15:000000000-A7EN9:1:1118:10782:17915	0	0	0	0	0	0	0	0	0	0	0	0	2	5	0	2	0	0	0	3
M01896:2:000000000-A69JN:1:1103:5877:13897	0	0	0	0	0	0	0	0	0	0	0	0	3	0	0	0	0	0	0	1
M00595:42:000000000-A5J1T:1:1107:18349:13236	0	0	0	0	0	0	0	0	0	0	0	0	6	6	2	3	0	0	0	3
M01896:2:000000000-A69JN:1:2105:27514:12249	0	0	0	0	0	0	0	0	0	0	0	0	5	6	0	2	0	0	0	1
M01896:15:000000000-A7EN9:1:1105:6468:9939	0	0	0	0	0	0	0	0	0	0	0	0	2	1	0	1	0	0	0	0
M01896:2:000000000-A69JN:1:2102:13716:21831	0	0	0	0	0	0	0	0	0	0	0	0	3	3	2	3	0	0	0	0
M01896:14:000000000-A7ERE:1:2108:21887:8737	0	0	0	0	0	0	0	0	0	0	0	0	2	3	1	3	0	0	0	0
M01896:15:000000000-A7EN9:1:2106:3641:13568	0	0	0	0	0	0	0	0	0	0	0	0	1	3	1	0	0	0	0	0
M01896:15:000000000-A7EN9:1:1115:22824:5359	0	0	0	0	0	0	0	0	0	0	0	0	6	2	4	2	0	0	0	5
M01896:15:000000000-A7EN9:1:2115:5528:22356	0	0	0	0	0	0	0	0	0	0	0	0	1	1	1	3	0	0	0	4
M00595:42:000000000-A5J1T:1:1113:15380:18774	0	0	0	0	0	0	0	0	0	0	0	0	1	3	3	3	0	0	0	4
M01896:2:000000000-A69JN:1:1105:23661:2439	0	0	0	0	0	0	0	0	0	0	0	0	2	1	0	0	0	0	0	0
M00595:54:000000000-A7CT0:1:2104:13847:13525	0	0	0	0	0	0	0	0	0	0	0	0	1	1	3	0	0	0	0	1
M01896:2:000000000-A69JN:1:1105:10280:15496	0	0	0	0	0	0	0	0	0	0	0	0	2	0	0	0	0	0	0	0
M00595:54:000000000-A7CT0:1:1114:15353:12517	0	0	0	0	0	0	0	0	0	0	0	0	11	8	7	7	0	0	0	2
M01896:2:000000000-A69JN:1:1106:7784:6046	0	0	0	0	0	0	0	0	0	0	0	0	3	1	0	1	0	0	0	0
M01896:2:000000000-A69JN:1:2114:4933:6733	0	0	0	0	0	0	0	0	0	0	0	0	8	4	3	4	0	0	0	6
M01896:14:000000000-A7ERE:1:1102:10768:12547	0	0	0	0	0	0	0	0	0	0	0	0	1	0	1	2	0	0	0	3
M01896:15:000000000-A7EN9:1:2104:18726:19447	0	0	0	0	0	0	0	0	0	0	0	0	1	0	0	1	0	0	0	0
M01896:2:000000000-A69JN:1:1106:7807:15494	0	0	0	0	0	0	0	0	0	0	0	0	4	4	0	4	0	0	0	5
M01896:15:000000000-A7EN9:1:2108:16130:12045	0	0	0	0	0	0	0	0	0	0	0	0	1	3	0	5	0	0	0	2
M01896:2:000000000-A69JN:1:1106:15615:20350	0	0	0	0	0	0	0	0	0	0	0	0	2	0	0	0	0	0	0	0
M00595:42:000000000-A5J1T:1:1107:8704:13180	0	0	0	0	0	0	0	0	0	0	0	0	1	1	1	1	0	0	0	2
M01896:2:000000000-A69JN:1:1117:27624:7579	0	0	0	0	0	0	0	0	0	0	0	0	7	1	3	5	0	0	0	0
M00595:42:000000000-A5J1T:1:2117:22404:21211	0	0	0	0	0	0	0	0	0	0	0	0	7	12	2	7	0	0	0	3
M01896:15:000000000-A7EN9:1:1116:17516:5473	0	0	0	0	0	0	0	0	0	0	0	0	3	4	2	4	0	0	0	3
M00595:54:000000000-A7CT0:1:1105:24508:13351	0	0	0	0	0	0	0	0	0	0	0	0	2	0	2	2	0	0	0	0
M01896:2:000000000-A69JN:1:1108:4728:10784	0	0	0	0	0	0	0	0	0	0	0	0	2	0	0	0	0	0	0	0
M00595:54:000000000-A7CT0:1:1116:13570:17889	0	0	0	0	0	0	0	0	0	0	0	0	6	8	2	3	0	0	0	2
M01896:14:000000000-A7ERE:1:2108:11158:16522	0	0	0	0	0	0	0	0	0	0	0	0	1	1	0	4	0	0	0	0
M00595:54:000000000-A7CT0:1:2112:13809:11973	0	0	0	0	0	0	0	0	0	0	0	0	6	7	4	5	0	0	0	2
M01896:15:000000000-A7EN9:1:1102:9860:18001	0	0	0	0	0	0	0	0	0	0	0	0	2	1	0	5	0	0	0	1
M01896:2:000000000-A69JN:1:1102:16637:12173	0	0	0	0	0	0	0	0	0	0	0	0	8	7	0	15	0	0	0	1
M01896:15:000000000-A7EN9:1:1111:24553:7732	0	0	0	0	0	0	0	0	0	0	0	0	8	19	8	7	0	0	0	3
M01896:2:000000000-A69JN:1:1109:13052:9310	0	0	0	0	0	0	0	0	0	0	0	0	4	5	2	0	0	0	0	1
M01896:2:000000000-A69JN:1:1109:7003:11131	0	0	0	0	0	0	0	0	0	0	0	0	2	1	0	1	0	0	0	3
M01896:14:000000000-A7ERE:1:2114:6378:5551	0	0	0	0	0	0	0	0	0	0	0	0	5	1	0	4	0	0	0	1
M01896:15:000000000-A7EN9:1:2109:8565:13700	0	0	0	0	0	0	0	0	0	0	0	0	5	7	2	5	0	0	0	3
M01896:2:000000000-A69JN:1:1110:4707:9280	0	0	0	0	0	0	0	0	0	0	0	0	2	0	0	0	0	0	0	0
M01896:2:000000000-A69JN:1:2105:29411:15629	0	0	0	0	0	0	0	0	0	0	0	0	3	0	0	2	0	0	0	1
M00595:54:000000000-A7CT0:1:1105:20099:2195	0	0	0	0	0	0	0	0	0	0	0	0	3	0	3	1	0	0	0	0
M01896:14:000000000-A7ERE:1:1102:21519:15046	0	0	0	0	0	0	0	0	0	0	0	0	2	3	0	0	0	0	0	2
M01896:15:000000000-A7EN9:1:2117:17976:11761	0	0	0	0	0	0	0	0	0	0	0	0	1	0	0	2	0	0	0	1
M01896:2:000000000-A69JN:1:1110:15861:17803	0	0	0	0	0	0	0	0	0	0	0	0	2	1	0	0	0	0	0	0
M01896:2:000000000-A69JN:1:2114:14407:18343	0	0	0	0	0	0	0	0	0	0	0	0	8	3	3	4	0	0	0	3
M01896:15:000000000-A7EN9:1:2106:11578:19466	0	0	0	0	0	0	0	0	0	0	0	0	3	5	0	3	0	0	0	1
M00595:42:000000000-A5J1T:1:1105:23460:10999	0	0	0	0	0	0	0	0	0	0	0	0	1	0	3	3	0	0	0	4
M01896:2:000000000-A69JN:1:1111:28301:7954	0	0	0	0	0	0	0	0	0	0	0	0	1	2	0	2	0	0	0	2
M01896:2:000000000-A69JN:1:1111:18130:12887	0	0	0	0	0	0	0	0	0	0	0	0	2	4	1	0	0	0	0	2
M01896:2:000000000-A69JN:1:1111:7390:16267	0	0	0	0	0	0	0	0	0	0	0	0	4	0	0	0	0	0	0	1
M01896:15:000000000-A7EN9:1:1102:5597:8553	0	0	0	0	0	0	0	0	0	0	0	0	1	4	2	0	0	0	0	1
M00595:42:000000000-A5J1T:1:2115:6901:7943	0	0	0	0	0	0	0	0	0	0	0	0	3	4	0	0	0	0	2	7
M00595:54:000000000-A7CT0:1:1111:17357:16252	0	0	0	0	0	0	0	0	0	0	0	0	1	0	3	0	0	0	0	0
M01896:2:000000000-A69JN:1:1112:28231:10358	0	0	0	0	0	0	0	0	0	0	0	0	2	0	0	0	0	0	0	0
M01896:2:000000000-A69JN:1:1112:12633:14381	0	0	0	0	0	0	0	0	0	0	0	0	2	2	0	0	0	0	0	0
M00595:42:000000000-A5J1T:1:1112:12381:2508	0	0	0	0	0	0	0	0	0	0	0	0	1	3	0	0	0	0	0	1
M01896:2:000000000-A69JN:1:1112:16710:20077	0	0	0	0	0	0	0	0	0	0	0	0	4	6	3	0	0	0	0	1
M01896:2:000000000-A69JN:1:1113:23239:5897	0	0	0	0	0	0	0	0	0	0	0	0	2	0	0	0	0	0	0	0
M00595:54:000000000-A7CT0:1:1102:9046:22981	0	0	0	0	0	0	0	0	0	0	0	0	5	5	4	4	0	0	0	6
M00595:42:000000000-A5J1T:1:1117:22207:8970	0	0	0	0	0	0	0	0	0	0	0	0	2	4	2	0	5	1	5	8
M01896:14:000000000-A7ERE:1:2118:23469:5008	0	0	0	0	0	0	0	0	0	0	0	0	1	0	1	3	0	0	0	2
M00595:54:000000000-A7CT0:1:1116:18621:4844	0	0	0	0	0	0	0	0	0	0	0	0	4	2	2	0	0	0	0	0
M01896:2:000000000-A69JN:1:2110:4472:19379	0	0	0	0	0	0	0	0	0	0	0	0	5	1	0	0	0	0	0	1
M00595:54:000000000-A7CT0:1:1113:22427:19028	0	0	0	0	0	0	0	0	0	0	0	0	3	6	2	4	0	0	0	2
M01896:15:000000000-A7EN9:1:2104:20129:11803	0	0	0	0	0	0	0	0	0	0	0	0	2	5	1	3	0	0	0	3
M01896:2:000000000-A69JN:1:1115:4027:6249	0	0	0	0	0	0	0	0	0	0	0	0	2	0	0	0	0	0	0	0
M01896:2:000000000-A69JN:1:1103:21796:13637	0	0	0	0	0	0	0	0	0	0	0	0	4	1	0	1	0	0	0	1
M01896:15:000000000-A7EN9:1:2107:8364:19640	0	0	0	0	0	0	0	0	0	0	0	0	2	3	1	7	0	0	0	2
M00595:42:000000000-A5J1T:1:2112:19003:18043	0	0	0	0	0	0	0	0	0	0	0	0	2	0	1	3	2	0	0	7
M01896:2:000000000-A69JN:1:1115:5638:17243	0	0	0	0	0	0	0	0	0	0	0	0	2	2	2	2	0	0	0	0
M01896:2:000000000-A69JN:1:2118:22256:10019	0	0	0	0	0	0	0	0	0	0	0	0	3	0	0	0	0	0	0	1
M01896:15:000000000-A7EN9:1:2116:24361:12694	0	0	0	0	0	0	0	0	0	0	0	0	4	1	0	5	0	0	0	4
M01896:15:000000000-A7EN9:1:2105:11375:5675	0	0	0	0	0	0	0	0	0	0	0	0	3	3	2	3	0	0	0	3
M01896:14:000000000-A7ERE:1:1110:15233:5775	0	0	0	0	0	0	0	0	0	0	0	0	1	3	0	1	0	0	0	0
M00595:42:000000000-A5J1T:1:2109:21338:16721	0	0	0	0	0	0	0	0	0	0	0	0	2	2	0	0	0	0	0	1
M01896:2:000000000-A69JN:1:1116:14906:8533	0	0	0	0	0	0	0	0	0	0	0	0	2	0	0	0	0	0	0	0
M01896:2:000000000-A69JN:1:1116:6081:16779	0	0	0	0	0	0	0	0	0	0	0	0	2	0	0	0	0	0	0	0
M01896:15:000000000-A7EN9:1:1111:18715:22542	0	0	0	0	0	0	0	0	0	0	0	0	1	3	1	0	0	0	0	0
M00595:42:000000000-A5J1T:1:2111:13470:4508	0	0	0	0	0	0	0	0	0	0	0	0	1	0	0	0	0	0	0	3
M00595:42:000000000-A5J1T:1:2113:5176:8729	0	0	0	0	0	0	0	0	0	0	0	0	3	0	0	0	0	0	0	3
M00595:54:000000000-A7CT0:1:1112:18065:13900	0	0	0	0	0	0	0	0	0	0	0	0	2	1	2	0	0	0	0	4
M00595:42:000000000-A5J1T:1:1110:19871:2838	0	0	0	0	0	0	0	0	0	0	0	0	1	4	0	3	0	0	0	2
M00595:54:000000000-A7CT0:1:2106:12186:22750	0	0	0	0	0	0	0	0	0	0	0	0	1	1	3	2	0	0	0	1
M01896:2:000000000-A69JN:1:1117:27975:12035	0	0	0	0	0	0	0	0	0	0	0	0	3	0	0	0	0	0	0	0
M01896:2:000000000-A69JN:1:1118:18222:5908	0	0	0	0	0	0	0	0	0	0	0	0	2	1	0	0	0	0	0	0
M01896:2:000000000-A69JN:1:1118:26050:18291	0	0	0	0	0	0	0	0	0	0	0	0	2	1	0	0	0	0	0	0
M00595:42:000000000-A5J1T:1:2106:18536:20884	0	0	0	0	0	0	0	0	0	0	0	0	3	2	1	1	0	0	2	3
M01896:2:000000000-A69JN:1:1118:16184:23435	0	0	0	0	0	0	0	0	0	0	0	0	2	1	0	0	0	0	0	0
M01896:14:000000000-A7ERE:1:2106:14100:16297	0	0	0	0	0	0	0	0	0	0	0	0	1	0	0	4	0	0	0	0
M00595:54:000000000-A7CT0:1:2115:15508:6827	0	0	0	0	0	0	0	0	0	0	0	0	3	4	2	3	0	0	0	7
M01896:2:000000000-A69JN:1:1119:19376:19068	0	0	0	0	0	0	0	0	0	0	0	0	2	0	0	0	0	0	0	0
M01896:2:000000000-A69JN:1:2118:25620:21332	0	0	0	0	0	0	0	0	0	0	0	0	5	4	4	1	0	0	0	0
M01896:2:000000000-A69JN:1:1117:16039:12835	0	0	0	0	0	0	0	0	0	0	0	0	3	0	0	0	0	0	0	1
M01896:2:000000000-A69JN:1:2101:7212:20843	0	0	0	0	0	0	0	0	0	0	0	0	3	6	0	1	0	0	0	1
M00595:42:000000000-A5J1T:1:2118:5951:14361	0	0	0	0	0	0	0	0	0	0	0	0	4	2	1	0	0	0	2	3
M00595:54:000000000-A7CT0:1:1117:14598:8628	0	0	0	0	0	0	0	0	0	0	0	0	4	7	7	7	0	0	0	3
M01896:2:000000000-A69JN:1:2102:4340:12530	0	0	0	0	0	0	0	0	0	0	0	0	3	0	0	0	0	0	0	0
M01896:2:000000000-A69JN:1:2102:17891:13934	0	0	0	0	0	0	0	0	0	0	0	0	2	1	0	3	0	0	0	2
M00595:42:000000000-A5J1T:1:1105:7638:18012	0	0	0	0	0	0	0	0	0	0	0	0	1	1	0	0	0	0	0	2
M01896:2:000000000-A69JN:1:2103:5835:19360	0	0	0	0	0	0	0	0	0	0	0	0	2	0	0	0	0	0	0	0
M01896:14:000000000-A7ERE:1:2103:7303:13824	0	0	0	0	0	0	0	0	0	0	0	0	2	0	0	3	0	0	0	2
M00595:42:000000000-A5J1T:1:2103:16797:10643	0	0	0	0	0	0	0	0	0	0	0	0	1	2	2	0	0	0	2	3
M00595:54:000000000-A7CT0:1:2113:14256:17299	0	0	0	0	0	0	0	0	0	0	0	0	3	1	4	1	0	0	0	0
M00595:54:000000000-A7CT0:1:2106:13647:4729	0	0	0	0	0	0	0	0	0	0	0	0	2	2	3	3	0	0	0	3
M01896:2:000000000-A69JN:1:2104:6743:8996	0	0	0	0	0	0	0	0	0	0	0	0	2	1	0	0	0	0	0	1
M01896:2:000000000-A69JN:1:2104:23325:20029	0	0	0	0	0	0	0	0	0	0	0	0	2	0	0	0	0	0	0	1
M01896:2:000000000-A69JN:1:2104:19625:24108	0	0	0	0	0	0	0	0	0	0	0	0	2	0	0	0	0	0	0	0
M01896:2:000000000-A69JN:1:2104:5775:16129	0	0	0	0	0	0	0	0	0	0	0	0	2	0	0	0	0	0	0	0
M01896:2:000000000-A69JN:1:2105:16348:4609	0	0	0	0	0	0	0	0	0	0	0	0	2	0	0	0	0	0	0	0
M01896:2:000000000-A69JN:1:2105:7694:5859	0	0	0	0	0	0	0	0	0	0	0	0	2	1	1	3	0	0	0	1
M01896:14:000000000-A7ERE:1:1109:27877:17279	0	0	0	0	0	0	0	0	0	0	0	0	3	3	0	1	0	0	0	0
M01896:2:000000000-A69JN:1:2105:12523:8873	0	0	0	0	0	0	0	0	0	0	0	0	3	0	0	0	0	0	0	0
M01896:15:000000000-A7EN9:1:2118:19517:19825	0	0	0	0	0	0	0	0	0	0	0	0	2	3	2	7	0	0	0	1
M01896:2:000000000-A69JN:1:2105:6663:10142	0	0	0	0	0	0	0	0	0	0	0	0	2	0	4	1	0	0	0	1
M01896:2:000000000-A69JN:1:2113:14264:17314	0	0	0	0	0	0	0	0	0	0	0	0	3	0	1	0	0	0	0	2
M01896:2:000000000-A69JN:1:2106:16810:3492	0	0	0	0	0	0	0	0	0	0	0	0	3	0	0	0	0	0	0	0
M01896:2:000000000-A69JN:1:2106:20304:14505	0	0	0	0	0	0	0	0	0	0	0	0	2	2	2	0	0	0	0	2
M01896:2:000000000-A69JN:1:2106:15212:23062	0	0	0	0	0	0	0	0	0	0	0	0	2	0	0	0	0	0	0	0
M01896:2:000000000-A69JN:1:2107:13887:17882	0	0	0	0	0	0	0	0	0	0	0	0	2	0	0	0	0	0	0	0
M01896:2:000000000-A69JN:1:2108:24898:3798	0	0	0	0	0	0	0	0	0	0	0	0	2	1	1	0	0	0	0	0
M01896:2:000000000-A69JN:1:2108:23092:7960	0	0	0	0	0	0	0	0	0	0	0	0	4	0	0	0	0	0	0	0
M01896:15:000000000-A7EN9:1:1111:24358:14846	0	0	0	0	0	0	0	0	0	0	0	0	2	0	0	2	0	0	0	1
M01896:2:000000000-A69JN:1:2108:6839:14489	0	0	0	0	0	0	0	0	0	0	0	0	2	0	0	0	0	0	0	0
M01896:2:000000000-A69JN:1:2115:24942:18036	0	0	0	0	0	0	0	0	0	0	0	0	4	1	3	0	0	0	0	0
M00595:42:000000000-A5J1T:1:2111:11390:17614	0	0	0	0	0	0	0	0	0	0	0	0	1	0	0	0	0	0	0	2
M01896:14:000000000-A7ERE:1:1118:8619:4514	0	0	0	0	0	0	0	0	0	0	0	0	1	2	0	1	0	0	0	0
M00595:42:000000000-A5J1T:1:1107:16134:3922	0	0	0	0	0	0	0	0	0	0	0	0	1	0	0	0	0	0	0	2
M01896:2:000000000-A69JN:1:2110:12443:23558	0	0	0	0	0	0	0	0	0	0	0	0	3	2	0	4	0	0	0	2
M01896:2:000000000-A69JN:1:2111:18932:1898	0	0	0	0	0	0	0	0	0	0	0	0	2	5	3	0	0	0	0	0
M01896:2:000000000-A69JN:1:2117:20910:8884	0	0	0	0	0	0	0	0	0	0	0	0	3	2	0	0	0	0	0	0
M01896:2:000000000-A69JN:1:2113:18061:20053	0	0	0	0	0	0	0	0	0	0	0	0	3	0	1	1	0	0	0	1
M01896:2:000000000-A69JN:1:2111:23760:9424	0	0	0	0	0	0	0	0	0	0	0	0	2	0	0	0	0	0	0	0
M00595:54:000000000-A7CT0:1:2104:18432:21745	0	0	0	0	0	0	0	0	0	0	0	0	1	0	2	1	0	0	0	0
M01896:2:000000000-A69JN:1:2111:24711:18413	0	0	0	0	0	0	0	0	0	0	0	0	3	1	0	0	0	0	0	0
M00595:42:000000000-A5J1T:1:1118:16473:20437	0	0	0	0	0	0	0	0	0	0	0	0	1	3	0	5	0	0	0	1
M01896:2:000000000-A69JN:1:2111:12415:20228	0	0	0	0	0	0	0	0	0	0	0	0	1	2	1	1	0	0	0	0
M01896:2:000000000-A69JN:1:2112:22707:6867	0	0	0	0	0	0	0	0	0	0	0	0	2	0	0	1	0	0	0	0
M00595:42:000000000-A5J1T:1:1119:7481:16346	0	0	0	0	0	0	0	0	0	0	0	0	1	0	0	0	0	0	0	1
M00595:54:000000000-A7CT0:1:2118:16641:20078	0	0	0	0	0	0	0	0	0	0	0	0	1	0	2	1	0	0	0	0
M00595:54:000000000-A7CT0:1:2102:16121:14687	0	0	0	0	0	0	0	0	0	0	0	0	1	3	3	3	0	0	0	3
M00595:42:000000000-A5J1T:1:1117:4346:17197	0	0	0	0	0	0	0	0	0	0	0	0	1	0	0	0	0	0	0	3
M01896:2:000000000-A69JN:1:2113:18599:12769	0	0	0	0	0	0	0	0	0	0	0	0	3	0	0	0	0	0	0	0
M01896:14:000000000-A7ERE:1:1109:16646:8900	0	0	0	0	0	0	0	0	0	0	0	0	3	3	0	3	0	0	0	3
M01896:2:000000000-A69JN:1:2113:7746:20088	0	0	0	0	0	0	0	0	0	0	0	0	2	0	0	0	0	0	0	0
M00595:54:000000000-A7CT0:1:1111:22718:17681	0	0	0	0	0	0	0	0	0	0	0	0	2	1	1	0	0	0	0	1
M01896:2:000000000-A69JN:1:2114:23457:12352	0	0	0	0	0	0	0	0	0	0	0	0	2	0	0	0	0	0	0	0
M01896:2:000000000-A69JN:1:2114:28088:15679	0	0	0	0	0	0	0	0	0	0	0	0	2	1	1	0	0	0	0	0
M01896:2:000000000-A69JN:1:2114:23458:20701	0	0	0	0	0	0	0	0	0	0	0	0	2	0	0	0	0	0	0	0
M01896:2:000000000-A69JN:1:2114:25617:16189	0	0	0	0	0	0	0	0	0	0	0	0	1	0	0	0	0	0	0	0
M01896:2:000000000-A69JN:1:2114:12637:24049	0	0	0	0	0	0	0	0	0	0	0	0	2	0	0	0	0	0	0	0
M01896:2:000000000-A69JN:1:2115:13864:2816	0	0	0	0	0	0	0	0	0	0	0	0	4	0	0	0	0	0	0	0
M01896:15:000000000-A7EN9:1:2119:14075:23776	0	0	0	0	0	0	0	0	0	0	0	0	2	1	1	4	0	0	0	0
M00595:42:000000000-A5J1T:1:2119:24477:16410	0	0	0	0	0	0	0	0	0	0	0	0	1	1	0	2	0	0	0	4
M01896:2:000000000-A69JN:1:2116:9520:22630	0	0	0	0	0	0	0	0	0	0	0	0	2	0	0	0	0	0	0	0
M00595:54:000000000-A7CT0:1:1103:14167:6717	0	0	0	0	0	0	0	0	0	0	0	0	4	4	2	2	0	0	0	5
M01896:15:000000000-A7EN9:1:1108:11524:6777	0	0	0	0	0	0	0	0	0	0	0	0	2	9	3	4	0	0	0	6
M01896:2:000000000-A69JN:1:2117:4701:12436	0	0	0	0	0	0	0	0	0	0	0	0	2	0	0	0	0	0	0	1
M00595:42:000000000-A5J1T:1:1117:21782:1841	0	0	0	0	0	0	0	0	0	0	0	0	2	4	1	3	0	0	0	2
M01896:2:000000000-A69JN:1:2117:12041:22800	0	0	0	0	0	0	0	0	0	0	0	0	2	0	0	1	0	0	0	0
M01896:14:000000000-A7ERE:1:2117:4807:14007	0	0	0	0	0	0	0	0	0	0	0	0	4	1	3	3	0	0	0	1
M01896:2:000000000-A69JN:1:2118:22597:15361	0	0	0	0	0	0	0	0	0	0	0	0	2	0	0	0	0	0	0	0
M01896:2:000000000-A69JN:1:2118:10820:17730	0	0	0	0	0	0	0	0	0	0	0	0	3	0	0	0	0	0	0	0
M00595:54:000000000-A7CT0:1:2101:13727:3513	0	0	0	0	0	0	0	0	0	0	0	0	5	6	4	6	0	0	0	1
M01896:2:000000000-A69JN:1:1117:14633:10804	0	0	0	0	0	0	0	0	0	0	0	0	2	1	3	4	0	0	0	2
M01896:2:000000000-A69JN:1:2119:15381:19311	0	0	0	0	0	0	0	0	0	0	0	0	2	0	0	0	0	0	0	0
M00595:54:000000000-A7CT0:1:2119:14255:11898	0	0	0	0	0	0	0	0	0	0	0	0	1	4	2	0	0	0	0	1
M01896:2:000000000-A69JN:1:2119:23006:20511	0	0	0	0	0	0	0	0	0	0	0	0	2	0	0	0	0	0	0	0
M00595:54:000000000-A7CT0:1:2104:9706:17984	0	0	0	0	0	0	0	0	0	0	0	0	3	1	3	2	0	0	0	2
M01896:2:000000000-A69JN:1:1101:6593:5042	0	0	0	0	0	0	0	0	0	0	0	0	2	0	0	0	0	0	0	0
M01896:15:000000000-A7EN9:1:2114:8159:11115	0	0	0	0	0	0	0	0	0	0	0	0	2	4	1	2	0	0	0	0
M01896:2:000000000-A69JN:1:1102:5330:10843	0	0	0	0	0	0	0	0	0	0	0	0	2	0	0	1	0	0	0	0
M01896:2:000000000-A69JN:1:1102:5842:15291	0	0	0	0	0	0	0	0	0	0	0	0	2	0	0	0	0	0	0	0
M01896:2:000000000-A69JN:1:1102:11957:21570	0	0	0	0	0	0	0	0	0	0	0	0	2	0	0	0	0	0	0	0
M01896:2:000000000-A69JN:1:1103:24100:4517	0	0	0	0	0	0	0	0	0	0	0	0	2	0	0	0	0	0	0	0
M01896:2:000000000-A69JN:1:1104:24426:2991	0	0	0	0	0	0	0	0	0	0	0	0	2	0	0	0	0	0	0	2
M01896:14:000000000-A7ERE:1:2117:8117:13639	0	0	0	0	0	0	0	0	0	0	0	0	1	1	1	6	0	0	0	0
M01896:2:000000000-A69JN:1:1104:18150:10872	0	0	0	0	0	0	0	0	0	0	0	0	2	0	0	0	0	0	0	0
M01896:2:000000000-A69JN:1:2105:25325:21230	0	0	0	0	0	0	0	0	0	0	0	0	4	0	0	0	0	0	0	2
M01896:15:000000000-A7EN9:1:1104:3910:14826	0	0	0	0	0	0	0	0	0	0	0	0	1	3	1	1	0	0	0	0
M01896:2:000000000-A69JN:1:1105:23918:2017	0	0	0	0	0	0	0	0	0	0	0	0	2	0	0	0	0	0	0	0
M01896:2:000000000-A69JN:1:1105:14464:2195	0	0	0	0	0	0	0	0	0	0	0	0	2	0	0	0	0	0	0	0
M01896:2:000000000-A69JN:1:1106:7964:12124	0	0	0	0	0	0	0	0	0	0	0	0	4	4	1	2	0	0	0	0
M01896:2:000000000-A69JN:1:1108:28399:11450	0	0	0	0	0	0	0	0	0	0	0	0	2	0	0	0	0	0	0	0
M01896:2:000000000-A69JN:1:2113:10892:13135	0	0	0	0	0	0	0	0	0	0	0	0	3	0	0	1	0	0	0	0
M00595:42:000000000-A5J1T:1:2103:25146:8767	0	0	0	0	0	0	0	0	0	0	0	0	2	1	0	0	0	0	0	2
M01896:15:000000000-A7EN9:1:1114:10824:17253	0	0	0	0	0	0	0	0	0	0	0	0	1	3	1	3	0	0	0	1
M00595:42:000000000-A5J1T:1:2115:21850:15360	0	0	0	0	0	0	0	0	0	0	0	0	2	3	3	1	0	0	0	3
M01896:2:000000000-A69JN:1:1108:5412:19837	0	0	0	0	0	0	0	0	0	0	0	0	2	0	0	0	0	0	0	0
M01896:2:000000000-A69JN:1:1109:9318:13440	0	0	0	0	0	0	0	0	0	0	0	0	1	0	0	0	0	0	0	0
M01896:2:000000000-A69JN:1:1109:17250:11250	0	0	0	0	0	0	0	0	0	0	0	0	1	1	0	0	0	0	0	0
M01896:15:000000000-A7EN9:1:1102:19554:15512	0	0	0	0	0	0	0	0	0	0	0	0	1	0	2	2	0	0	0	2
M00595:54:000000000-A7CT0:1:1109:18223:13437	0	0	0	0	0	0	0	0	0	0	0	0	1	8	4	4	0	0	0	0
M01896:14:000000000-A7ERE:1:1113:10085:2227	0	0	0	0	0	0	0	0	0	0	0	0	2	4	2	0	0	0	0	4
M01896:2:000000000-A69JN:1:1119:7297:21991	0	0	0	0	0	0	0	0	0	0	0	0	2	1	0	0	0	0	0	1
M01896:2:000000000-A69JN:1:2105:11127:20248	0	0	0	0	0	0	0	0	0	0	0	0	3	4	1	1	0	0	0	0
M01896:2:000000000-A69JN:1:1110:5370:15278	0	0	0	0	0	0	0	0	0	0	0	0	2	1	0	0	0	0	0	0
M01896:2:000000000-A69JN:1:1110:28273:18887	0	0	0	0	0	0	0	0	0	0	0	0	2	1	0	1	0	0	0	0
M01896:2:000000000-A69JN:1:1110:22426:18531	0	0	0	0	0	0	0	0	0	0	0	0	2	0	0	0	0	0	0	0
M00595:42:000000000-A5J1T:1:1107:23879:20839	0	0	0	0	0	0	0	0	0	0	0	0	1	2	2	1	0	0	0	6
M00595:54:000000000-A7CT0:1:1119:17590:5060	0	0	0	0	0	0	0	0	0	0	0	0	2	2	3	0	0	0	0	1
M01896:14:000000000-A7ERE:1:1102:3383:17331	0	0	0	0	0	0	0	0	0	0	0	0	4	6	1	5	0	0	0	2
M01896:15:000000000-A7EN9:1:2116:4948:15465	0	0	0	0	0	0	0	0	0	0	0	0	1	2	1	1	0	0	0	1
M01896:2:000000000-A69JN:1:2109:5441:13499	0	0	0	0	0	0	0	0	0	0	0	0	2	0	0	1	0	0	0	0
M01896:15:000000000-A7EN9:1:2106:24219:10398	0	0	0	0	0	0	0	0	0	0	0	0	4	6	3	4	0	0	0	0
M01896:15:000000000-A7EN9:1:2111:4726:19322	0	0	0	0	0	0	0	0	0	0	0	0	2	2	1	3	0	0	0	0
M00595:54:000000000-A7CT0:1:1111:24231:13705	0	0	0	0	0	0	0	0	0	0	0	0	1	0	2	2	0	0	0	1
M01896:14:000000000-A7ERE:1:1103:10804:4387	0	0	0	0	0	0	0	0	0	0	0	0	1	4	1	4	0	0	0	1
M01896:2:000000000-A69JN:1:2108:7038:17817	0	0	0	0	0	0	0	0	0	0	0	0	3	1	0	1	0	0	0	2
M01896:2:000000000-A69JN:1:2115:25721:5747	0	0	0	0	0	0	0	0	0	0	0	0	3	2	0	0	0	0	0	0
M00595:42:000000000-A5J1T:1:2107:8650:8779	0	0	0	0	0	0	0	0	0	0	0	0	1	0	0	0	0	0	2	2
M01896:2:000000000-A69JN:1:1116:11670:18933	0	0	0	0	0	0	0	0	0	0	0	0	2	0	0	0	0	0	0	1
M01896:2:000000000-A69JN:1:1117:14981:9506	0	0	0	0	0	0	0	0	0	0	0	0	2	0	0	0	0	0	0	0
M00595:42:000000000-A5J1T:1:2109:25190:15250	0	0	0	0	0	0	0	0	0	0	0	0	1	3	1	1	0	0	0	1
M01896:15:000000000-A7EN9:1:2106:5774:11893	0	0	0	0	0	0	0	0	0	0	0	0	2	2	4	3	0	0	0	0
M01896:14:000000000-A7ERE:1:2115:9910:10522	0	0	0	0	0	0	0	0	0	0	0	0	2	5	1	2	0	0	0	2
M01896:2:000000000-A69JN:1:2106:6639:9638	0	0	0	0	0	0	0	0	0	0	0	0	3	0	0	0	0	0	0	0
M00595:42:000000000-A5J1T:1:2113:15490:3117	0	0	0	0	0	0	0	0	0	0	0	0	2	0	0	0	0	0	0	1
M01896:2:000000000-A69JN:1:2102:12531:3881	0	0	0	0	0	0	0	0	0	0	0	0	2	0	0	2	0	0	0	2
M01896:2:000000000-A69JN:1:2103:7497:18736	0	0	0	0	0	0	0	0	0	0	0	0	2	0	1	0	0	0	0	0
M01896:14:000000000-A7ERE:1:1107:23131:12855	0	0	0	0	0	0	0	0	0	0	0	0	3	3	1	4	0	0	0	4
M01896:2:000000000-A69JN:1:2104:12101:12892	0	0	0	0	0	0	0	0	0	0	0	0	2	0	0	0	0	0	0	0
M01896:2:000000000-A69JN:1:2104:22394:15257	0	0	0	0	0	0	0	0	0	0	0	0	2	0	0	0	0	0	0	0
M01896:2:000000000-A69JN:1:2105:18364:8774	0	0	0	0	0	0	0	0	0	0	0	0	2	0	0	0	0	0	0	0
M00595:42:000000000-A5J1T:1:2116:16422:23029	0	0	0	0	0	0	0	0	0	0	0	0	1	0	0	1	0	0	0	2
M01896:2:000000000-A69JN:1:2105:20223:16544	0	0	0	0	0	0	0	0	0	0	0	0	2	0	0	0	0	0	0	1
M01896:2:000000000-A69JN:1:2105:28487:17272	0	0	0	0	0	0	0	0	0	0	0	0	2	2	2	1	0	0	0	0
M01896:2:000000000-A69JN:1:2106:9526:12596	0	0	0	0	0	0	0	0	0	0	0	0	4	0	1	1	0	0	0	0
M01896:2:000000000-A69JN:1:2107:7681:7261	0	0	0	0	0	0	0	0	0	0	0	0	2	0	0	0	0	0	0	0
M01896:2:000000000-A69JN:1:2107:23099:14305	0	0	0	0	0	0	0	0	0	0	0	0	2	0	0	0	0	0	0	0
M01896:14:000000000-A7ERE:1:2104:24672:7935	0	0	0	0	0	0	0	0	0	0	0	0	1	4	1	0	0	0	0	0
M00595:42:000000000-A5J1T:1:2105:6261:4384	0	0	0	0	0	0	0	0	0	0	0	0	1	0	0	0	0	0	0	2
M01896:2:000000000-A69JN:1:2108:13989:13524	0	0	0	0	0	0	0	0	0	0	0	0	2	0	0	0	0	0	0	0
M00595:54:000000000-A7CT0:1:1109:14468:21421	0	0	0	0	0	0	0	0	0	0	0	0	1	3	2	2	0	0	0	1
M01896:15:000000000-A7EN9:1:1105:23910:2613	0	0	0	0	0	0	0	0	0	0	0	0	1	1	0	0	0	0	0	0
M01896:14:000000000-A7ERE:1:1106:1942:11722	0	0	0	0	0	0	0	0	0	0	0	0	1	2	0	1	0	0	0	1
M01896:2:000000000-A69JN:1:2109:11835:16643	0	0	0	0	0	0	0	0	0	0	0	0	2	0	0	0	0	0	0	0
M01896:2:000000000-A69JN:1:2109:9416:17051	0	0	0	0	0	0	0	0	0	0	0	0	2	0	0	0	0	0	0	0
M01896:2:000000000-A69JN:1:2109:13561:20980	0	0	0	0	0	0	0	0	0	0	0	0	2	0	0	0	0	0	0	0
M01896:2:000000000-A69JN:1:2111:20495:10605	0	0	0	0	0	0	0	0	0	0	0	0	2	0	0	0	0	0	0	0
M01896:2:000000000-A69JN:1:2111:17958:13844	0	0	0	0	0	0	0	0	0	0	0	0	2	0	0	0	0	0	0	0
M01896:2:000000000-A69JN:1:2111:24224:20998	0	0	0	0	0	0	0	0	0	0	0	0	2	1	0	0	0	0	0	0
M00595:54:000000000-A7CT0:1:1105:14740:5955	0	0	0	0	0	0	0	0	0	0	0	0	3	4	7	2	0	0	0	1
M01896:2:000000000-A69JN:1:2112:11944:22209	0	0	0	0	0	0	0	0	0	0	0	0	2	0	0	0	0	0	0	0
M01896:2:000000000-A69JN:1:2113:8589:12422	0	0	0	0	0	0	0	0	0	0	0	0	2	0	0	0	0	0	0	0
M00595:42:000000000-A5J1T:1:1102:18299:13514	0	0	0	0	0	0	0	0	0	0	0	0	1	0	0	1	0	0	0	3
M01896:2:000000000-A69JN:1:2113:23698:19839	0	0	0	0	0	0	0	0	0	0	0	0	2	1	1	0	0	0	0	0
M01896:2:000000000-A69JN:1:2115:20155:17953	0	0	0	0	0	0	0	0	0	0	0	0	3	1	0	0	0	0	0	0
M01896:14:000000000-A7ERE:1:2104:22568:22277	0	0	0	0	0	0	0	0	0	0	0	0	1	3	1	2	0	0	0	0
M01896:14:000000000-A7ERE:1:2103:25334:3833	0	0	0	0	0	0	0	0	0	0	0	0	1	4	0	3	0	0	0	1
M01896:2:000000000-A69JN:1:2116:13351:2524	0	0	0	0	0	0	0	0	0	0	0	0	2	0	0	0	0	0	0	0
M00595:54:000000000-A7CT0:1:1116:13260:4119	0	0	0	0	0	0	0	0	0	0	0	0	1	0	2	0	0	0	0	0
M01896:2:000000000-A69JN:1:2116:17506:22476	0	0	0	0	0	0	0	0	0	0	0	0	1	2	0	1	0	0	0	0
M01896:2:000000000-A69JN:1:2116:13444:24283	0	0	0	0	0	0	0	0	0	0	0	0	2	0	0	0	0	0	0	0
M00595:42:000000000-A5J1T:1:2118:10317:13324	0	0	0	0	0	0	0	0	0	0	0	0	1	3	0	3	0	0	0	5
M01896:2:000000000-A69JN:1:2117:7498:22798	0	0	0	0	0	0	0	0	0	0	0	0	2	0	0	0	0	0	0	0
M01896:2:000000000-A69JN:1:2118:9317:10003	0	0	0	0	0	0	0	0	0	0	0	0	2	0	1	0	0	0	0	0
M01896:2:000000000-A69JN:1:2118:20890:19746	0	0	0	0	0	0	0	0	0	0	0	0	2	0	0	0	0	0	0	0
M01896:14:000000000-A7ERE:1:2108:21152:12763	0	0	0	0	0	0	0	0	0	0	0	0	1	5	0	0	0	0	0	0
M01896:2:000000000-A69JN:1:2119:19809:18560	0	0	0	0	0	0	0	0	0	0	0	0	2	0	0	2	0	0	0	1
M00595:54:000000000-A7CT0:1:2104:18016:16799	0	0	0	0	0	0	0	0	0	0	0	0	1	0	1	1	0	0	0	0
M01896:14:000000000-A7ERE:1:1116:3323:16677	0	0	0	0	0	0	0	0	0	0	0	0	1	2	0	1	0	0	0	0
M01896:14:000000000-A7ERE:1:2104:15008:20031	0	0	0	0	0	0	0	0	0	0	0	0	0	3	0	0	0	0	0	0
M00595:54:000000000-A7CT0:1:2118:19049:4327	0	0	0	0	0	0	0	0	0	0	0	0	0	5	2	1	0	0	0	0
M01896:15:000000000-A7EN9:1:1114:11042:15941	0	0	0	0	0	0	0	0	0	0	0	0	0	3	0	0	0	0	0	0
M01896:14:000000000-A7ERE:1:2104:27062:12646	0	0	0	0	0	0	0	0	0	0	0	0	0	3	0	0	0	0	0	0
M01896:14:000000000-A7ERE:1:1109:21328:9600	0	0	0	0	0	0	0	0	0	0	0	0	0	3	0	0	0	0	0	0
M01896:14:000000000-A7ERE:1:1115:18439:16636	0	0	0	0	0	0	0	0	0	0	0	0	0	3	1	0	0	0	0	1
M01896:14:000000000-A7ERE:1:1113:28439:9029	0	0	0	0	0	0	0	0	0	0	0	0	0	1	0	0	0	0	0	0
M01896:15:000000000-A7EN9:1:1101:17768:24779	0	0	0	0	0	0	0	0	0	0	0	0	0	3	6	3	0	0	0	1
M01896:14:000000000-A7ERE:1:1113:17965:21498	0	0	0	0	0	0	0	0	0	0	0	0	0	2	0	0	0	0	0	0
M01896:15:000000000-A7EN9:1:2107:12041:15159	0	0	0	0	0	0	0	0	0	0	0	0	0	1	0	2	0	0	0	1
M00595:42:000000000-A5J1T:1:1101:17008:13292	0	0	0	0	0	0	0	0	0	0	0	0	0	1	0	0	0	0	2	2
M01896:14:000000000-A7ERE:1:2102:20202:18053	0	0	0	0	0	0	0	0	0	0	0	0	0	2	0	0	0	0	0	0
M01896:14:000000000-A7ERE:1:2103:26116:4899	0	0	0	0	0	0	0	0	0	0	0	0	0	2	0	0	0	0	0	0
M00595:54:000000000-A7CT0:1:2101:13147:14204	0	0	0	0	0	0	0	0	0	0	0	0	0	4	3	0	0	0	0	0
M01896:14:000000000-A7ERE:1:2104:19090:24475	0	0	0	0	0	0	0	0	0	0	0	0	0	2	0	0	0	0	0	0
M01896:14:000000000-A7ERE:1:2106:20006:11365	0	0	0	0	0	0	0	0	0	0	0	0	0	3	0	0	0	0	0	0
M01896:14:000000000-A7ERE:1:2106:26437:13847	0	0	0	0	0	0	0	0	0	0	0	0	0	4	0	1	0	0	0	2
M00595:42:000000000-A5J1T:1:1108:17657:10569	0	0	0	0	0	0	0	0	0	0	0	0	0	2	0	1	0	0	0	2
M01896:15:000000000-A7EN9:1:2117:6070:6116	0	0	0	0	0	0	0	0	0	0	0	0	0	4	0	0	0	0	0	0
M00595:54:000000000-A7CT0:1:1105:9700:23017	0	0	0	0	0	0	0	0	0	0	0	0	0	4	3	2	0	0	0	3
M01896:14:000000000-A7ERE:1:2111:26983:11937	0	0	0	0	0	0	0	0	0	0	0	0	0	2	0	0	0	0	0	0
M01896:15:000000000-A7EN9:1:1103:18358:16368	0	0	0	0	0	0	0	0	0	0	0	0	0	2	1	1	0	0	0	0
M00595:42:000000000-A5J1T:1:2108:22180:9803	0	0	0	0	0	0	0	0	0	0	0	0	0	2	0	0	0	0	2	3
M01896:15:000000000-A7EN9:1:1104:26035:17778	0	0	0	0	0	0	0	0	0	0	0	0	0	6	1	2	0	0	0	1
M00595:54:000000000-A7CT0:1:1103:19100:13896	0	0	0	0	0	0	0	0	0	0	0	0	0	2	3	0	0	0	0	0
M01896:14:000000000-A7ERE:1:2116:10468:16198	0	0	0	0	0	0	0	0	0	0	0	0	0	2	0	0	0	0	0	1
M01896:14:000000000-A7ERE:1:1108:25622:5202	0	0	0	0	0	0	0	0	0	0	0	0	0	1	0	2	0	0	0	0
M01896:15:000000000-A7EN9:1:1101:18971:22334	0	0	0	0	0	0	0	0	0	0	0	0	0	1	0	0	0	0	0	0
M01896:15:000000000-A7EN9:1:1103:3616:7525	0	0	0	0	0	0	0	0	0	0	0	0	0	3	0	0	0	0	0	0
M01896:15:000000000-A7EN9:1:1103:25375:18556	0	0	0	0	0	0	0	0	0	0	0	0	0	2	0	0	0	0	0	0
M01896:14:000000000-A7ERE:1:2104:11892:21024	0	0	0	0	0	0	0	0	0	0	0	0	0	1	0	2	0	0	0	1
M00595:54:000000000-A7CT0:1:1118:8579:13896	0	0	0	0	0	0	0	0	0	0	0	0	0	1	2	0	0	0	0	0
M01896:15:000000000-A7EN9:1:1107:6233:3843	0	0	0	0	0	0	0	0	0	0	0	0	0	2	0	0	0	0	0	0
M01896:15:000000000-A7EN9:1:1102:25170:12780	0	0	0	0	0	0	0	0	0	0	0	0	0	2	0	0	0	0	0	0
M01896:15:000000000-A7EN9:1:1109:9733:16124	0	0	0	0	0	0	0	0	0	0	0	0	0	2	0	1	2	0	2	2
M01896:15:000000000-A7EN9:1:1111:11180:18430	0	0	0	0	0	0	0	0	0	0	0	0	0	1	0	1	0	0	0	0
M01896:15:000000000-A7EN9:1:1118:3639:16596	0	0	0	0	0	0	0	0	0	0	0	0	0	3	0	0	0	0	0	2
M00595:42:000000000-A5J1T:1:2111:24590:15766	0	0	0	0	0	0	0	0	0	0	0	0	0	1	1	0	0	0	0	1
M01896:15:000000000-A7EN9:1:2103:17741:6078	0	0	0	0	0	0	0	0	0	0	0	0	0	2	0	0	0	0	0	0
M01896:14:000000000-A7ERE:1:1103:6515:8879	0	0	0	0	0	0	0	0	0	0	0	0	0	1	1	1	0	0	0	3
M01896:15:000000000-A7EN9:1:2103:14796:23193	0	0	0	0	0	0	0	0	0	0	0	0	0	2	0	0	0	0	0	0
M01896:15:000000000-A7EN9:1:2104:20478:20207	0	0	0	0	0	0	0	0	0	0	0	0	0	2	0	0	0	0	0	0
M00595:42:000000000-A5J1T:1:1107:22392:15801	0	0	0	0	0	0	0	0	0	0	0	0	0	1	0	0	0	0	2	3
M01896:15:000000000-A7EN9:1:2105:10276:19434	0	0	0	0	0	0	0	0	0	0	0	0	0	2	0	0	0	0	0	0
M01896:15:000000000-A7EN9:1:2105:25639:19368	0	0	0	0	0	0	0	0	0	0	0	0	0	2	0	0	0	0	0	0
M01896:15:000000000-A7EN9:1:1118:6189:18947	0	0	0	0	0	0	0	0	0	0	0	0	0	1	0	2	0	0	0	0
M01896:15:000000000-A7EN9:1:1118:13776:8359	0	0	0	0	0	0	0	0	0	0	0	0	0	2	1	2	0	0	0	1
M01896:15:000000000-A7EN9:1:2109:15071:10345	0	0	0	0	0	0	0	0	0	0	0	0	0	2	1	1	0	0	0	0
M01896:15:000000000-A7EN9:1:2110:22343:20880	0	0	0	0	0	0	0	0	0	0	0	0	0	2	0	0	0	0	0	0
M00595:42:000000000-A5J1T:1:1118:25201:16178	0	0	0	0	0	0	0	0	0	0	0	0	0	4	1	0	0	0	0	1
M00595:42:000000000-A5J1T:1:2117:17228:7113	0	0	0	0	0	0	0	0	0	0	0	0	0	1	0	0	0	0	0	1
M00595:42:000000000-A5J1T:1:2105:17326:15843	0	0	0	0	0	0	0	0	0	0	0	0	0	2	0	0	0	0	2	3
M01896:14:000000000-A7ERE:1:1107:9697:22603	0	0	0	0	0	0	0	0	0	0	0	0	0	2	0	0	0	0	0	0
M01896:15:000000000-A7EN9:1:2111:14044:12862	0	0	0	0	0	0	0	0	0	0	0	0	0	1	1	1	0	0	0	0
M00595:54:000000000-A7CT0:1:1117:20415:12234	0	0	0	0	0	0	0	0	0	0	0	0	0	1	1	1	0	0	0	1
M00595:42:000000000-A5J1T:1:1110:11611:7233	0	0	0	0	0	0	0	0	0	0	0	0	0	1	1	2	0	0	0	4
M00595:42:000000000-A5J1T:1:2107:14894:9707	0	0	0	0	0	0	0	0	0	0	0	0	0	1	2	2	0	0	0	2
M01896:14:000000000-A7ERE:1:1112:9104:18257	0	0	0	0	0	0	0	0	0	0	0	0	0	2	1	0	0	0	0	0
M00595:54:000000000-A7CT0:1:1106:20389:17518	0	0	0	0	0	0	0	0	0	0	0	0	0	1	2	0	0	0	0	0
M01896:14:000000000-A7ERE:1:1115:25153:17239	0	0	0	0	0	0	0	0	0	0	0	0	0	2	0	0	0	0	0	0
M01896:14:000000000-A7ERE:1:1115:24325:19575	0	0	0	0	0	0	0	0	0	0	0	0	0	2	0	0	0	0	0	0
M00595:54:000000000-A7CT0:1:2118:13779:20415	0	0	0	0	0	0	0	0	0	0	0	0	0	4	4	1	0	0	0	1
M01896:14:000000000-A7ERE:1:2101:18238:20238	0	0	0	0	0	0	0	0	0	0	0	0	0	2	0	0	0	0	0	1
M01896:14:000000000-A7ERE:1:2101:11379:21964	0	0	0	0	0	0	0	0	0	0	0	0	0	2	0	3	0	0	0	1
M01896:15:000000000-A7EN9:1:2110:6505:4910	0	0	0	0	0	0	0	0	0	0	0	0	0	2	3	2	0	0	0	1
M00595:54:000000000-A7CT0:1:1112:13312:9681	0	0	0	0	0	0	0	0	0	0	0	0	0	2	2	0	0	0	0	0
M01896:14:000000000-A7ERE:1:2103:9268:12769	0	0	0	0	0	0	0	0	0	0	0	0	0	3	1	5	0	0	0	1
M01896:14:000000000-A7ERE:1:2104:25617:16187	0	0	0	0	0	0	0	0	0	0	0	0	0	2	0	0	0	0	0	0
M01896:14:000000000-A7ERE:1:2105:13132:5687	0	0	0	0	0	0	0	0	0	0	0	0	0	2	0	1	0	0	0	1
M01896:15:000000000-A7EN9:1:1107:18101:3884	0	0	0	0	0	0	0	0	0	0	0	0	0	1	0	4	0	0	0	3
M01896:14:000000000-A7ERE:1:2105:14713:9092	0	0	0	0	0	0	0	0	0	0	0	0	0	1	1	0	0	0	0	0
M01896:14:000000000-A7ERE:1:2107:25392:20843	0	0	0	0	0	0	0	0	0	0	0	0	0	2	0	0	0	0	0	0
M01896:14:000000000-A7ERE:1:2108:23329:9161	0	0	0	0	0	0	0	0	0	0	0	0	0	3	1	1	0	0	0	0
M00595:42:000000000-A5J1T:1:1114:23776:16845	0	0	0	0	0	0	0	0	0	0	0	0	0	1	0	0	6	1	6	8
M01896:14:000000000-A7ERE:1:2115:22848:24705	0	0	0	0	0	0	0	0	0	0	0	0	0	2	1	1	0	0	0	0
M01896:14:000000000-A7ERE:1:2116:11247:7001	0	0	0	0	0	0	0	0	0	0	0	0	0	2	0	0	0	0	0	0
M01896:14:000000000-A7ERE:1:1119:26176:7818	0	0	0	0	0	0	0	0	0	0	0	0	0	1	0	1	0	0	0	0
M01896:15:000000000-A7EN9:1:1101:6688:22931	0	0	0	0	0	0	0	0	0	0	0	0	0	2	0	0	0	0	0	0
M01896:15:000000000-A7EN9:1:1104:6056:6647	0	0	0	0	0	0	0	0	0	0	0	0	0	3	1	0	0	0	0	1
M01896:15:000000000-A7EN9:1:1113:22667:2456	0	0	0	0	0	0	0	0	0	0	0	0	0	1	1	2	0	0	0	0
M01896:15:000000000-A7EN9:1:1112:5838:22367	0	0	0	0	0	0	0	0	0	0	0	0	0	2	0	0	0	0	0	0
M01896:15:000000000-A7EN9:1:1116:19149:18710	0	0	0	0	0	0	0	0	0	0	0	0	0	1	1	0	0	0	0	0
M01896:15:000000000-A7EN9:1:2103:19384:20432	0	0	0	0	0	0	0	0	0	0	0	0	0	2	0	0	0	0	0	0
M01896:15:000000000-A7EN9:1:2104:22536:6544	0	0	0	0	0	0	0	0	0	0	0	0	0	2	0	0	0	0	0	0
M01896:15:000000000-A7EN9:1:2114:11842:13560	0	0	0	0	0	0	0	0	0	0	0	0	0	1	0	0	0	0	0	0
M01896:14:000000000-A7ERE:1:2118:9781:11132	0	0	0	0	0	0	0	0	0	0	0	0	0	2	0	2	0	0	0	0
M01896:15:000000000-A7EN9:1:2118:5885:21335	0	0	0	0	0	0	0	0	0	0	0	0	0	2	0	0	0	0	0	0
M01896:15:000000000-A7EN9:1:2119:12485:25035	0	0	0	0	0	0	0	0	0	0	0	0	0	2	0	0	0	0	0	0
M00595:54:000000000-A7CT0:1:2102:18043:22044	0	0	0	0	0	0	0	0	0	0	0	0	0	0	4	0	0	0	0	0
M00595:54:000000000-A7CT0:1:1101:8571:13254	0	0	0	0	0	0	0	0	0	0	0	0	0	0	2	0	0	0	0	0
M00595:54:000000000-A7CT0:1:1103:18269:10497	0	0	0	0	0	0	0	0	0	0	0	0	0	0	2	0	0	0	0	0
M00595:54:000000000-A7CT0:1:1105:22697:14300	0	0	0	0	0	0	0	0	0	0	0	0	0	0	2	0	0	0	0	0
M00595:54:000000000-A7CT0:1:1105:9598:14189	0	0	0	0	0	0	0	0	0	0	0	0	0	0	5	0	0	0	0	0
M00595:42:000000000-A5J1T:1:2114:18769:15771	0	0	0	0	0	0	0	0	0	0	0	0	0	0	1	0	0	0	0	2
M00595:54:000000000-A7CT0:1:1107:24796:5708	0	0	0	0	0	0	0	0	0	0	0	0	0	0	3	0	0	0	0	0
M00595:54:000000000-A7CT0:1:1112:14666:8689	0	0	0	0	0	0	0	0	0	0	0	0	0	0	2	0	0	0	0	0
M00595:42:000000000-A5J1T:1:2104:5679:6789	0	0	0	0	0	0	0	0	0	0	0	0	0	0	1	1	0	0	0	2
M00595:54:000000000-A7CT0:1:1117:23687:8302	0	0	0	0	0	0	0	0	0	0	0	0	0	0	2	1	0	0	0	0
M00595:42:000000000-A5J1T:1:2112:17495:11035	0	0	0	0	0	0	0	0	0	0	0	0	0	0	1	1	0	0	0	2
M00595:54:000000000-A7CT0:1:2104:24332:10825	0	0	0	0	0	0	0	0	0	0	0	0	0	0	2	0	0	0	0	0
M00595:54:000000000-A7CT0:1:2104:16710:11721	0	0	0	0	0	0	0	0	0	0	0	0	0	0	2	0	0	0	0	0
M00595:54:000000000-A7CT0:1:2105:19295:6847	0	0	0	0	0	0	0	0	0	0	0	0	0	0	3	1	0	0	0	1
M00595:54:000000000-A7CT0:1:2111:11261:12375	0	0	0	0	0	0	0	0	0	0	0	0	0	0	2	0	0	0	0	0
M00595:54:000000000-A7CT0:1:2116:25209:11937	0	0	0	0	0	0	0	0	0	0	0	0	0	0	2	0	0	0	0	0
M00595:54:000000000-A7CT0:1:2117:17808:8888	0	0	0	0	0	0	0	0	0	0	0	0	0	0	1	0	0	0	0	0
M00595:54:000000000-A7CT0:1:1105:16740:7158	0	0	0	0	0	0	0	0	0	0	0	0	0	0	2	0	0	0	0	1
M01896:14:000000000-A7ERE:1:1110:10788:19408	0	0	0	0	0	0	0	0	0	0	0	0	0	0	1	1	0	0	0	2
M00595:54:000000000-A7CT0:1:1106:18441:10925	0	0	0	0	0	0	0	0	0	0	0	0	0	0	2	0	0	0	0	0
M00595:54:000000000-A7CT0:1:1108:16854:17434	0	0	0	0	0	0	0	0	0	0	0	0	0	0	2	0	0	0	0	0
M00595:54:000000000-A7CT0:1:1113:13920:21116	0	0	0	0	0	0	0	0	0	0	0	0	0	0	2	0	0	0	0	0
M00595:54:000000000-A7CT0:1:2105:23727:17259	0	0	0	0	0	0	0	0	0	0	0	0	0	0	3	0	0	0	0	0
M00595:54:000000000-A7CT0:1:2107:23247:3322	0	0	0	0	0	0	0	0	0	0	0	0	0	0	2	0	0	0	0	0
M00595:54:000000000-A7CT0:1:2108:17885:4337	0	0	0	0	0	0	0	0	0	0	0	0	0	0	1	2	0	0	0	0
M00595:54:000000000-A7CT0:1:2111:21671:16921	0	0	0	0	0	0	0	0	0	0	0	0	0	0	2	0	0	0	0	0
M00595:54:000000000-A7CT0:1:2112:17989:21083	0	0	0	0	0	0	0	0	0	0	0	0	0	0	2	0	0	0	0	0
M00595:54:000000000-A7CT0:1:2117:20147:19301	0	0	0	0	0	0	0	0	0	0	0	0	0	0	2	0	0	0	0	0
M01896:14:000000000-A7ERE:1:1102:23601:7840	0	0	0	0	0	0	0	0	0	0	0	0	0	0	0	2	0	0	0	0
M01896:14:000000000-A7ERE:1:1104:17016:16575	0	0	0	0	0	0	0	0	0	0	0	0	0	0	0	2	0	0	0	0
M01896:14:000000000-A7ERE:1:1113:9901:8217	0	0	0	0	0	0	0	0	0	0	0	0	0	0	0	2	0	0	0	0
M01896:14:000000000-A7ERE:1:1113:9782:19948	0	0	0	0	0	0	0	0	0	0	0	0	0	0	0	1	0	0	0	0
M00595:42:000000000-A5J1T:1:2111:10106:18519	0	0	0	0	0	0	0	0	0	0	0	0	0	0	0	2	0	0	2	2
M01896:14:000000000-A7ERE:1:2101:8886:22955	0	0	0	0	0	0	0	0	0	0	0	0	0	0	0	2	0	0	0	1
M01896:15:000000000-A7EN9:1:1101:17313:17277	0	0	0	0	0	0	0	0	0	0	0	0	0	0	0	2	0	0	0	0
M01896:14:000000000-A7ERE:1:2104:22717:20639	0	0	0	0	0	0	0	0	0	0	0	0	0	0	0	1	0	0	0	0
M01896:14:000000000-A7ERE:1:2117:16956:13951	0	0	0	0	0	0	0	0	0	0	0	0	0	0	0	2	0	0	0	0
M01896:15:000000000-A7EN9:1:1103:15962:23725	0	0	0	0	0	0	0	0	0	0	0	0	0	0	0	2	0	0	0	0
M01896:15:000000000-A7EN9:1:1112:28946:9994	0	0	0	0	0	0	0	0	0	0	0	0	0	0	0	2	0	0	0	0
M01896:15:000000000-A7EN9:1:1111:10870:12670	0	0	0	0	0	0	0	0	0	0	0	0	0	0	0	1	0	0	0	0
M01896:15:000000000-A7EN9:1:1114:8892:14079	0	0	0	0	0	0	0	0	0	0	0	0	0	0	0	2	0	0	0	0
M01896:15:000000000-A7EN9:1:1116:16548:4789	0	0	0	0	0	0	0	0	0	0	0	0	0	0	0	2	0	0	0	0
M00595:42:000000000-A5J1T:1:1108:16260:15202	0	0	0	0	0	0	0	0	0	0	0	0	0	0	0	3	0	0	0	1
M01896:15:000000000-A7EN9:1:2102:11079:22220	0	0	0	0	0	0	0	0	0	0	0	0	0	0	0	1	0	0	0	0
M01896:15:000000000-A7EN9:1:2103:15511:23631	0	0	0	0	0	0	0	0	0	0	0	0	0	0	0	2	0	0	0	0
M01896:15:000000000-A7EN9:1:2106:9190:19369	0	0	0	0	0	0	0	0	0	0	0	0	0	0	0	2	0	0	0	0
M01896:15:000000000-A7EN9:1:2111:9532:16269	0	0	0	0	0	0	0	0	0	0	0	0	0	0	0	2	0	0	0	0
M01896:15:000000000-A7EN9:1:2117:2523:13971	0	0	0	0	0	0	0	0	0	0	0	0	0	0	0	2	0	0	0	0
M01896:14:000000000-A7ERE:1:1102:4289:10586	0	0	0	0	0	0	0	0	0	0	0	0	0	0	0	3	0	0	0	0
M01896:14:000000000-A7ERE:1:1103:22412:4295	0	0	0	0	0	0	0	0	0	0	0	0	0	0	0	2	0	0	0	0
M01896:14:000000000-A7ERE:1:1103:28821:15755	0	0	0	0	0	0	0	0	0	0	0	0	0	0	0	1	0	0	0	0
M01896:14:000000000-A7ERE:1:1111:9777:8611	0	0	0	0	0	0	0	0	0	0	0	0	0	0	0	2	0	0	0	0
M01896:14:000000000-A7ERE:1:1116:25666:12693	0	0	0	0	0	0	0	0	0	0	0	0	0	0	0	2	0	0	0	0
M01896:14:000000000-A7ERE:1:2102:10917:16105	0	0	0	0	0	0	0	0	0	0	0	0	0	0	0	2	0	0	0	0
M01896:14:000000000-A7ERE:1:2103:23440:5128	0	0	0	0	0	0	0	0	0	0	0	0	0	0	0	2	0	0	0	0
M01896:14:000000000-A7ERE:1:2109:25991:7087	0	0	0	0	0	0	0	0	0	0	0	0	0	0	0	2	0	0	0	0
M01896:14:000000000-A7ERE:1:2114:17774:15396	0	0	0	0	0	0	0	0	0	0	0	0	0	0	0	1	0	0	0	0
M01896:15:000000000-A7EN9:1:1102:11970:4241	0	0	0	0	0	0	0	0	0	0	0	0	0	0	0	3	0	0	0	0
M01896:14:000000000-A7ERE:1:2118:7581:5823	0	0	0	0	0	0	0	0	0	0	0	0	0	0	0	2	0	0	0	0
M01896:15:000000000-A7EN9:1:1113:16006:20697	0	0	0	0	0	0	0	0	0	0	0	0	0	0	0	2	0	0	0	1
M01896:15:000000000-A7EN9:1:1114:12146:18994	0	0	0	0	0	0	0	0	0	0	0	0	0	0	0	2	0	0	0	0
M01896:15:000000000-A7EN9:1:2104:27490:12562	0	0	0	0	0	0	0	0	0	0	0	0	0	0	0	2	0	0	0	0
M01896:15:000000000-A7EN9:1:2104:8357:17335	0	0	0	0	0	0	0	0	0	0	0	0	0	0	0	2	0	0	0	0
M01896:15:000000000-A7EN9:1:2116:12352:23493	0	0	0	0	0	0	0	0	0	0	0	0	0	0	0	2	0	0	0	0
M00595:42:000000000-A5J1T:1:2113:12894:17352	0	0	0	0	0	0	0	0	0	0	0	0	0	0	0	0	2	0	2	2
M00595:42:000000000-A5J1T:1:2109:14719:13677	0	0	0	0	0	0	0	0	0	0	0	0	0	0	0	0	2	1	2	2
M00595:42:000000000-A5J1T:1:2111:15772:20007	0	0	0	0	0	0	0	0	0	0	0	0	0	0	0	0	2	0	2	2
M00595:42:000000000-A5J1T:1:1104:12438:3677	0	0	0	0	0	0	0	0	0	0	0	0	0	0	0	0	2	0	2	2
M00595:42:000000000-A5J1T:1:1110:17424:5188	0	0	0	0	0	0	0	0	0	0	0	0	0	0	0	0	2	0	0	2
M00595:42:000000000-A5J1T:1:2113:15993:19251	0	0	0	0	0	0	0	0	0	0	0	0	0	0	0	0	0	0	4	1
M00595:42:000000000-A5J1T:1:2112:19979:17761	0	0	0	0	0	0	0	0	0	0	0	0	0	0	0	0	0	0	2	3
M00595:42:000000000-A5J1T:1:2114:18962:19857	0	0	0	0	0	0	0	0	0	0	0	0	0	0	0	0	0	0	2	2
M00595:42:000000000-A5J1T:1:1102:23139:11571	0	0	0	0	0	0	0	0	0	0	0	0	0	0	0	0	0	0	2	2
M00595:42:000000000-A5J1T:1:1108:20385:11592	0	0	0	0	0	0	0	0	0	0	0	0	0	0	0	0	0	0	2	2
M00595:42:000000000-A5J1T:1:2108:25316:10484	0	0	0	0	0	0	0	0	0	0	0	0	0	0	0	0	0	0	2	2
M00595:42:000000000-A5J1T:1:2106:10049:15387	0	0	0	0	0	0	0	0	0	0	0	0	0	0	0	0	0	0	2	2
M00595:42:000000000-A5J1T:1:1119:24227:4900	0	0	0	0	0	0	0	0	0	0	0	0	0	0	0	0	0	0	2	2
M00595:42:000000000-A5J1T:1:2108:9367:20600	0	0	0	0	0	0	0	0	0	0	0	0	0	0	0	0	0	0	2	2
M00595:42:000000000-A5J1T:1:2101:15341:3590	0	0	0	0	0	0	0	0	0	0	0	0	0	0	0	0	0	0	2	2
M00595:42:000000000-A5J1T:1:2107:9781:19946	0	0	0	0	0	0	0	0	0	0	0	0	0	0	0	0	0	0	2	2
M00595:42:000000000-A5J1T:1:1115:10945:9616	0	0	0	0	0	0	0	0	0	0	0	0	0	0	0	0	0	0	2	2
M00595:42:000000000-A5J1T:1:1117:11386:21018	0	0	0	0	0	0	0	0	0	0	0	0	0	0	0	0	0	0	2	2
M00595:42:000000000-A5J1T:1:2112:13123:24559	0	0	0	0	0	0	0	0	0	0	0	0	0	0	0	0	0	0	2	2
M00595:42:000000000-A5J1T:1:1118:22025:10884	0	0	0	0	0	0	0	0	0	0	0	0	0	0	0	0	0	0	2	2
M00595:42:000000000-A5J1T:1:1103:18871:8576	0	0	0	0	0	0	0	0	0	0	0	0	0	0	0	0	0	0	0	1
M00595:42:000000000-A5J1T:1:2102:7041:18317	0	0	0	0	0	0	0	0	0	0	0	0	0	0	0	0	0	0	0	2
M00595:42:000000000-A5J1T:1:1107:10861:10693	0	0	0	0	0	0	0	0	0	0	0	0	0	0	0	0	0	0	0	2
M00595:42:000000000-A5J1T:1:1108:9595:4452	0	0	0	0	0	0	0	0	0	0	0	0	0	0	0	0	0	0	0	1
M00595:42:000000000-A5J1T:1:1111:5592:6582	0	0	0	0	0	0	0	0	0	0	0	0	0	0	0	0	0	0	0	2
M00595:42:000000000-A5J1T:1:1113:11422:12333	0	0	0	0	0	0	0	0	0	0	0	0	0	0	0	0	0	0	0	2
M00595:42:000000000-A5J1T:1:2118:16867:6098	0	0	0	0	0	0	0	0	0	0	0	0	0	0	0	0	0	0	0	2
M00595:42:000000000-A5J1T:1:2103:14501:19697	0	0	0	0	0	0	0	0	0	0	0	0	0	0	0	0	0	0	0	2
M00595:42:000000000-A5J1T:1:2104:17633:7459	0	0	0	0	0	0	0	0	0	0	0	0	0	0	0	0	0	0	0	2
M00595:42:000000000-A5J1T:1:2109:21466:22428	0	0	0	0	0	0	0	0	0	0	0	0	0	0	0	0	0	0	0	2
M00595:42:000000000-A5J1T:1:2112:26648:14458	0	0	0	0	0	0	0	0	0	0	0	0	0	0	0	0	0	0	0	2
M00595:42:000000000-A5J1T:1:2116:5625:10138	0	0	0	0	0	0	0	0	0	0	0	0	0	0	0	0	0	0	0	2
M00595:42:000000000-A5J1T:1:2116:7799:12973	0	0	0	0	0	0	0	0	0	0	0	0	0	0	0	0	0	0	0	2
M00595:42:000000000-A5J1T:1:1105:20027:3001	0	0	0	0	0	0	0	0	0	0	0	0	0	0	0	0	0	0	0	2
M00595:42:000000000-A5J1T:1:1117:8287:2061	0	0	0	0	0	0	0	0	0	0	0	0	0	0	0	0	0	0	0	2
M00595:42:000000000-A5J1T:1:1117:7059:11438	0	0	0	0	0	0	0	0	0	0	0	0	0	0	0	0	0	0	0	2
M00595:42:000000000-A5J1T:1:1117:7952:13913	0	0	0	0	0	0	0	0	0	0	0	0	0	0	0	0	0	0	0	2
M00595:42:000000000-A5J1T:1:1117:8544:16403	0	0	0	0	0	0	0	0	0	0	0	0	0	0	0	0	0	0	0	2
M00595:42:000000000-A5J1T:1:2113:21814:17010	0	0	0	0	0	0	0	0	0	0	0	0	0	0	0	0	0	0	0	3
M00595:42:000000000-A5J1T:1:2104:19108:19319	0	0	0	0	0	0	0	0	0	0	0	0	0	0	0	0	0	0	0	2
M00595:42:000000000-A5J1T:1:2112:14455:10198	0	0	0	0	0	0	0	0	0	0	0	0	0	0	0	0	0	0	0	2
M00595:42:000000000-A5J1T:1:2114:6826:12540	0	0	0	0	0	0	0	0	0	0	0	0	0	0	0	0	0	0	0	2
M00595:42:000000000-A5J1T:1:2115:28090:8268	0	0	0	0	0	0	0	0	0	0	0	0	0	0	0	0	0	0	0	2
M00595:42:000000000-A5J1T:1:2116:5350:17840	0	0	0	0	0	0	0	0	0	0	0	0	0	0	0	0	0	0	0	2
M00595:42:000000000-A5J1T:1:2118:15636:20340	0	0	0	0	0	0	0	0	0	0	0	0	0	0	0	0	0	0	0	2
