#OTU ID	S1HB3xDD2.MID109-109.P4.jan14_ncdenovo	S1HB3xDD2.MID110-110.P2.jan14_ncdenovo	S1HB3xDD2.MID98-98.P2.dec13_ncdenovo	S1HB3xDD2.MID104-104.P2.nov13_ncdenovo	S1HB3xDD2.MID98-98.P2.dec13_otuclust	S1HB3xDD2.MID104-104.P2.nov13_otuclust	S1HB3xDD2.MID110-110.P2.jan14_otuclust	S1HB3xDD2.MID109-109.P4.jan14_otuclust	S1HB3xDD2.MID109-109.P4.jan14_ncref	S1HB3xDD2.MID104-104.P2.nov13_ncref	S1HB3xDD2.MID98-98.P2.dec13_ncref	S1HB3xDD2.MID110-110.P2.jan14_ncref	S1HB3xDD2.MID104-104.P2.nov13	S1HB3xDD2.MID109-109.P4.jan14	S1HB3xDD2.MID98-98.P2.dec13	S1HB3xDD2.MID110-110.P2.jan14	PDD2xHB3.MID47-48.P2.apr13_ncdenovo	PDD2xHB3.MID47-48.P2.apr13_otuclust	PDD2xHB3.MID47-48.P2.apr13_ncref	PDD2xHB3.MID47-48.P2.apr13
M00595:42:000000000-A5J1T:1:2112:19464:17422	835	372	401	585	1	1	1	1	837	585	401	372	1007	1613	764	662	930	1	930	1548
M01896:14:000000000-A7ERE:1:2109:26315:18455	1635	962	832	1126	1	1	1	1	1635	1126	834	964	1816	2624	1557	1623	1413	1	1413	2237
M01896:15:000000000-A7EN9:1:1112:13650:24235	491	379	306	555	1	1	1	1	491	553	304	378	1064	1164	769	883	441	1	441	889
M01896:2:000000000-A69JN:1:1116:27833:12295	1358	628	953	1040	1	1	1	1	1358	1040	953	628	1720	2509	1766	1161	923	1	923	1583
M00595:42:000000000-A5J1T:1:1101:4532:12230	1037	452	750	597	1	1	1	1	1037	601	759	452	1050	1954	1315	874	880	1	880	1479
M00595:42:000000000-A5J1T:1:1116:17374:4600	198	157	120	316	1	1	1	1	198	316	120	157	641	530	300	400	408	1	408	818
M00595:42:000000000-A5J1T:1:1102:27999:19813	170	170	110	345	1	1	1	1	170	345	110	170	720	483	314	418	458	2	456	909
M01896:14:000000000-A7ERE:1:2112:19502:16076	192	131	54	263	1	1	1	1	192	263	54	131	568	593	165	365	156	1	156	369
M01896:2:000000000-A69JN:1:2103:5035:6461	264	217	118	277	1	1	1	1	264	279	120	217	606	648	291	577	583	1	583	1146
M01896:15:000000000-A7EN9:1:1113:14016:24590	428	346	209	600	1	1	1	1	432	604	209	350	1159	1053	504	788	1163	1	1165	2008
M01896:14:000000000-A7ERE:1:1101:28628:8590	169	129	80	224	1	1	1	1	169	224	80	129	450	471	225	334	297	0	297	578
M00595:42:000000000-A5J1T:1:2102:22099:5968	113	144	106	278	1	1	1	1	113	278	106	144	494	278	272	329	272	1	274	489
M00595:42:000000000-A5J1T:1:1110:15599:11188	156	130	90	224	1	1	1	1	156	224	90	130	480	419	252	331	438	1	438	823
M00595:54:000000000-A7CT0:1:1118:10244:10451	253	214	132	295	1	1	1	1	253	297	134	216	648	633	348	524	587	1	589	1106
M01896:14:000000000-A7ERE:1:2119:20537:21154	245	120	85	185	1	1	1	1	249	185	85	120	401	634	236	296	286	1	286	610
M01896:15:000000000-A7EN9:1:2114:5816:14728	250	139	214	309	1	1	1	1	248	309	220	139	611	560	489	323	212	1	212	454
M00595:54:000000000-A7CT0:1:1103:15693:9915	268	81	184	145	1	1	1	1	268	145	184	81	267	531	378	173	134	1	134	284
M01896:14:000000000-A7ERE:1:1105:17764:11178	155	67	85	157	1	1	1	1	157	160	87	67	356	432	201	174	179	1	181	361
M01896:15:000000000-A7EN9:1:1115:28876:13171	828	654	739	1171	1	1	1	1	828	1173	739	654	1983	1669	1450	1285	843	1	843	1496
M00595:42:000000000-A5J1T:1:2103:20766:3210	303	287	233	381	1	1	1	1	303	383	233	287	722	665	497	593	792	1	794	1404
M01896:2:000000000-A69JN:1:1114:7859:11051	246	165	210	370	1	1	1	1	248	370	210	165	696	613	459	389	277	1	277	528
M01896:15:000000000-A7EN9:1:1113:19402:4774	290	181	153	337	1	1	1	1	290	337	153	181	616	618	368	397	551	1	551	1030
M01896:14:000000000-A7ERE:1:2113:13542:19521	131	75	55	191	1	1	1	1	131	191	55	75	470	421	182	203	91	1	91	223
M00595:42:000000000-A5J1T:1:1111:20695:14539	520	414	248	653	1	1	1	1	524	655	246	414	1341	1307	661	911	1124	1	1126	2072
M01896:2:000000000-A69JN:1:2106:22046:6896	234	200	204	308	1	1	1	1	234	316	207	200	651	548	479	427	569	1	573	1021
M00595:54:000000000-A7CT0:1:1103:23391:21826	151	140	92	226	1	1	1	1	157	228	92	140	480	419	215	321	490	1	490	906
M00595:42:000000000-A5J1T:1:2116:13071:19218	124	68	97	193	1	1	1	1	124	193	94	68	389	321	233	206	336	1	340	724
M00595:54:000000000-A7CT0:1:1107:24083:11329	104	96	95	173	1	1	1	1	104	175	97	96	344	275	213	184	366	1	366	623
M01896:14:000000000-A7ERE:1:1118:28109:19685	115	45	28	59	1	1	1	1	115	59	28	47	107	235	62	101	107	1	107	226
M00595:54:000000000-A7CT0:1:2103:18158:13513	106	72	85	194	1	1	1	1	104	194	85	72	414	340	250	177	100	1	100	247
M01896:14:000000000-A7ERE:1:1110:9532:2564	177	57	37	75	1	1	1	1	177	75	37	57	173	480	84	154	159	1	159	355
M01896:2:000000000-A69JN:1:2108:18795:15961	130	74	41	156	1	1	1	1	130	156	41	74	382	367	150	260	297	1	297	619
M00595:54:000000000-A7CT0:1:1108:15227:11423	132	69	77	200	1	1	1	1	132	200	75	69	443	350	201	219	84	1	84	220
M01896:15:000000000-A7EN9:1:1101:13235:7788	73	59	50	103	1	1	1	1	73	103	52	61	258	208	149	140	152	1	152	307
M00595:54:000000000-A7CT0:1:1118:9403:14996	89	114	60	173	1	1	1	1	89	179	60	114	350	253	148	240	240	1	242	511
M00595:42:000000000-A5J1T:1:2113:17249:17301	93	25	11	45	1	1	1	1	93	45	11	25	90	222	37	50	123	1	123	247
M01896:14:000000000-A7ERE:1:2103:15285:8532	175	88	77	289	1	1	1	1	175	293	77	88	625	492	221	295	306	1	308	684
M01896:2:000000000-A69JN:1:1112:12742:6806	81	56	34	120	1	1	1	1	81	120	34	58	302	243	112	143	182	1	182	346
M00595:42:000000000-A5J1T:1:2119:7483:12228	84	22	11	19	1	1	1	1	84	21	11	22	53	196	32	50	97	1	97	196
M00595:54:000000000-A7CT0:1:2105:16671:23179	54	71	84	127	1	1	1	1	54	129	84	71	270	157	205	164	163	1	163	342
M00595:42:000000000-A5J1T:1:2112:13405:4392	81	45	50	79	1	1	1	1	79	79	50	45	207	238	150	140	131	1	133	309
M01896:14:000000000-A7ERE:1:1110:4845:13367	81	41	36	99	1	1	1	1	81	103	36	41	225	183	93	126	106	1	106	263
M01896:14:000000000-A7ERE:1:1109:16987:11794	76	50	0	87	0	0	0	0	76	87	27	50	190	204	111	136	83	0	81	222
M01896:2:000000000-A69JN:1:2102:14002:15481	70	61	76	141	1	1	1	1	70	141	76	61	322	201	181	156	208	1	208	429
M00595:42:000000000-A5J1T:1:1115:16610:6939	81	69	93	220	1	1	1	1	81	220	93	69	623	282	314	294	307	1	309	698
M00595:42:000000000-A5J1T:1:2113:17247:23378	63	66	20	96	1	1	1	1	63	96	20	66	202	175	44	159	137	1	137	279
M01896:2:000000000-A69JN:1:1115:16009:9175	50	44	23	89	0	0	0	0	50	93	23	44	182	154	78	117	99	0	99	233
M01896:14:000000000-A7ERE:1:1106:13389:17406	37	47	27	83	1	1	1	1	43	89	24	53	207	118	78	135	51	1	51	116
M01896:15:000000000-A7EN9:1:1114:22486:19273	60	29	41	49	1	1	1	1	60	49	41	29	120	128	96	64	106	1	106	222
M01896:2:000000000-A69JN:1:1107:18770:23171	45	23	25	94	1	1	1	1	45	94	25	23	202	118	61	77	93	1	93	216
M01896:14:000000000-A7ERE:1:2118:21973:2710	37	17	9	23	1	1	1	1	37	23	9	17	38	83	25	34	67	1	67	141
M01896:15:000000000-A7EN9:1:1104:6658:20006	36	8	24	19	1	1	1	1	36	19	24	8	49	89	59	30	36	1	38	89
	34	29	10	41	1	2	2	3	32	43	10	29	87	107	41	71	121	2	121	264
M00595:42:000000000-A5J1T:1:2113:24314:19403	26	8	4	10	1	1	1	1	26	12	4	8	27	47	10	18	80	1	80	175
M00595:54:000000000-A7CT0:1:2118:16062:14962	47	45	28	98	1	1	1	1	47	98	28	45	198	122	70	126	113	1	113	236
M01896:14:000000000-A7ERE:1:1112:20535:7984	614	610	394	830	1	1	1	1	614	830	398	612	1416	1285	762	1119	925	1	925	1585
M01896:15:000000000-A7EN9:1:1111:21817:2894	26	2	5	8	1	1	1	1	26	8	0	2	25	59	19	14	31	1	31	83
M00595:42:000000000-A5J1T:1:1104:20455:11573	36	45	21	102	1	1	1	1	36	102	21	45	264	127	84	126	105	1	105	234
M01896:14:000000000-A7ERE:1:1110:5232:11002	26	31	30	105	1	1	1	1	26	108	30	31	322	138	134	104	73	1	73	188
M01896:14:000000000-A7ERE:1:2117:24550:5632	446	369	265	494	1	1	1	1	446	494	265	369	857	884	548	717	684	1	684	1189
M00595:42:000000000-A5J1T:1:1117:20381:8751	47	35	46	142	1	1	1	1	47	142	46	35	413	213	159	165	225	1	225	583
M01896:14:000000000-A7ERE:1:1103:14337:9938	348	133	254	259	1	1	1	1	352	265	262	133	489	768	535	295	273	1	278	525
M01896:14:000000000-A7ERE:1:2116:14406:5530	39	42	28	117	1	1	1	1	39	117	28	42	354	201	138	144	170	1	170	456
M00595:42:000000000-A5J1T:1:1114:26399:7767	37	17	10	90	1	1	1	1	37	88	10	17	279	145	38	105	119	1	119	314
M01896:2:000000000-A69JN:1:1104:16971:2021	209	164	271	416	1	1	1	1	209	418	271	162	795	466	628	355	170	1	168	339
M01896:2:000000000-A69JN:1:2119:17039:6983	21	14	12	52	1	1	1	1	21	52	12	14	184	84	37	57	134	1	134	355
M01896:14:000000000-A7ERE:1:1116:25596:10561	6	0	0	0	0	0	0	0	6	0	0	0	0	1	0	0	0	0	0	1
M00595:42:000000000-A5J1T:1:1110:20185:15602	9	8	0	8	0	1	1	1	9	8	0	8	23	42	8	16	37	1	37	78
M00595:42:000000000-A5J1T:1:2109:25828:5457	337	247	181	389	1	1	1	1	337	391	181	247	744	754	384	556	569	1	569	1048
M00595:42:000000000-A5J1T:1:2110:16339:5836	360	208	201	357	1	1	1	1	362	357	201	208	602	763	422	415	354	1	354	642
M00595:42:000000000-A5J1T:1:1111:23382:14526	480	343	266	437	1	1	1	1	480	437	266	343	958	1136	647	771	552	1	557	1069
M01896:15:000000000-A7EN9:1:1108:21573:19530	559	466	355	684	1	1	1	1	563	686	355	466	1375	1287	840	1068	621	1	621	1158
M01896:15:000000000-A7EN9:1:2118:16165:13253	380	312	190	384	1	1	1	1	380	384	194	314	650	759	387	583	615	1	615	1031
M00595:42:000000000-A5J1T:1:1108:26505:17224	7	2	2	12	1	1	1	1	7	12	2	2	23	32	5	11	10	1	10	30
M01896:2:000000000-A69JN:1:1102:24823:6851	333	201	389	403	1	1	1	1	335	403	392	205	759	682	735	459	325	1	325	584
M01896:15:000000000-A7EN9:1:1104:19193:7159	319	219	203	507	1	1	1	1	319	507	203	219	1038	882	545	550	403	1	403	838
M00595:42:000000000-A5J1T:1:1108:16260:15202	6	0	0	0	0	0	0	0	0	0	0	0	1	4	0	9	0	0	0	2
M01896:15:000000000-A7EN9:1:1112:11551:10293	155	192	131	298	1	1	1	1	155	300	131	194	606	355	284	414	367	1	367	747
M00595:42:000000000-A5J1T:1:2110:11734:7655	3	0	0	0	0	0	0	1	3	0	0	0	5	14	1	1	5	1	5	9
M01896:2:000000000-A69JN:1:2117:24530:16858	2	4	2	25	1	1	1	1	2	25	2	4	118	31	16	24	58	1	58	136
M01896:14:000000000-A7ERE:1:2117:16227:13619	2	0	0	0	0	0	0	0	2	0	0	0	2	2	0	1	0	0	0	2
M01896:14:000000000-A7ERE:1:2114:9777:9509	2	2	0	0	0	0	0	0	0	0	0	2	0	5	2	5	0	0	0	0
M01896:14:000000000-A7ERE:1:2104:2709:14624	2	0	0	0	0	0	0	0	2	0	0	0	0	1	0	1	0	0	0	0
M01896:14:000000000-A7ERE:1:2101:17708:6996	2	0	0	0	0	0	0	0	0	0	0	0	5	16	5	4	0	0	0	3
M01896:15:000000000-A7EN9:1:1116:2386:13749	4	0	0	0	0	0	0	1	2	0	0	0	2	6	0	1	0	0	0	10
M01896:14:000000000-A7ERE:1:1110:20209:8310	2	0	0	0	0	0	0	1	2	0	0	0	1	3	1	2	0	0	0	0
M01896:14:000000000-A7ERE:1:2115:22559:13870	2	0	0	0	0	0	0	0	0	0	0	0	6	5	1	8	0	0	0	3
M01896:15:000000000-A7EN9:1:2102:15689:12212	2	0	0	0	0	0	0	1	2	0	0	0	0	2	0	0	0	0	0	0
M01896:15:000000000-A7EN9:1:1116:12951:23170	2	0	0	0	0	0	0	0	0	0	0	0	0	3	0	0	0	0	0	0
M00595:42:000000000-A5J1T:1:1103:18939:11115	2	0	0	0	0	1	0	1	2	4	0	0	72	30	12	14	28	1	30	139
M01896:2:000000000-A69JN:1:2104:22033:17809	2	0	0	2	0	1	0	1	2	2	0	0	4	8	1	1	0	0	0	4
M01896:14:000000000-A7ERE:1:1106:14016:20450	0	52	0	0	0	0	0	0	0	0	0	52	3	1	2	6	0	0	0	8
M01896:15:000000000-A7EN9:1:1116:14346:17316	0	8	0	0	0	0	0	0	0	0	0	8	0	0	0	1	0	0	0	0
M01896:2:000000000-A69JN:1:2104:9373:4387	0	5	2	39	0	1	1	0	0	39	0	5	152	29	20	48	104	1	104	337
M01896:14:000000000-A7ERE:1:2114:17975:11484	0	2	0	0	0	0	0	0	0	0	2	4	14	15	22	24	0	0	2	11
M00595:54:000000000-A7CT0:1:2110:16078:10608	0	2	0	0	0	0	0	0	5	0	7	0	6	16	15	6	0	0	0	2
M01896:15:000000000-A7EN9:1:1111:21101:4169	0	2	0	0	0	0	1	0	0	0	0	2	7	6	3	4	0	0	0	1
M01896:2:000000000-A69JN:1:2109:23076:11450	0	0	2	9	0	1	0	0	0	9	0	0	57	16	8	7	22	1	24	80
M00595:54:000000000-A7CT0:1:2101:12683:9582	0	0	2	0	1	0	0	0	0	0	2	0	0	0	3	0	0	0	0	1
M00595:54:000000000-A7CT0:1:2108:17232:4192	0	0	2	0	0	0	0	0	0	0	0	0	0	0	2	1	0	0	0	0
M01896:2:000000000-A69JN:1:2102:12531:3881	0	0	2	0	0	0	0	0	0	0	0	0	6	3	3	3	0	0	0	4
M00595:54:000000000-A7CT0:1:1119:20997:23111	0	0	2	0	0	0	0	0	0	0	0	0	0	0	2	0	0	0	0	0
M00595:54:000000000-A7CT0:1:2103:24399:13825	0	0	2	0	0	0	0	0	0	0	2	0	0	0	3	0	0	0	0	0
M00595:42:000000000-A5J1T:1:1117:22207:8970	0	0	2	0	1	0	0	0	0	0	2	0	3	4	4	0	5	1	5	8
M00595:54:000000000-A7CT0:1:1113:16567:17811	0	0	2	0	0	0	0	0	0	0	2	0	0	0	2	0	0	0	0	0
M00595:54:000000000-A7CT0:1:2103:19304:22809	0	0	2	0	1	0	1	0	0	0	0	2	3	3	3	3	0	0	0	3
M01896:2:000000000-A69JN:1:2118:25569:10939	0	0	0	16	0	0	0	0	0	0	0	0	4	0	1	2	0	0	0	1
M01896:2:000000000-A69JN:1:2104:11957:6559	0	0	0	3	0	0	0	0	0	5	0	0	5	1	0	1	0	0	0	1
M01896:2:000000000-A69JN:1:2115:5468:11757	0	0	0	2	0	1	0	0	0	2	0	0	2	0	0	0	0	0	0	0
M01896:2:000000000-A69JN:1:1111:9385:12610	0	0	0	2	0	0	0	0	0	2	0	0	2	1	0	0	0	0	0	0
M01896:2:000000000-A69JN:1:2103:9295:17084	0	0	0	2	0	0	0	0	0	4	0	0	3	0	0	0	0	0	0	0
M01896:2:000000000-A69JN:1:2102:6393:16406	0	0	0	2	0	0	0	0	0	2	0	0	3	2	0	0	0	0	0	1
M01896:2:000000000-A69JN:1:1118:7485:20110	0	0	0	2	0	0	0	0	0	2	0	0	2	0	0	0	0	0	0	0
M01896:2:000000000-A69JN:1:2103:16572:20990	0	0	0	2	0	0	0	0	0	2	0	0	2	0	0	0	0	0	0	0
M01896:2:000000000-A69JN:1:2112:15613:10848	0	0	0	2	0	1	0	0	0	2	0	0	3	1	0	0	0	0	0	0
M01896:2:000000000-A69JN:1:1103:8461:11857	0	0	0	2	0	0	0	0	0	2	0	0	2	1	0	0	0	0	0	0
M01896:2:000000000-A69JN:1:2105:27131:7723	0	0	0	2	0	0	0	0	0	2	0	0	3	2	1	0	0	0	0	0
M00595:54:000000000-A7CT0:1:1105:12078:17535	0	0	0	0	1	0	0	0	0	0	0	0	1	5	6	3	0	0	0	0
M01896:2:000000000-A69JN:1:1113:8556:9092	0	0	0	0	0	1	0	0	0	9	0	0	18	15	5	8	0	0	0	2
M01896:15:000000000-A7EN9:1:1108:6018:4791	0	0	0	0	0	0	0	0	4	0	0	0	10	4	0	0	0	0	0	6
M01896:14:000000000-A7ERE:1:1103:28821:15755	0	0	0	0	0	0	0	0	4	0	0	0	1	8	4	5	0	0	0	0
M01896:15:000000000-A7EN9:1:1102:9860:18001	0	0	0	0	0	0	0	0	4	0	0	0	4	2	0	5	0	0	0	1
M01896:15:000000000-A7EN9:1:2118:20156:5781	0	0	0	0	0	0	0	0	9	7	2	0	14	31	12	19	0	0	0	5
M01896:14:000000000-A7ERE:1:2109:21385:9470	0	0	0	0	0	0	0	0	5	0	0	0	1	4	1	1	0	0	0	1
M01896:15:000000000-A7EN9:1:1118:16534:12954	0	0	0	0	0	0	0	0	2	0	0	0	0	2	0	0	0	0	0	0
M01896:15:000000000-A7EN9:1:2111:14044:12862	0	0	0	0	0	0	0	0	2	0	0	0	0	2	1	2	0	0	0	1
M01896:14:000000000-A7ERE:1:2105:12480:13473	0	0	0	0	0	0	0	0	2	0	0	0	0	2	0	0	0	0	0	0
M01896:14:000000000-A7ERE:1:2104:18630:24747	0	0	0	0	0	0	0	0	2	0	0	0	0	3	0	0	0	0	0	0
M01896:15:000000000-A7EN9:1:2109:21907:23438	0	0	0	0	0	0	0	0	2	0	0	0	2	5	1	1	0	0	0	1
M01896:14:000000000-A7ERE:1:2104:11241:15815	0	0	0	0	0	0	0	0	2	0	0	0	4	6	3	2	0	0	0	0
M01896:15:000000000-A7EN9:1:1110:14678:21248	0	0	0	0	0	0	0	0	4	0	0	0	3	6	3	0	0	0	0	2
M01896:15:000000000-A7EN9:1:1104:9498:3739	0	0	0	0	0	0	0	0	2	0	0	0	0	2	0	0	0	0	0	0
M01896:14:000000000-A7ERE:1:2104:20538:9136	0	0	0	0	0	0	0	0	2	0	0	0	0	2	0	0	0	0	0	0
M01896:14:000000000-A7ERE:1:2113:22581:5902	0	0	0	0	0	0	0	0	2	0	0	0	3	6	3	2	0	0	0	4
M01896:14:000000000-A7ERE:1:2113:5004:17205	0	0	0	0	0	0	0	0	2	0	0	0	0	3	0	0	0	0	0	0
M01896:15:000000000-A7EN9:1:2103:11666:14758	0	0	0	0	0	0	0	0	2	0	0	0	6	5	1	5	0	0	0	4
M01896:15:000000000-A7EN9:1:2102:9792:22475	0	0	0	0	0	0	0	0	2	0	0	0	2	7	2	4	0	0	0	2
M01896:2:000000000-A69JN:1:2115:16194:18727	0	0	0	0	0	0	0	0	0	6	0	0	2	1	2	0	0	0	0	2
M01896:15:000000000-A7EN9:1:2111:4926:17916	0	0	0	0	0	0	0	0	0	4	0	0	4	5	3	1	0	0	0	0
M01896:2:000000000-A69JN:1:1107:17922:2178	0	0	0	0	0	0	0	0	0	3	0	0	4	0	2	1	0	0	0	1
M01896:2:000000000-A69JN:1:2105:18212:5518	0	0	0	0	0	0	0	0	0	3	0	0	4	0	1	3	0	0	0	2
M01896:2:000000000-A69JN:1:1106:26441:10571	0	0	0	0	0	0	0	0	0	2	0	0	2	0	0	0	0	0	0	1
M01896:2:000000000-A69JN:1:1114:6461:14133	0	0	0	0	0	0	0	0	0	2	2	0	4	4	2	0	0	0	0	0
M01896:2:000000000-A69JN:1:2102:5274:13338	0	0	0	0	0	0	0	0	0	2	0	0	2	1	1	0	0	0	0	1
M01896:2:000000000-A69JN:1:2108:25583:7767	0	0	0	0	0	0	0	0	0	2	0	0	2	0	0	0	0	0	0	0
M01896:2:000000000-A69JN:1:1105:4537:14118	0	0	0	0	0	0	0	0	0	2	0	0	5	0	0	0	0	0	0	0
M01896:2:000000000-A69JN:1:1110:23257:3530	0	0	0	0	0	0	0	0	0	4	0	0	5	3	0	1	0	0	0	1
M01896:2:000000000-A69JN:1:2103:10359:2790	0	0	0	0	0	0	0	0	0	2	0	0	2	0	0	0	0	0	0	1
M01896:2:000000000-A69JN:1:2117:16256:20359	0	0	0	0	0	0	0	0	0	2	0	0	8	3	4	1	0	0	0	1
M01896:2:000000000-A69JN:1:1109:6980:9503	0	0	0	0	0	0	0	0	0	2	0	0	2	1	0	0	0	0	0	2
M01896:2:000000000-A69JN:1:2118:24327:21047	0	0	0	0	0	0	0	0	0	2	0	0	3	0	0	0	0	0	0	0
M01896:2:000000000-A69JN:1:1106:24612:18984	0	0	0	0	0	0	0	0	0	2	0	0	4	7	3	3	0	0	0	4
M01896:2:000000000-A69JN:1:2117:19857:5597	0	0	0	0	0	0	0	0	0	2	0	0	2	0	0	0	0	0	0	0
M01896:2:000000000-A69JN:1:2119:23670:8671	0	0	0	0	0	0	0	0	0	2	0	0	2	2	0	2	0	0	0	0
M01896:15:000000000-A7EN9:1:1103:18358:16368	0	0	0	0	0	0	0	0	0	2	0	0	4	3	1	1	0	0	0	0
M01896:2:000000000-A69JN:1:2116:17008:2747	0	0	0	0	0	0	0	0	0	2	0	0	3	2	3	0	0	0	0	1
M00595:42:000000000-A5J1T:1:2105:13317:16212	0	0	0	0	0	0	0	0	0	4	0	0	11	6	1	8	0	0	0	9
M01896:2:000000000-A69JN:1:2119:14328:17868	0	0	0	0	0	0	0	0	0	2	0	0	2	0	1	0	0	0	0	0
M01896:2:000000000-A69JN:1:2102:22599:10106	0	0	0	0	0	0	0	0	0	2	0	0	2	1	1	2	0	0	0	0
M01896:2:000000000-A69JN:1:2104:7568:22111	0	0	0	0	0	0	0	0	0	2	0	0	3	0	1	1	0	0	0	0
M01896:2:000000000-A69JN:1:2102:5871:6712	0	0	0	0	0	0	0	0	0	2	0	0	2	0	0	0	0	0	0	0
M01896:2:000000000-A69JN:1:1108:13276:2767	0	0	0	0	0	0	0	0	0	2	0	0	2	0	0	0	0	0	0	0
M01896:2:000000000-A69JN:1:1118:10347:9865	0	0	0	0	0	0	0	0	0	2	0	0	4	3	2	1	0	0	0	1
M01896:2:000000000-A69JN:1:2118:25620:21332	0	0	0	0	0	0	0	0	0	2	0	0	6	5	5	2	0	0	0	0
M01896:2:000000000-A69JN:1:1115:15038:18744	0	0	0	0	0	0	0	0	0	2	0	0	3	2	5	1	0	0	0	0
M01896:2:000000000-A69JN:1:1111:12215:9175	0	0	0	0	0	0	0	0	0	2	0	0	4	2	0	0	0	0	0	0
M01896:2:000000000-A69JN:1:2117:18594:23613	0	0	0	0	0	0	0	0	0	2	0	0	2	0	0	0	0	0	0	0
M01896:2:000000000-A69JN:1:1112:16631:7556	0	0	0	0	0	0	0	0	0	2	0	0	2	1	0	0	0	0	0	0
M00595:54:000000000-A7CT0:1:2111:18438:15135	0	0	0	0	0	0	0	0	0	0	3	0	1	1	3	0	0	0	0	0
M00595:54:000000000-A7CT0:1:1107:4743:11105	0	0	0	0	0	0	0	0	0	0	2	0	1	1	2	0	0	0	0	0
M00595:54:000000000-A7CT0:1:2118:23125:5544	0	0	0	0	0	0	0	0	0	0	2	0	0	0	2	0	0	0	0	0
M00595:54:000000000-A7CT0:1:1106:23384:4494	0	0	0	0	0	0	0	0	0	0	2	0	1	1	2	0	0	0	0	0
M00595:54:000000000-A7CT0:1:2104:24335:16300	0	0	0	0	0	0	0	0	0	0	2	0	0	0	2	0	0	0	0	0
M00595:54:000000000-A7CT0:1:2111:9909:16473	0	0	0	0	0	0	0	0	0	0	2	0	0	0	2	0	0	0	0	1
M00595:54:000000000-A7CT0:1:2109:8559:12498	0	0	0	0	0	0	0	0	0	0	2	0	2	6	6	9	0	0	0	8
M00595:54:000000000-A7CT0:1:1103:19100:13896	0	0	0	0	0	0	0	0	0	0	0	4	1	6	4	2	0	0	0	2
M01896:14:000000000-A7ERE:1:2116:1945:12107	0	0	0	0	0	0	0	0	0	0	0	4	1	4	0	4	0	0	0	0
M01896:14:000000000-A7ERE:1:2116:21689:9332	0	0	0	0	0	0	0	0	0	0	0	2	0	4	1	1	0	0	0	1
M01896:15:000000000-A7EN9:1:1114:8599:7380	0	0	0	0	0	0	0	0	0	0	0	2	1	0	1	2	0	0	0	0
M01896:15:000000000-A7EN9:1:2108:3824:11803	0	0	0	0	0	0	0	0	0	0	0	2	0	0	0	3	0	0	0	2
M01896:14:000000000-A7ERE:1:2109:18218:12928	0	0	0	0	0	0	0	0	0	0	0	2	2	4	0	3	0	0	0	1
M01896:15:000000000-A7EN9:1:2104:5865:9613	0	0	0	0	0	0	0	0	0	0	0	2	4	2	2	4	0	0	0	1
M01896:14:000000000-A7ERE:1:2109:27085:15387	0	0	0	0	0	0	0	0	0	0	0	2	5	2	0	4	0	0	0	2
M01896:14:000000000-A7ERE:1:2104:25617:16187	0	0	0	0	0	0	0	0	0	0	0	0	3	5	1	2	0	0	0	1
M01896:14:000000000-A7ERE:1:2117:16956:13951	0	0	0	0	0	0	0	0	0	0	0	0	2	1	2	2	0	0	0	1
M00595:42:000000000-A5J1T:1:2104:19108:19319	0	0	0	0	0	0	0	0	0	0	0	0	2	3	2	1	0	0	0	3
M01896:2:000000000-A69JN:1:1106:15615:20350	0	0	0	0	0	0	0	0	0	0	0	0	21	10	2	4	0	0	0	1
M01896:2:000000000-A69JN:1:1101:14131:21895	0	0	0	0	0	0	0	0	0	0	0	0	1	0	0	0	0	0	0	0
M01896:14:000000000-A7ERE:1:2113:18295:15887	0	0	0	0	0	0	0	0	0	0	0	0	2	1	0	1	0	0	0	1
M01896:15:000000000-A7EN9:1:1103:3616:7525	0	0	0	0	0	0	0	0	0	0	0	0	3	4	0	2	0	0	0	0
M01896:2:000000000-A69JN:1:1114:28936:12666	0	0	0	0	0	0	0	0	0	0	0	0	3	1	0	3	0	0	0	0
M01896:2:000000000-A69JN:1:2102:4340:12530	0	0	0	0	0	0	0	0	0	0	0	0	4	1	0	0	0	0	0	0
M00595:54:000000000-A7CT0:1:1112:14131:18228	0	0	0	0	0	0	0	0	0	0	0	0	4	5	3	3	0	0	0	4
M01896:2:000000000-A69JN:1:1106:7784:6046	0	0	0	0	0	0	0	0	0	0	0	0	5	1	0	1	0	0	0	0
M01896:15:000000000-A7EN9:1:2106:4625:16795	0	0	0	0	0	0	0	0	0	0	0	0	5	4	2	5	0	0	0	2
M01896:14:000000000-A7ERE:1:1104:18156:18259	0	0	0	0	0	0	0	0	0	0	0	0	2	5	0	4	0	0	0	3
M01896:15:000000000-A7EN9:1:1118:10782:17915	0	0	0	0	0	0	0	0	0	0	0	0	2	6	1	3	0	0	0	6
M01896:15:000000000-A7EN9:1:1104:26035:17778	0	0	0	0	0	0	0	0	0	0	0	0	3	9	1	5	0	0	0	1
M00595:54:000000000-A7CT0:1:1113:22427:19028	0	0	0	0	0	0	0	0	0	0	0	0	7	10	6	9	0	0	0	5
M01896:14:000000000-A7ERE:1:1102:3383:17331	0	0	0	0	0	0	0	0	0	0	0	0	5	6	1	6	0	0	0	3
M01896:2:000000000-A69JN:1:2102:13716:21831	0	0	0	0	0	0	0	0	0	0	0	0	4	4	2	4	0	0	0	0
M01896:14:000000000-A7ERE:1:2108:21887:8737	0	0	0	0	0	0	0	0	0	0	0	0	4	4	4	4	0	0	0	3
M01896:15:000000000-A7EN9:1:2106:3641:13568	0	0	0	0	0	0	0	0	0	0	0	0	1	3	1	0	0	0	0	1
M01896:15:000000000-A7EN9:1:1115:22824:5359	0	0	0	0	0	0	0	0	0	0	0	0	6	3	5	2	0	0	0	5
M01896:2:000000000-A69JN:1:1105:23661:2439	0	0	0	0	0	0	0	0	0	0	0	0	2	1	0	0	0	0	0	0
M00595:54:000000000-A7CT0:1:2104:13847:13525	0	0	0	0	0	0	0	0	0	0	0	0	1	1	3	0	0	0	0	1
M00595:42:000000000-A5J1T:1:2118:10317:13324	0	0	0	0	0	0	0	0	0	0	0	0	2	3	0	3	0	0	0	5
M01896:15:000000000-A7EN9:1:2116:5989:11252	0	0	0	0	0	0	0	0	0	0	0	0	18	12	9	16	0	0	0	3
M00595:54:000000000-A7CT0:1:1105:20099:2195	0	0	0	0	0	0	0	0	0	0	0	0	7	3	3	2	0	0	0	0
M01896:15:000000000-A7EN9:1:2104:18726:19447	0	0	0	0	0	0	0	0	0	0	0	0	1	2	1	1	0	0	0	0
M00595:42:000000000-A5J1T:1:2112:19003:18043	0	0	0	0	0	0	0	0	0	0	0	0	5	4	3	5	2	0	0	9
M00595:42:000000000-A5J1T:1:2111:6821:16037	0	0	0	0	0	0	0	0	0	0	0	0	4	6	1	3	0	0	0	2
M01896:15:000000000-A7EN9:1:2108:16130:12045	0	0	0	0	0	0	0	0	0	0	0	0	1	4	1	6	0	0	0	6
M00595:42:000000000-A5J1T:1:1107:8704:13180	0	0	0	0	0	0	0	0	0	0	0	0	1	1	1	2	0	0	0	2
M01896:15:000000000-A7EN9:1:1116:17516:5473	0	0	0	0	0	0	0	0	0	0	0	0	3	4	4	4	0	0	0	3
M01896:15:000000000-A7EN9:1:2103:19384:20432	0	0	0	0	0	0	0	0	0	0	0	0	2	6	3	0	0	0	0	1
M00595:54:000000000-A7CT0:1:2104:9706:17984	0	0	0	0	0	0	0	0	0	0	0	0	8	3	4	4	0	0	0	2
M00595:54:000000000-A7CT0:1:1109:14468:21421	0	0	0	0	0	0	0	0	0	0	0	0	4	4	2	3	0	0	0	4
M00595:54:000000000-A7CT0:1:1105:24508:13351	0	0	0	0	0	0	0	0	0	0	0	0	2	0	2	3	0	0	0	0
M01896:14:000000000-A7ERE:1:2107:25392:20843	0	0	0	0	0	0	0	0	0	0	0	0	3	4	3	1	0	0	0	0
M00595:54:000000000-A7CT0:1:1117:14598:8628	0	0	0	0	0	0	0	0	0	0	0	0	9	11	7	11	0	0	0	8
M00595:54:000000000-A7CT0:1:1116:13570:17889	0	0	0	0	0	0	0	0	0	0	0	0	6	9	2	5	0	0	0	3
M00595:54:000000000-A7CT0:1:2112:13809:11973	0	0	0	0	0	0	0	0	0	0	0	0	6	10	6	7	0	0	0	4
M01896:14:000000000-A7ERE:1:2114:17774:15396	0	0	0	0	0	0	0	0	0	0	0	0	7	5	0	14	0	0	0	0
M01896:14:000000000-A7ERE:1:2116:10468:16198	0	0	0	0	0	0	0	0	0	0	0	0	2	3	0	2	0	0	0	1
M00595:54:000000000-A7CT0:1:2112:17989:21083	0	0	0	0	0	0	0	0	0	0	0	0	1	0	2	0	0	0	0	0
M01896:2:000000000-A69JN:1:2114:23458:20701	0	0	0	0	0	0	0	0	0	0	0	0	4	0	1	2	0	0	0	1
M01896:2:000000000-A69JN:1:1109:7003:11131	0	0	0	0	0	0	0	0	0	0	0	0	2	1	0	1	0	0	0	3
M01896:14:000000000-A7ERE:1:1113:28439:9029	0	0	0	0	0	0	0	0	0	0	0	0	2	3	0	2	0	0	0	0
M01896:15:000000000-A7EN9:1:2109:8565:13700	0	0	0	0	0	0	0	0	0	0	0	0	9	14	2	8	0	0	0	4
M01896:2:000000000-A69JN:1:1110:4707:9280	0	0	0	0	0	0	0	0	0	0	0	0	2	0	0	1	0	0	0	0
M01896:2:000000000-A69JN:1:2105:29411:15629	0	0	0	0	0	0	0	0	0	0	0	0	6	0	0	6	0	0	0	1
M01896:14:000000000-A7ERE:1:1102:21519:15046	0	0	0	0	0	0	0	0	0	0	0	0	7	6	1	3	0	0	0	6
M01896:2:000000000-A69JN:1:1110:15861:17803	0	0	0	0	0	0	0	0	0	0	0	0	3	3	0	0	0	0	0	3
M01896:2:000000000-A69JN:1:2114:14407:18343	0	0	0	0	0	0	0	0	0	0	0	0	8	3	4	4	0	0	0	3
M01896:15:000000000-A7EN9:1:2106:11578:19466	0	0	0	0	0	0	0	0	0	0	0	0	3	5	0	3	0	0	0	1
M00595:42:000000000-A5J1T:1:1105:23460:10999	0	0	0	0	0	0	0	0	0	0	0	0	1	0	4	4	0	0	0	4
M01896:2:000000000-A69JN:1:1111:28301:7954	0	0	0	0	0	0	0	0	0	0	0	0	1	2	1	2	0	0	0	3
M01896:2:000000000-A69JN:1:1111:18130:12887	0	0	0	0	0	0	0	0	0	0	0	0	6	8	1	2	0	0	0	3
M01896:15:000000000-A7EN9:1:1102:5597:8553	0	0	0	0	0	0	0	0	0	0	0	0	3	6	5	0	0	0	0	1
M00595:42:000000000-A5J1T:1:1107:16134:3922	0	0	0	0	0	0	0	0	0	0	0	0	4	1	2	2	0	0	0	2
M00595:54:000000000-A7CT0:1:1111:17357:16252	0	0	0	0	0	0	0	0	0	0	0	0	1	0	3	0	0	0	0	0
M01896:2:000000000-A69JN:1:1112:28231:10358	0	0	0	0	0	0	0	0	0	0	0	0	2	0	0	0	0	0	0	0
M01896:2:000000000-A69JN:1:1112:12633:14381	0	0	0	0	0	0	0	0	0	0	0	0	2	2	0	0	0	0	0	0
M00595:42:000000000-A5J1T:1:1112:12381:2508	0	0	0	0	0	0	0	0	0	0	0	0	1	3	0	0	0	0	0	2
M01896:2:000000000-A69JN:1:1113:23239:5897	0	0	0	0	0	0	0	0	0	0	0	0	2	1	3	0	0	0	0	1
M00595:42:000000000-A5J1T:1:1112:7751:22193	0	0	0	0	0	0	0	0	0	0	0	0	6	6	5	5	0	0	0	6
M00595:42:000000000-A5J1T:1:1117:8287:2061	0	0	0	0	0	0	0	0	0	0	0	0	3	3	2	1	0	0	0	3
M01896:14:000000000-A7ERE:1:1115:18439:16636	0	0	0	0	0	0	0	0	0	0	0	0	4	4	2	0	0	0	0	1
M00595:54:000000000-A7CT0:1:2101:13727:3513	0	0	0	0	0	0	0	0	0	0	0	0	6	7	4	7	0	0	0	1
M00595:54:000000000-A7CT0:1:1116:18621:4844	0	0	0	0	0	0	0	0	0	0	0	0	5	7	2	0	0	0	0	0
M01896:2:000000000-A69JN:1:2105:28487:17272	0	0	0	0	0	0	0	0	0	0	0	0	4	3	3	3	0	0	0	1
M01896:2:000000000-A69JN:1:1115:4027:6249	0	0	0	0	0	0	0	0	0	0	0	0	3	1	0	0	0	0	0	0
M01896:2:000000000-A69JN:1:1115:5638:17243	0	0	0	0	0	0	0	0	0	0	0	0	3	3	2	2	0	0	0	0
M01896:2:000000000-A69JN:1:1116:14906:8533	0	0	0	0	0	0	0	0	0	0	0	0	2	1	0	0	0	0	0	0
M01896:2:000000000-A69JN:1:1116:6081:16779	0	0	0	0	0	0	0	0	0	0	0	0	3	0	0	1	0	0	0	0
M01896:15:000000000-A7EN9:1:1111:18715:22542	0	0	0	0	0	0	0	0	0	0	0	0	1	3	1	0	0	0	0	0
M00595:42:000000000-A5J1T:1:2111:13470:4508	0	0	0	0	0	0	0	0	0	0	0	0	1	2	0	1	0	0	0	5
M01896:14:000000000-A7ERE:1:2103:23440:5128	0	0	0	0	0	0	0	0	0	0	0	0	1	0	0	2	0	0	0	0
M00595:54:000000000-A7CT0:1:2106:12186:22750	0	0	0	0	0	0	0	0	0	0	0	0	1	3	3	2	0	0	0	2
M01896:2:000000000-A69JN:1:1117:27975:12035	0	0	0	0	0	0	0	0	0	0	0	0	4	0	1	0	0	0	0	0
M01896:2:000000000-A69JN:1:1118:26050:18291	0	0	0	0	0	0	0	0	0	0	0	0	4	2	0	1	0	0	0	2
M01896:14:000000000-A7ERE:1:2106:14100:16297	0	0	0	0	0	0	0	0	0	0	0	0	3	0	0	4	0	0	0	1
M01896:15:000000000-A7EN9:1:2106:24219:10398	0	0	0	0	0	0	0	0	0	0	0	0	6	9	4	5	0	0	0	1
M00595:54:000000000-A7CT0:1:2115:15508:6827	0	0	0	0	0	0	0	0	0	0	0	0	5	5	3	5	0	0	0	11
M01896:2:000000000-A69JN:1:1119:19376:19068	0	0	0	0	0	0	0	0	0	0	0	0	2	0	0	0	0	0	0	1
M01896:2:000000000-A69JN:1:1117:16039:12835	0	0	0	0	0	0	0	0	0	0	0	0	6	0	0	0	0	0	0	1
M01896:2:000000000-A69JN:1:2103:5835:19360	0	0	0	0	0	0	0	0	0	0	0	0	2	0	0	0	0	0	0	0
M01896:2:000000000-A69JN:1:2108:13989:13524	0	0	0	0	0	0	0	0	0	0	0	0	3	1	0	0	0	0	0	0
M01896:14:000000000-A7ERE:1:2103:25334:3833	0	0	0	0	0	0	0	0	0	0	0	0	4	6	0	7	0	0	0	1
M01896:2:000000000-A69JN:1:2104:23325:20029	0	0	0	0	0	0	0	0	0	0	0	0	2	0	0	0	0	0	0	1
M01896:2:000000000-A69JN:1:2104:19625:24108	0	0	0	0	0	0	0	0	0	0	0	0	2	0	0	0	0	0	0	0
M01896:2:000000000-A69JN:1:2104:5775:16129	0	0	0	0	0	0	0	0	0	0	0	0	2	0	0	0	0	0	0	0
M00595:42:000000000-A5J1T:1:2111:10106:18519	0	0	0	0	0	0	0	0	0	0	0	0	2	2	1	2	0	0	2	3
M01896:14:000000000-A7ERE:1:1109:27877:17279	0	0	0	0	0	0	0	0	0	0	0	0	4	3	0	6	0	0	0	1
M01896:2:000000000-A69JN:1:2105:12523:8873	0	0	0	0	0	0	0	0	0	0	0	0	3	0	0	0	0	0	0	0
M00595:42:000000000-A5J1T:1:2105:6261:4384	0	0	0	0	0	0	0	0	0	0	0	0	3	5	3	7	0	0	0	3
M01896:2:000000000-A69JN:1:2113:14264:17314	0	0	0	0	0	0	0	0	0	0	0	0	4	0	1	1	0	0	0	2
M01896:2:000000000-A69JN:1:2106:16810:3492	0	0	0	0	0	0	0	0	0	0	0	0	3	0	0	0	0	0	0	0
M00595:42:000000000-A5J1T:1:2111:11390:17614	0	0	0	0	0	0	0	0	0	0	0	0	2	4	0	1	0	0	0	4
M01896:14:000000000-A7ERE:1:2103:9268:12769	0	0	0	0	0	0	0	0	0	0	0	0	2	4	1	5	0	0	0	1
M01896:2:000000000-A69JN:1:2106:15212:23062	0	0	0	0	0	0	0	0	0	0	0	0	2	1	0	0	0	0	0	0
M00595:54:000000000-A7CT0:1:2118:13779:20415	0	0	0	0	0	0	0	0	0	0	0	0	1	4	4	2	0	0	0	1
M01896:15:000000000-A7EN9:1:1111:11180:18430	0	0	0	0	0	0	0	0	0	0	0	0	2	1	0	1	0	0	0	0
M01896:2:000000000-A69JN:1:2108:24898:3798	0	0	0	0	0	0	0	0	0	0	0	0	2	1	1	0	0	0	0	0
M01896:2:000000000-A69JN:1:2108:23092:7960	0	0	0	0	0	0	0	0	0	0	0	0	4	1	0	1	0	0	0	0
M01896:2:000000000-A69JN:1:2108:6839:14489	0	0	0	0	0	0	0	0	0	0	0	0	2	0	0	0	0	0	0	1
M01896:14:000000000-A7ERE:1:2104:22568:22277	0	0	0	0	0	0	0	0	0	0	0	0	2	3	3	3	0	0	0	1
M01896:14:000000000-A7ERE:1:1118:8619:4514	0	0	0	0	0	0	0	0	0	0	0	0	1	2	1	1	0	0	0	0
M01896:2:000000000-A69JN:1:2111:18932:1898	0	0	0	0	0	0	0	0	0	0	0	0	2	6	4	1	0	0	0	0
M01896:2:000000000-A69JN:1:2117:20910:8884	0	0	0	0	0	0	0	0	0	0	0	0	3	4	0	1	0	0	0	0
M01896:2:000000000-A69JN:1:2113:18061:20053	0	0	0	0	0	0	0	0	0	0	0	0	3	1	2	1	0	0	0	1
M01896:2:000000000-A69JN:1:2111:23760:9424	0	0	0	0	0	0	0	0	0	0	0	0	2	0	0	1	0	0	0	0
M01896:2:000000000-A69JN:1:1110:5370:15278	0	0	0	0	0	0	0	0	0	0	0	0	3	2	4	2	0	0	0	1
M00595:42:000000000-A5J1T:1:1118:16473:20437	0	0	0	0	0	0	0	0	0	0	0	0	2	3	0	5	0	0	0	1
M00595:42:000000000-A5J1T:1:1119:7481:16346	0	0	0	0	0	0	0	0	0	0	0	0	1	0	0	0	0	0	0	1
M00595:54:000000000-A7CT0:1:2118:16641:20078	0	0	0	0	0	0	0	0	0	0	0	0	2	0	2	2	0	0	0	2
M00595:54:000000000-A7CT0:1:2102:16121:14687	0	0	0	0	0	0	0	0	0	0	0	0	5	7	4	4	0	0	0	4
M00595:42:000000000-A5J1T:1:2101:15341:3590	0	0	0	0	0	0	0	0	0	0	0	0	1	0	0	1	0	0	2	2
M01896:14:000000000-A7ERE:1:1103:6515:8879	0	0	0	0	0	0	0	0	0	0	0	0	3	2	1	1	0	0	0	3
M00595:42:000000000-A5J1T:1:2104:16004:16569	0	0	0	0	0	0	0	0	0	0	0	0	3	4	1	3	0	0	0	5
M01896:2:000000000-A69JN:1:2105:18364:8774	0	0	0	0	0	0	0	0	0	0	0	0	4	2	0	5	0	0	0	0
M01896:2:000000000-A69JN:1:2113:23698:19839	0	0	0	0	0	0	0	0	0	0	0	0	3	1	1	0	0	0	0	0
M01896:2:000000000-A69JN:1:2113:7746:20088	0	0	0	0	0	0	0	0	0	0	0	0	2	0	0	0	0	0	0	0
M01896:15:000000000-A7EN9:1:1102:25170:12780	0	0	0	0	0	0	0	0	0	0	0	0	1	3	0	0	0	0	0	0
M00595:54:000000000-A7CT0:1:1111:22718:17681	0	0	0	0	0	0	0	0	0	0	0	0	5	3	1	0	0	0	0	3
M01896:2:000000000-A69JN:1:2105:25325:21230	0	0	0	0	0	0	0	0	0	0	0	0	7	2	1	0	0	0	0	3
M01896:2:000000000-A69JN:1:2114:25617:16189	0	0	0	0	0	0	0	0	0	0	0	0	1	0	0	2	0	0	0	1
M01896:2:000000000-A69JN:1:2114:12637:24049	0	0	0	0	0	0	0	0	0	0	0	0	3	0	0	0	0	0	0	0
M00595:42:000000000-A5J1T:1:2119:24477:16410	0	0	0	0	0	0	0	0	0	0	0	0	2	1	0	2	0	0	0	6
M01896:2:000000000-A69JN:1:2116:9520:22630	0	0	0	0	0	0	0	0	0	0	0	0	2	0	0	0	0	0	0	1
M01896:2:000000000-A69JN:1:2117:4701:12436	0	0	0	0	0	0	0	0	0	0	0	0	2	0	0	0	0	0	0	1
M00595:42:000000000-A5J1T:1:1117:21782:1841	0	0	0	0	0	0	0	0	0	0	0	0	2	5	2	4	0	0	0	2
M01896:14:000000000-A7ERE:1:2117:4807:14007	0	0	0	0	0	0	0	0	0	0	0	0	4	1	3	3	0	0	0	2
M01896:2:000000000-A69JN:1:2118:10820:17730	0	0	0	0	0	0	0	0	0	0	0	0	3	0	0	0	0	0	0	0
M00595:42:000000000-A5J1T:1:2115:21850:15360	0	0	0	0	0	0	0	0	0	0	0	0	4	3	3	2	0	0	0	4
M01896:2:000000000-A69JN:1:2119:15381:19311	0	0	0	0	0	0	0	0	0	0	0	0	2	0	0	0	0	0	0	0
M01896:2:000000000-A69JN:1:2119:23006:20511	0	0	0	0	0	0	0	0	0	0	0	0	2	0	0	0	0	0	0	0
M01896:2:000000000-A69JN:1:1101:6593:5042	0	0	0	0	0	0	0	0	0	0	0	0	2	0	0	0	0	0	0	0
M00595:42:000000000-A5J1T:1:2116:7799:12973	0	0	0	0	0	0	0	0	0	0	0	0	2	3	1	3	0	0	0	2
M01896:2:000000000-A69JN:1:1102:5330:10843	0	0	0	0	0	0	0	0	0	0	0	0	2	0	0	1	0	0	0	0
M01896:2:000000000-A69JN:1:1102:16637:12173	0	0	0	0	0	0	0	0	0	0	0	0	1	1	0	1	0	0	0	1
M01896:2:000000000-A69JN:1:1102:11957:21570	0	0	0	0	0	0	0	0	0	0	0	0	2	1	0	1	0	0	0	0
M01896:2:000000000-A69JN:1:1104:24426:2991	0	0	0	0	0	0	0	0	0	0	0	0	2	0	0	0	0	0	0	2
M01896:14:000000000-A7ERE:1:1116:3323:16677	0	0	0	0	0	0	0	0	0	0	0	0	2	3	3	8	0	0	0	0
M01896:2:000000000-A69JN:1:1104:18150:10872	0	0	0	0	0	0	0	0	0	0	0	0	2	0	0	1	0	0	0	0
M01896:15:000000000-A7EN9:1:1104:3910:14826	0	0	0	0	0	0	0	0	0	0	0	0	1	3	1	2	0	0	0	2
M01896:15:000000000-A7EN9:1:1118:6189:18947	0	0	0	0	0	0	0	0	0	0	0	0	2	4	0	4	0	0	0	0
M01896:2:000000000-A69JN:1:1105:23918:2017	0	0	0	0	0	0	0	0	0	0	0	0	2	0	0	0	0	0	0	0
M01896:2:000000000-A69JN:1:1105:14464:2195	0	0	0	0	0	0	0	0	0	0	0	0	2	0	1	0	0	0	0	0
M01896:2:000000000-A69JN:1:1106:7964:12124	0	0	0	0	0	0	0	0	0	0	0	0	5	6	1	2	0	0	0	1
M00595:42:000000000-A5J1T:1:2107:8650:8779	0	0	0	0	0	0	0	0	0	0	0	0	2	2	0	0	0	0	2	2
M01896:15:000000000-A7EN9:1:1103:25375:18556	0	0	0	0	0	0	0	0	0	0	0	0	2	2	0	0	0	0	0	0
M01896:2:000000000-A69JN:1:1108:28399:11450	0	0	0	0	0	0	0	0	0	0	0	0	2	0	0	0	0	0	0	0
M00595:42:000000000-A5J1T:1:2103:25146:8767	0	0	0	0	0	0	0	0	0	0	0	0	2	3	1	0	0	0	0	2
M01896:15:000000000-A7EN9:1:1114:10824:17253	0	0	0	0	0	0	0	0	0	0	0	0	2	4	1	3	0	0	0	1
M00595:42:000000000-A5J1T:1:2109:21466:22428	0	0	0	0	0	0	0	0	0	0	0	0	1	0	0	0	0	0	0	2
M01896:2:000000000-A69JN:1:1109:9318:13440	0	0	0	0	0	0	0	0	0	0	0	0	1	1	0	1	0	0	0	0
M00595:42:000000000-A5J1T:1:2105:17326:15843	0	0	0	0	0	0	0	0	0	0	0	0	1	3	1	0	0	0	2	3
M01896:2:000000000-A69JN:1:1109:17250:11250	0	0	0	0	0	0	0	0	0	0	0	0	2	1	0	0	0	0	0	0
M01896:2:000000000-A69JN:1:1110:28273:18887	0	0	0	0	0	0	0	0	0	0	0	0	2	1	0	1	0	0	0	1
M01896:15:000000000-A7EN9:1:1105:23910:2613	0	0	0	0	0	0	0	0	0	0	0	0	2	1	0	1	0	0	0	1
M00595:42:000000000-A5J1T:1:1111:5592:6582	0	0	0	0	0	0	0	0	0	0	0	0	1	1	0	1	0	0	0	3
M01896:15:000000000-A7EN9:1:2109:15071:10345	0	0	0	0	0	0	0	0	0	0	0	0	2	3	1	1	0	0	0	1
M01896:15:000000000-A7EN9:1:2116:4948:15465	0	0	0	0	0	0	0	0	0	0	0	0	1	3	1	1	0	0	0	1
M00595:54:000000000-A7CT0:1:2105:23727:17259	0	0	0	0	0	0	0	0	0	0	0	0	1	2	3	0	0	0	0	0
M01896:2:000000000-A69JN:1:2109:5441:13499	0	0	0	0	0	0	0	0	0	0	0	0	2	0	2	1	0	0	0	0
M00595:54:000000000-A7CT0:1:1111:24231:13705	0	0	0	0	0	0	0	0	0	0	0	0	1	4	2	2	0	0	0	1
M00595:54:000000000-A7CT0:1:1118:8579:13896	0	0	0	0	0	0	0	0	0	0	0	0	1	0	2	2	0	0	0	0
M00595:42:000000000-A5J1T:1:2104:5679:6789	0	0	0	0	0	0	0	0	0	0	0	0	1	1	1	3	0	0	0	2
M01896:14:000000000-A7ERE:1:2106:20006:11365	0	0	0	0	0	0	0	0	0	0	0	0	1	5	0	0	0	0	0	1
M01896:15:000000000-A7EN9:1:1113:22667:2456	0	0	0	0	0	0	0	0	0	0	0	0	1	5	3	3	0	0	0	4
M01896:2:000000000-A69JN:1:1117:14981:9506	0	0	0	0	0	0	0	0	0	0	0	0	2	0	0	0	0	0	0	2
M01896:15:000000000-A7EN9:1:2117:2523:13971	0	0	0	0	0	0	0	0	0	0	0	0	1	0	0	3	0	0	0	0
M01896:15:000000000-A7EN9:1:2106:5774:11893	0	0	0	0	0	0	0	0	0	0	0	0	2	2	4	3	0	0	0	0
M00595:54:000000000-A7CT0:1:2102:18043:22044	0	0	0	0	0	0	0	0	0	0	0	0	1	1	5	3	0	0	0	0
M01896:2:000000000-A69JN:1:2103:7497:18736	0	0	0	0	0	0	0	0	0	0	0	0	3	0	1	0	0	0	0	0
M01896:14:000000000-A7ERE:1:1107:23131:12855	0	0	0	0	0	0	0	0	0	0	0	0	5	4	1	5	0	0	0	4
M00595:54:000000000-A7CT0:1:1105:9700:23017	0	0	0	0	0	0	0	0	0	0	0	0	2	4	3	4	0	0	0	3
M01896:2:000000000-A69JN:1:2104:22394:15257	0	0	0	0	0	0	0	0	0	0	0	0	2	0	0	0	0	0	0	0
M00595:42:000000000-A5J1T:1:2116:16422:23029	0	0	0	0	0	0	0	0	0	0	0	0	1	0	0	1	0	0	0	2
M01896:2:000000000-A69JN:1:2105:20223:16544	0	0	0	0	0	0	0	0	0	0	0	0	2	1	0	0	0	0	0	1
M01896:2:000000000-A69JN:1:2106:9526:12596	0	0	0	0	0	0	0	0	0	0	0	0	4	0	1	1	0	0	0	1
M01896:2:000000000-A69JN:1:2107:7681:7261	0	0	0	0	0	0	0	0	0	0	0	0	2	0	0	0	0	0	0	0
M01896:14:000000000-A7ERE:1:1106:1942:11722	0	0	0	0	0	0	0	0	0	0	0	0	2	2	1	4	0	0	0	1
M01896:2:000000000-A69JN:1:2109:11835:16643	0	0	0	0	0	0	0	0	0	0	0	0	2	0	0	0	0	0	0	0
M01896:2:000000000-A69JN:1:2109:9416:17051	0	0	0	0	0	0	0	0	0	0	0	0	2	2	0	0	0	0	0	0
M01896:2:000000000-A69JN:1:2109:13561:20980	0	0	0	0	0	0	0	0	0	0	0	0	2	0	0	0	0	0	0	0
M01896:2:000000000-A69JN:1:2111:20495:10605	0	0	0	0	0	0	0	0	0	0	0	0	2	0	0	0	0	0	0	0
M01896:2:000000000-A69JN:1:2111:17958:13844	0	0	0	0	0	0	0	0	0	0	0	0	2	0	0	0	0	0	0	1
M00595:54:000000000-A7CT0:1:1105:14740:5955	0	0	0	0	0	0	0	0	0	0	0	0	4	7	7	3	0	0	0	1
M01896:2:000000000-A69JN:1:2113:8589:12422	0	0	0	0	0	0	0	0	0	0	0	0	2	0	0	0	0	0	0	1
M00595:42:000000000-A5J1T:1:1102:18299:13514	0	0	0	0	0	0	0	0	0	0	0	0	1	0	0	1	0	0	0	3
M01896:2:000000000-A69JN:1:2115:25721:5747	0	0	0	0	0	0	0	0	0	0	0	0	2	4	1	0	0	0	0	0
M01896:2:000000000-A69JN:1:2115:20155:17953	0	0	0	0	0	0	0	0	0	0	0	0	3	2	0	0	0	0	0	1
M00595:54:000000000-A7CT0:1:1116:13260:4119	0	0	0	0	0	0	0	0	0	0	0	0	1	1	2	0	0	0	0	0
M01896:2:000000000-A69JN:1:2116:17506:22476	0	0	0	0	0	0	0	0	0	0	0	0	1	2	1	2	0	0	0	1
M01896:2:000000000-A69JN:1:2116:13444:24283	0	0	0	0	0	0	0	0	0	0	0	0	2	0	1	0	0	0	0	1
M01896:2:000000000-A69JN:1:2117:7498:22798	0	0	0	0	0	0	0	0	0	0	0	0	2	0	0	0	0	0	0	1
M01896:2:000000000-A69JN:1:2118:9317:10003	0	0	0	0	0	0	0	0	0	0	0	0	2	0	1	0	0	0	0	0
M01896:2:000000000-A69JN:1:2118:20890:19746	0	0	0	0	0	0	0	0	0	0	0	0	2	0	0	0	0	0	0	0
M01896:14:000000000-A7ERE:1:2108:21152:12763	0	0	0	0	0	0	0	0	0	0	0	0	1	9	0	0	0	0	0	1
M00595:54:000000000-A7CT0:1:2104:18016:16799	0	0	0	0	0	0	0	0	0	0	0	0	1	1	1	1	0	0	0	0
M01896:14:000000000-A7ERE:1:2104:11892:21024	0	0	0	0	0	0	0	0	0	0	0	0	0	2	0	3	0	0	0	1
M00595:54:000000000-A7CT0:1:2104:16710:11721	0	0	0	0	0	0	0	0	0	0	0	0	0	2	2	0	0	0	0	0
M01896:14:000000000-A7ERE:1:2104:15008:20031	0	0	0	0	0	0	0	0	0	0	0	0	0	3	0	0	0	0	0	0
M00595:42:000000000-A5J1T:1:2116:5625:10138	0	0	0	0	0	0	0	0	0	0	0	0	0	2	1	0	0	0	0	2
M00595:42:000000000-A5J1T:1:1102:23139:11571	0	0	0	0	0	0	0	0	0	0	0	0	0	1	0	0	0	0	2	2
M01896:14:000000000-A7ERE:1:2104:27062:12646	0	0	0	0	0	0	0	0	0	0	0	0	0	3	0	0	0	0	0	0
M01896:14:000000000-A7ERE:1:1109:21328:9600	0	0	0	0	0	0	0	0	0	0	0	0	0	3	0	0	0	0	0	0
M00595:42:000000000-A5J1T:1:2114:18962:19857	0	0	0	0	0	0	0	0	0	0	0	0	0	1	0	0	0	0	2	4
M00595:42:000000000-A5J1T:1:1108:20385:11592	0	0	0	0	0	0	0	0	0	0	0	0	0	1	0	0	0	0	2	2
M01896:15:000000000-A7EN9:1:1101:17768:24779	0	0	0	0	0	0	0	0	0	0	0	0	0	4	6	3	0	0	0	3
M01896:15:000000000-A7EN9:1:2105:25639:19368	0	0	0	0	0	0	0	0	0	0	0	0	0	4	0	0	0	0	0	0
M00595:42:000000000-A5J1T:1:1119:24227:4900	0	0	0	0	0	0	0	0	0	0	0	0	0	1	0	0	0	0	2	2
M01896:14:000000000-A7ERE:1:2103:26116:4899	0	0	0	0	0	0	0	0	0	0	0	0	0	2	0	0	0	0	0	0
M00595:54:000000000-A7CT0:1:2101:13147:14204	0	0	0	0	0	0	0	0	0	0	0	0	0	4	3	0	0	0	0	0
M01896:14:000000000-A7ERE:1:2104:19090:24475	0	0	0	0	0	0	0	0	0	0	0	0	0	2	0	0	0	0	0	0
M01896:15:000000000-A7EN9:1:2104:27490:12562	0	0	0	0	0	0	0	0	0	0	0	0	0	1	0	2	0	0	0	0
M01896:14:000000000-A7ERE:1:2106:26437:13847	0	0	0	0	0	0	0	0	0	0	0	0	0	4	2	3	0	0	0	3
M01896:15:000000000-A7EN9:1:2117:6070:6116	0	0	0	0	0	0	0	0	0	0	0	0	0	4	0	0	0	0	0	0
M01896:14:000000000-A7ERE:1:2111:26983:11937	0	0	0	0	0	0	0	0	0	0	0	0	0	2	0	1	0	0	0	0
M01896:15:000000000-A7EN9:1:1101:18971:22334	0	0	0	0	0	0	0	0	0	0	0	0	0	1	0	1	0	0	0	0
M00595:54:000000000-A7CT0:1:2107:23247:3322	0	0	0	0	0	0	0	0	0	0	0	0	0	1	2	0	0	0	0	0
M01896:15:000000000-A7EN9:1:1107:6233:3843	0	0	0	0	0	0	0	0	0	0	0	0	0	2	1	0	0	0	0	0
M01896:15:000000000-A7EN9:1:1118:3639:16596	0	0	0	0	0	0	0	0	0	0	0	0	0	4	0	1	0	0	0	3
M01896:14:000000000-A7ERE:1:2101:18238:20238	0	0	0	0	0	0	0	0	0	0	0	0	0	5	0	0	0	0	0	1
M00595:42:000000000-A5J1T:1:2111:24590:15766	0	0	0	0	0	0	0	0	0	0	0	0	0	2	1	1	0	0	0	1
M01896:15:000000000-A7EN9:1:2104:20478:20207	0	0	0	0	0	0	0	0	0	0	0	0	0	2	0	0	0	0	0	0
M01896:15:000000000-A7EN9:1:2105:10276:19434	0	0	0	0	0	0	0	0	0	0	0	0	0	2	0	1	0	0	0	0
M01896:15:000000000-A7EN9:1:1112:5838:22367	0	0	0	0	0	0	0	0	0	0	0	0	0	4	0	0	0	0	0	1
M01896:14:000000000-A7ERE:1:1107:9697:22603	0	0	0	0	0	0	0	0	0	0	0	0	0	3	0	2	0	0	0	0
M00595:54:000000000-A7CT0:1:1117:20415:12234	0	0	0	0	0	0	0	0	0	0	0	0	0	1	1	1	0	0	0	1
M01896:14:000000000-A7ERE:1:1112:9104:18257	0	0	0	0	0	0	0	0	0	0	0	0	0	2	1	0	0	0	0	0
M00595:54:000000000-A7CT0:1:1101:8571:13254	0	0	0	0	0	0	0	0	0	0	0	0	0	1	3	0	0	0	0	2
M00595:54:000000000-A7CT0:1:1106:20389:17518	0	0	0	0	0	0	0	0	0	0	0	0	0	1	2	0	0	0	0	0
M01896:15:000000000-A7EN9:1:1103:15962:23725	0	0	0	0	0	0	0	0	0	0	0	0	0	1	1	3	0	0	0	1
M01896:14:000000000-A7ERE:1:1115:24325:19575	0	0	0	0	0	0	0	0	0	0	0	0	0	2	0	0	0	0	0	0
M00595:54:000000000-A7CT0:1:1112:13312:9681	0	0	0	0	0	0	0	0	0	0	0	0	0	3	2	1	0	0	0	0
M01896:14:000000000-A7ERE:1:2105:14713:9092	0	0	0	0	0	0	0	0	0	0	0	0	0	2	1	0	0	0	0	0
M01896:14:000000000-A7ERE:1:2108:23329:9161	0	0	0	0	0	0	0	0	0	0	0	0	0	3	1	2	0	0	0	1
M00595:42:000000000-A5J1T:1:1114:23776:16845	0	0	0	0	0	0	0	0	0	0	0	0	0	1	0	0	6	1	6	8
M01896:14:000000000-A7ERE:1:2116:11247:7001	0	0	0	0	0	0	0	0	0	0	0	0	0	2	0	0	0	0	0	0
M01896:15:000000000-A7EN9:1:1101:6688:22931	0	0	0	0	0	0	0	0	0	0	0	0	0	2	0	0	0	0	0	1
M00595:42:000000000-A5J1T:1:1105:20027:3001	0	0	0	0	0	0	0	0	0	0	0	0	0	1	1	0	0	0	0	2
M01896:14:000000000-A7ERE:1:2101:8886:22955	0	0	0	0	0	0	0	0	0	0	0	0	0	1	0	2	0	0	0	2
M01896:15:000000000-A7EN9:1:1113:16006:20697	0	0	0	0	0	0	0	0	0	0	0	0	0	1	0	2	0	0	0	1
M01896:15:000000000-A7EN9:1:1116:19149:18710	0	0	0	0	0	0	0	0	0	0	0	0	0	1	1	0	0	0	0	0
M01896:15:000000000-A7EN9:1:2104:22536:6544	0	0	0	0	0	0	0	0	0	0	0	0	0	2	1	0	0	0	0	1
M00595:42:000000000-A5J1T:1:1117:7059:11438	0	0	0	0	0	0	0	0	0	0	0	0	0	1	0	0	0	0	0	2
M00595:42:000000000-A5J1T:1:2118:15636:20340	0	0	0	0	0	0	0	0	0	0	0	0	0	1	0	0	0	0	0	2
M01896:15:000000000-A7EN9:1:1114:12146:18994	0	0	0	0	0	0	0	0	0	0	0	0	0	1	2	4	0	0	0	1
M01896:14:000000000-A7ERE:1:2118:9781:11132	0	0	0	0	0	0	0	0	0	0	0	0	0	3	0	2	0	0	0	0
M01896:15:000000000-A7EN9:1:2114:11842:13560	0	0	0	0	0	0	0	0	0	0	0	0	0	1	0	0	0	0	0	0
M01896:15:000000000-A7EN9:1:2118:5885:21335	0	0	0	0	0	0	0	0	0	0	0	0	0	2	0	0	0	0	0	0
M01896:15:000000000-A7EN9:1:2119:12485:25035	0	0	0	0	0	0	0	0	0	0	0	0	0	2	0	0	0	0	0	0
M00595:54:000000000-A7CT0:1:1117:23687:8302	0	0	0	0	0	0	0	0	0	0	0	0	0	0	3	1	0	0	0	0
M00595:54:000000000-A7CT0:1:1103:18269:10497	0	0	0	0	0	0	0	0	0	0	0	0	0	0	2	0	0	0	0	0
M00595:54:000000000-A7CT0:1:1105:9598:14189	0	0	0	0	0	0	0	0	0	0	0	0	0	0	5	0	0	0	0	0
M00595:42:000000000-A5J1T:1:2114:18769:15771	0	0	0	0	0	0	0	0	0	0	0	0	0	0	1	0	0	0	0	2
M00595:54:000000000-A7CT0:1:1107:24796:5708	0	0	0	0	0	0	0	0	0	0	0	0	0	0	3	0	0	0	0	0
M00595:54:000000000-A7CT0:1:1112:14666:8689	0	0	0	0	0	0	0	0	0	0	0	0	0	0	3	0	0	0	0	0
M00595:54:000000000-A7CT0:1:2105:19295:6847	0	0	0	0	0	0	0	0	0	0	0	0	0	0	2	3	0	0	0	1
M00595:54:000000000-A7CT0:1:2111:11261:12375	0	0	0	0	0	0	0	0	0	0	0	0	0	0	2	0	0	0	0	0
M00595:54:000000000-A7CT0:1:2116:25209:11937	0	0	0	0	0	0	0	0	0	0	0	0	0	0	2	0	0	0	0	0
M01896:15:000000000-A7EN9:1:2111:9532:16269	0	0	0	0	0	0	0	0	0	0	0	0	0	0	1	2	0	0	0	0
M00595:54:000000000-A7CT0:1:1105:16740:7158	0	0	0	0	0	0	0	0	0	0	0	0	0	0	2	0	0	0	0	1
M00595:42:000000000-A5J1T:1:1113:11422:12333	0	0	0	0	0	0	0	0	0	0	0	0	0	0	1	0	0	0	0	2
M00595:54:000000000-A7CT0:1:1113:13920:21116	0	0	0	0	0	0	0	0	0	0	0	0	0	0	2	0	0	0	0	0
M00595:54:000000000-A7CT0:1:2108:17885:4337	0	0	0	0	0	0	0	0	0	0	0	0	0	0	1	2	0	0	0	1
M00595:54:000000000-A7CT0:1:2111:21671:16921	0	0	0	0	0	0	0	0	0	0	0	0	0	0	2	1	0	0	0	0
M00595:54:000000000-A7CT0:1:2117:20147:19301	0	0	0	0	0	0	0	0	0	0	0	0	0	0	2	0	0	0	0	0
M01896:14:000000000-A7ERE:1:1102:23601:7840	0	0	0	0	0	0	0	0	0	0	0	0	0	0	0	2	0	0	0	0
M01896:15:000000000-A7EN9:1:2106:9190:19369	0	0	0	0	0	0	0	0	0	0	0	0	0	0	0	3	0	0	0	0
M01896:14:000000000-A7ERE:1:1113:9901:8217	0	0	0	0	0	0	0	0	0	0	0	0	0	0	0	2	0	0	0	0
M01896:14:000000000-A7ERE:1:1113:9782:19948	0	0	0	0	0	0	0	0	0	0	0	0	0	0	0	1	0	0	0	0
M01896:14:000000000-A7ERE:1:2104:22717:20639	0	0	0	0	0	0	0	0	0	0	0	0	0	0	0	1	0	0	0	1
M01896:15:000000000-A7EN9:1:1112:28946:9994	0	0	0	0	0	0	0	0	0	0	0	0	0	0	0	3	0	0	0	0
M01896:15:000000000-A7EN9:1:2103:15511:23631	0	0	0	0	0	0	0	0	0	0	0	0	0	0	0	2	0	0	0	0
M01896:14:000000000-A7ERE:1:1103:22412:4295	0	0	0	0	0	0	0	0	0	0	0	0	0	0	0	2	0	0	0	0
M01896:14:000000000-A7ERE:1:1111:9777:8611	0	0	0	0	0	0	0	0	0	0	0	0	0	0	0	2	0	0	0	0
M01896:14:000000000-A7ERE:1:1116:25666:12693	0	0	0	0	0	0	0	0	0	0	0	0	0	0	0	2	0	0	0	0
M01896:14:000000000-A7ERE:1:2102:10917:16105	0	0	0	0	0	0	0	0	0	0	0	0	0	0	0	2	0	0	0	0
M01896:14:000000000-A7ERE:1:2109:25991:7087	0	0	0	0	0	0	0	0	0	0	0	0	0	0	0	2	0	0	0	1
M01896:14:000000000-A7ERE:1:2118:7581:5823	0	0	0	0	0	0	0	0	0	0	0	0	0	0	0	2	0	0	0	0
M01896:15:000000000-A7EN9:1:2116:12352:23493	0	0	0	0	0	0	0	0	0	0	0	0	0	0	0	2	0	0	0	1
M00595:42:000000000-A5J1T:1:2109:14719:13677	0	0	0	0	0	0	0	0	0	0	0	0	0	0	0	0	2	1	2	2
M00595:42:000000000-A5J1T:1:2111:15772:20007	0	0	0	0	0	0	0	0	0	0	0	0	0	0	0	0	2	0	2	2
M00595:42:000000000-A5J1T:1:1110:17424:5188	0	0	0	0	0	0	0	0	0	0	0	0	0	0	0	0	2	0	0	2
M00595:42:000000000-A5J1T:1:2113:15993:19251	0	0	0	0	0	0	0	0	0	0	0	0	0	0	0	0	0	0	4	1
M00595:42:000000000-A5J1T:1:2112:19979:17761	0	0	0	0	0	0	0	0	0	0	0	0	0	0	0	0	0	0	2	3
M00595:42:000000000-A5J1T:1:2106:10049:15387	0	0	0	0	0	0	0	0	0	0	0	0	0	0	0	0	0	0	2	2
M00595:42:000000000-A5J1T:1:1115:10945:9616	0	0	0	0	0	0	0	0	0	0	0	0	0	0	0	0	0	0	2	2
M00595:42:000000000-A5J1T:1:1117:11386:21018	0	0	0	0	0	0	0	0	0	0	0	0	0	0	0	0	0	0	2	2
M00595:42:000000000-A5J1T:1:2112:13123:24559	0	0	0	0	0	0	0	0	0	0	0	0	0	0	0	0	0	0	2	2
M00595:42:000000000-A5J1T:1:1103:18871:8576	0	0	0	0	0	0	0	0	0	0	0	0	0	0	0	0	0	0	0	1
M00595:42:000000000-A5J1T:1:2102:7041:18317	0	0	0	0	0	0	0	0	0	0	0	0	0	0	0	0	0	0	0	2
M00595:42:000000000-A5J1T:1:1108:9595:4452	0	0	0	0	0	0	0	0	0	0	0	0	0	0	0	0	0	0	0	1
M00595:42:000000000-A5J1T:1:2103:14501:19697	0	0	0	0	0	0	0	0	0	0	0	0	0	0	0	0	0	0	0	2
M00595:42:000000000-A5J1T:1:2114:6826:12540	0	0	0	0	0	0	0	0	0	0	0	0	0	0	0	0	0	0	0	3
M00595:42:000000000-A5J1T:1:1117:8544:16403	0	0	0	0	0	0	0	0	0	0	0	0	0	0	0	0	0	0	0	2
M00595:42:000000000-A5J1T:1:2112:14455:10198	0	0	0	0	0	0	0	0	0	0	0	0	0	0	0	0	0	0	0	2
