#OTU ID	PHB3.MID46-48.P1.apr13_ncdenovo	S1HB3.MID102-102.P1.nov13_ncdenovo	S1HB3.MID109-109.P3.jan14_ncdenovo	S1HB3.MID96-96.P1.dec13_ncdenovo	S1HB3.MID110-110.P1.jan14_ncdenovo	S1HB3.MID110-110.P1.jan14_otuclust	S1HB3.MID96-96.P1.dec13_otuclust	S1HB3.MID102-102.P1.nov13_otuclust	S1HB3.MID109-109.P3.jan14_otuclust	PHB3.MID46-48.P1.apr13_otuclust	S1HB3.MID109-109.P3.jan14_ncref	S1HB3.MID96-96.P1.dec13_ncref	S1HB3.MID110-110.P1.jan14_ncref	S1HB3.MID102-102.P1.nov13_ncref	PHB3.MID46-48.P1.apr13_ncref	S1HB3.MID110-110.P1.jan14	S1HB3.MID109-109.P3.jan14	PHB3.MID46-48.P1.apr13	S1HB3.MID102-102.P1.nov13	S1HB3.MID96-96.P1.dec13
M01896:2:000000000-A69JN:1:1105:10771:10259	1357	5705	1219	995	1662	1	1	1	1	1	1219	995	1662	5705	1357	3094	2521	2366	8355	1862
M01896:2:000000000-A69JN:1:1117:25739:18532	1360	4208	2064	763	1645	1	1	1	1	1	2064	763	1645	4208	1360	2727	3583	2314	5989	1409
M00595:54:000000000-A7CT0:1:2102:13936:14111	711	2672	916	512	852	1	1	1	1	1	916	512	852	2672	711	1457	1511	1248	3833	902
M00595:42:000000000-A5J1T:1:1102:21813:22385	199	307	110	170	90	1	1	1	1	1	110	170	90	307	199	203	243	372	596	344
M01896:2:000000000-A69JN:1:2115:26093:7581	202	286	163	245	289	1	1	1	1	1	163	245	289	286	202	617	378	450	593	517
M00595:54:000000000-A7CT0:1:1113:12371:15671	256	403	133	208	135	1	1	1	1	1	133	208	135	401	256	319	321	521	816	453
M01896:2:000000000-A69JN:1:2110:17836:2729	703	1037	303	573	389	1	1	1	1	1	303	573	389	1037	703	710	614	1199	1608	1028
M00595:54:000000000-A7CT0:1:1101:14894:3987	680	1293	749	864	641	1	1	1	1	1	749	864	641	1293	680	1113	1363	1152	2095	1522
M00595:54:000000000-A7CT0:1:2110:14693:15849	425	1976	558	257	605	1	1	1	1	1	558	257	605	1974	425	1117	1077	820	3020	575
M00595:54:000000000-A7CT0:1:2110:14602:17236	561	1776	996	735	539	1	1	1	1	1	996	735	539	1776	561	950	1758	983	2665	1232
M01896:2:000000000-A69JN:1:2114:7858:6525	74	267	47	5	27	1	1	1	1	1	47	5	27	267	74	51	132	160	497	10
M01896:15:000000000-A7EN9:1:2110:23920:22798	751	2531	803	373	617	1	1	1	1	1	803	373	615	2527	751	1371	1765	1446	4235	803
M01896:15:000000000-A7EN9:1:2106:10212:18012	187	532	62	93	104	1	1	1	1	1	62	93	104	532	187	355	275	432	1312	278
M01896:15:000000000-A7EN9:1:1113:13754:18743	405	721	245	413	352	1	1	1	1	1	245	413	352	721	405	687	602	757	1219	846
M00595:54:000000000-A7CT0:1:1108:12019:12136	291	505	168	242	171	1	1	1	1	1	168	242	171	501	291	409	435	605	1016	587
M01896:2:000000000-A69JN:1:2119:24482:13604	404	2583	546	323	597	1	1	1	1	1	546	323	597	2583	404	1183	1068	763	3882	709
M01896:2:000000000-A69JN:1:2119:18333:15352	50	172	87	25	31	1	1	1	1	1	87	25	31	172	50	75	198	99	362	64
M01896:14:000000000-A7ERE:1:1116:8588:17805	238	966	294	111	277	1	1	1	1	1	294	111	277	966	238	678	783	537	1881	294
M00595:42:000000000-A5J1T:1:2118:5972:12370	445	546	206	287	220	1	1	1	1	1	206	287	220	546	449	519	483	895	1022	652
M00595:54:000000000-A7CT0:1:2106:25583:12560	306	644	239	236	221	1	1	1	1	1	239	236	221	644	306	617	561	713	1240	624
M00595:42:000000000-A5J1T:1:2113:12729:10962	251	1116	260	113	262	1	1	1	1	1	260	113	262	1114	251	608	627	509	1972	295
M00595:42:000000000-A5J1T:1:1109:10568:4527	96	131	10	26	13	1	1	1	1	1	10	26	13	131	96	71	60	290	437	93
M00595:42:000000000-A5J1T:1:2109:12829:8776	512	838	132	266	137	1	1	1	1	1	132	266	137	838	512	451	488	1194	1941	752
M00595:54:000000000-A7CT0:1:2110:22525:11223	255	724	135	384	244	1	1	1	1	1	135	384	244	724	255	488	301	508	1209	786
M00595:42:000000000-A5J1T:1:1115:21420:14530	45	71	5	6	8	1	1	1	1	1	5	6	8	71	45	41	30	125	215	34
M01896:15:000000000-A7EN9:1:1109:11341:10167	304	642	178	382	193	1	1	1	1	1	178	382	193	642	304	393	402	595	1156	784
M01896:2:000000000-A69JN:1:1104:23093:19388	200	447	98	158	112	1	1	1	1	1	98	158	112	447	200	289	251	429	844	382
M01896:14:000000000-A7ERE:1:1114:23479:10794	224	455	114	189	171	1	1	1	1	1	114	189	171	455	224	422	286	460	902	514
M01896:2:000000000-A69JN:1:2119:6921:8452	252	1069	300	129	259	1	1	1	1	1	300	129	259	1069	252	644	682	547	1915	312
M01896:2:000000000-A69JN:1:1111:16159:13244	538	1587	563	287	527	1	1	1	1	1	563	287	527	1587	538	1121	1137	990	2632	638
M01896:14:000000000-A7ERE:1:2117:5259:13066	301	539	197	291	244	1	1	1	1	1	197	291	244	539	301	543	480	649	979	664
M01896:15:000000000-A7EN9:1:2106:10126:2504	222	356	87	238	130	1	1	1	1	1	87	238	130	356	222	358	219	487	724	539
M00595:54:000000000-A7CT0:1:2118:24967:17422	338	781	477	394	238	1	1	1	1	1	475	394	238	779	338	553	971	664	1330	741
M01896:14:000000000-A7ERE:1:2110:16399:20153	256	407	107	193	129	1	1	1	1	1	107	193	129	407	256	329	288	544	759	447
M01896:2:000000000-A69JN:1:1106:24639:22481	4	4	0	2	4	0	0	0	0	0	0	2	4	4	4	10	11	7	15	4
M00595:54:000000000-A7CT0:1:2119:21019:21058	343	1219	558	66	197	1	1	1	1	1	558	66	197	1219	343	412	1054	612	1933	130
M00595:42:000000000-A5J1T:1:2109:17167:8537	269	392	157	236	157	0	0	0	0	0	157	236	157	392	269	371	369	584	788	483
M01896:2:000000000-A69JN:1:1107:11120:3637	121	369	64	131	146	1	1	1	1	1	66	131	146	369	121	338	159	281	691	333
M00595:42:000000000-A5J1T:1:1117:22257:4518	3	32	2	0	0	0	0	1	1	1	2	0	0	32	3	0	8	7	62	0
M01896:2:000000000-A69JN:1:1101:7999:12211	219	390	527	26	288	0	0	0	0	0	527	26	288	390	219	312	573	226	401	28
M01896:2:000000000-A69JN:1:2112:14298:22527	2	12	2	4	2	0	0	0	0	0	2	4	2	12	2	2	3	3	14	4
M00595:42:000000000-A5J1T:1:2108:24522:7777	2	0	0	0	0	0	0	0	0	0	0	0	0	0	2	0	0	2	0	0
	6	11	4	2	2	1	1	2	1	2	4	2	2	11	6	18	29	21	54	12
M00595:54:000000000-A7CT0:1:2115:12144:12443	228	483	160	162	184	0	0	0	0	0	160	162	184	483	228	382	376	461	891	424
M00595:42:000000000-A5J1T:1:1118:20931:14632	4	2	0	0	3	0	0	0	0	0	0	0	3	2	4	4	1	6	3	2
M01896:14:000000000-A7ERE:1:1115:18472:17234	2	8	0	0	7	0	0	0	0	0	0	0	7	8	2	12	9	6	17	5
M01896:2:000000000-A69JN:1:2109:23524:9076	231	484	1092	16	360	0	0	0	0	0	1092	16	360	484	231	536	1493	326	681	41
M01896:2:000000000-A69JN:1:2102:24654:10296	2	2	0	0	0	0	0	0	0	0	0	0	0	0	2	5	1	2	5	3
M01896:14:000000000-A7ERE:1:1111:28389:19028	2	39	11	2	3	1	1	1	1	1	11	2	3	39	2	16	25	5	97	8
M00595:42:000000000-A5J1T:1:2118:7340:13389	2	0	0	0	0	0	0	0	0	0	0	0	0	0	2	1	0	2	0	0
M00595:54:000000000-A7CT0:1:1102:24776:10629	2	6	2	0	2	0	0	0	0	0	2	2	2	6	2	11	7	6	16	8
M00595:42:000000000-A5J1T:1:2107:12676:10976	2	0	0	0	0	0	0	0	0	1	0	0	0	0	2	0	0	2	0	0
M01896:2:000000000-A69JN:1:1103:9733:5174	2	15	0	0	0	0	0	1	0	1	0	0	0	15	2	0	0	4	24	0
M01896:2:000000000-A69JN:1:1104:12210:17044	0	58	0	0	0	0	0	0	0	0	0	0	0	58	0	0	0	0	1	0
M01896:2:000000000-A69JN:1:2119:18488:18896	0	20	2	0	0	0	0	1	1	0	2	0	0	20	0	1	11	5	44	1
M01896:2:000000000-A69JN:1:1104:15996:14895	0	13	0	0	0	0	0	0	0	0	0	3	7	15	0	20	4	0	31	9
M00595:54:000000000-A7CT0:1:2105:18036:5210	0	11	0	0	0	0	0	0	0	0	0	8	9	0	0	21	15	1	41	18
M01896:2:000000000-A69JN:1:1119:14124:21418	0	6	0	0	0	0	0	0	0	0	0	0	0	6	0	0	0	0	1	0
M00595:54:000000000-A7CT0:1:1116:18548:14866	0	13	7	0	2	0	0	0	0	0	7	0	2	13	0	10	22	3	40	5
M01896:15:000000000-A7EN9:1:1113:21247:10071	0	5	0	0	3	0	0	0	0	0	0	0	0	5	0	13	16	8	31	2
M00595:42:000000000-A5J1T:1:2103:28979:17364	0	11	3	0	4	0	0	0	0	0	3	0	4	11	0	18	26	15	46	4
M01896:2:000000000-A69JN:1:2115:15655:12673	0	4	0	0	0	0	0	0	0	0	0	0	0	4	0	0	0	0	4	0
M01896:2:000000000-A69JN:1:2110:4426:19319	0	3	0	0	0	0	0	1	0	0	0	0	0	3	0	0	1	1	4	0
M01896:2:000000000-A69JN:1:2109:24174:21782	0	5	0	0	0	0	0	0	0	0	0	0	0	5	0	2	5	1	11	0
M01896:14:000000000-A7ERE:1:1119:12969:21536	0	3	5	0	5	0	0	0	0	0	5	0	5	3	0	10	7	0	3	1
M01896:2:000000000-A69JN:1:1101:17162:21871	0	3	0	0	0	0	0	0	0	0	0	0	0	3	0	1	2	1	5	0
M00595:54:000000000-A7CT0:1:2115:18185:9685	0	3	0	5	0	0	0	0	0	0	0	5	0	3	0	2	0	1	3	5
M01896:2:000000000-A69JN:1:1105:17325:11617	0	3	0	0	0	0	0	0	0	0	0	0	0	0	0	0	0	0	1	0
M01896:2:000000000-A69JN:1:1117:7270:5752	0	2	0	0	0	0	0	0	0	0	0	0	0	2	0	0	0	0	2	0
M01896:2:000000000-A69JN:1:1108:8735:20276	0	2	0	0	0	0	0	0	0	0	0	0	0	0	0	0	0	0	2	0
M01896:2:000000000-A69JN:1:2105:14787:14328	0	2	0	0	0	0	0	0	0	0	0	0	0	2	0	1	1	1	6	0
M01896:2:000000000-A69JN:1:2119:18461:22693	0	2	0	0	0	0	0	0	0	0	0	0	0	2	0	0	0	0	2	0
M01896:2:000000000-A69JN:1:2106:19852:18263	0	2	0	0	0	0	0	0	0	0	0	0	0	2	0	0	0	0	2	0
M01896:2:000000000-A69JN:1:2114:8068:17114	0	2	0	0	0	0	0	0	0	0	0	0	0	2	0	0	0	0	2	0
M01896:2:000000000-A69JN:1:2112:25648:20489	0	2	0	0	0	0	0	0	0	0	0	0	0	4	0	0	0	0	5	0
M01896:15:000000000-A7EN9:1:2118:10844:10877	0	6	0	0	2	0	0	0	0	0	0	0	0	6	0	4	3	4	16	6
M01896:2:000000000-A69JN:1:2112:5179:21178	0	2	0	0	0	0	0	0	0	0	0	0	0	2	0	0	0	0	2	0
M01896:2:000000000-A69JN:1:2106:15128:22631	0	6	2	0	0	0	0	0	0	0	2	0	0	4	0	5	4	1	11	2
M01896:2:000000000-A69JN:1:2107:13271:20278	0	2	0	0	0	0	0	0	0	0	0	0	0	2	0	0	0	0	2	0
M01896:2:000000000-A69JN:1:1111:12461:21161	0	2	0	0	0	0	0	0	0	0	0	0	0	2	0	0	0	0	2	0
M01896:2:000000000-A69JN:1:1101:7717:2618	0	2	0	0	0	0	0	0	0	0	0	0	0	0	0	0	0	0	3	0
M01896:2:000000000-A69JN:1:1115:7000:14822	0	2	0	0	0	0	0	0	0	0	0	0	0	2	0	0	0	0	2	0
M01896:2:000000000-A69JN:1:2118:10979:9625	0	2	0	0	0	0	0	0	0	0	0	0	0	2	0	0	1	1	4	1
M01896:2:000000000-A69JN:1:1116:6862:9719	0	6	2	0	3	0	0	0	0	0	2	0	3	6	0	4	4	3	9	0
M01896:2:000000000-A69JN:1:1111:3652:14809	0	2	0	0	0	0	0	0	0	0	0	0	0	2	0	0	0	0	2	0
M01896:2:000000000-A69JN:1:2109:11818:6139	0	2	0	0	0	0	0	0	0	0	0	0	0	2	0	0	1	0	4	0
M01896:2:000000000-A69JN:1:2102:9207:8262	0	2	0	0	0	0	0	0	0	0	0	0	0	0	0	0	0	0	2	0
M01896:2:000000000-A69JN:1:1111:20260:9776	0	2	0	0	0	0	0	0	0	0	0	0	0	0	0	0	0	0	2	0
M01896:2:000000000-A69JN:1:2109:16611:14954	0	2	0	0	0	0	0	0	0	0	0	0	0	0	0	0	0	0	2	0
M01896:2:000000000-A69JN:1:2115:27145:13879	0	2	0	0	0	0	0	0	0	0	0	0	0	2	0	0	0	0	2	0
M01896:2:000000000-A69JN:1:2106:8862:11158	0	2	0	0	0	0	0	0	0	0	0	0	0	0	0	0	1	0	3	0
M01896:2:000000000-A69JN:1:1105:5286:9411	0	2	0	0	0	0	0	0	0	0	0	0	0	2	0	0	0	0	3	0
M01896:2:000000000-A69JN:1:2105:8522:15966	0	2	0	0	0	0	0	0	0	0	0	0	2	2	0	1	0	0	2	1
M01896:14:000000000-A7ERE:1:2110:6815:18076	0	4	0	0	2	0	0	0	0	0	0	0	2	4	0	7	13	5	14	1
M01896:2:000000000-A69JN:1:1107:6630:20119	0	2	0	0	0	0	0	0	0	0	0	0	0	2	0	0	1	0	2	0
M01896:2:000000000-A69JN:1:1103:8150:5357	0	2	0	0	0	0	0	0	0	0	0	0	0	2	0	0	0	0	2	0
M01896:2:000000000-A69JN:1:1108:27476:18288	0	2	0	0	0	0	0	0	0	0	0	0	0	2	0	0	0	0	2	0
M01896:2:000000000-A69JN:1:2110:5547:6911	0	2	0	0	0	0	0	0	0	0	0	0	0	2	0	7	2	1	6	0
M01896:2:000000000-A69JN:1:2105:8363:11674	0	2	0	0	0	0	0	0	0	0	0	0	0	2	0	0	1	0	3	0
M01896:2:000000000-A69JN:1:1109:23179:9208	0	2	0	0	0	0	0	0	0	0	0	0	0	2	0	0	1	0	2	0
M01896:2:000000000-A69JN:1:2106:20808:12902	0	2	0	0	0	0	0	0	0	0	0	0	0	2	0	1	0	0	2	0
M01896:2:000000000-A69JN:1:2103:27426:8332	0	2	0	0	0	0	0	0	0	0	0	0	0	2	0	0	0	0	2	1
M01896:2:000000000-A69JN:1:1102:4525:10185	0	2	0	0	0	0	0	0	0	0	0	0	0	2	0	0	0	0	3	0
M01896:2:000000000-A69JN:1:1103:6399:12284	0	2	0	0	0	0	0	0	0	0	0	0	0	2	0	0	0	0	2	0
M01896:2:000000000-A69JN:1:1104:22727:1978	0	2	0	0	0	0	0	0	0	0	0	0	0	2	0	0	0	0	2	0
M01896:2:000000000-A69JN:1:1104:14516:21621	0	2	0	0	0	0	0	0	0	0	0	0	0	2	0	0	0	0	2	0
M01896:2:000000000-A69JN:1:1116:26623:13903	0	2	0	0	0	0	0	0	0	0	0	0	0	0	0	0	0	0	5	0
M01896:2:000000000-A69JN:1:1106:2993:15005	0	2	0	0	0	0	0	0	0	0	0	0	0	2	0	0	0	0	2	0
M01896:2:000000000-A69JN:1:2118:21234:8446	0	2	0	0	0	0	0	0	0	0	0	0	0	2	0	2	5	0	8	3
M01896:2:000000000-A69JN:1:1108:16553:5099	0	2	0	0	0	0	0	0	0	0	0	0	0	0	0	0	5	0	11	1
M01896:2:000000000-A69JN:1:2107:28173:6982	0	2	0	0	0	0	0	0	0	0	0	0	0	2	0	0	0	0	2	0
M01896:2:000000000-A69JN:1:2110:24583:2447	0	2	0	0	0	0	0	0	0	0	0	0	0	2	0	0	0	0	2	0
M01896:2:000000000-A69JN:1:2113:27897:17188	0	2	0	0	0	0	0	0	0	0	0	0	0	2	0	1	0	0	2	0
M01896:2:000000000-A69JN:1:1104:26570:19663	0	2	0	0	0	0	0	0	0	0	0	0	0	2	0	1	2	0	10	0
M01896:2:000000000-A69JN:1:2117:24617:7650	0	2	0	0	0	0	0	0	0	0	0	0	0	2	0	1	1	0	2	1
M01896:2:000000000-A69JN:1:1101:9187:7254	0	2	0	0	0	0	0	0	0	0	0	0	0	2	0	5	3	1	9	1
M01896:2:000000000-A69JN:1:2104:9973:22488	0	2	0	0	0	0	0	0	0	0	0	0	0	2	0	2	2	2	4	0
M01896:2:000000000-A69JN:1:1106:27650:14997	0	2	0	0	0	0	0	1	0	0	0	0	0	2	0	2	2	9	14	2
M01896:15:000000000-A7EN9:1:2118:7014:9778	0	2	8	0	4	0	0	0	1	0	8	0	4	2	0	13	27	7	15	0
M01896:2:000000000-A69JN:1:2102:14282:6417	0	2	0	0	0	0	0	0	0	0	0	0	0	2	0	0	0	0	2	0
M01896:2:000000000-A69JN:1:1108:8012:3372	0	2	0	0	0	0	0	0	0	0	0	0	0	2	0	0	0	0	2	0
M01896:15:000000000-A7EN9:1:1105:25649:7748	0	0	2	0	0	0	0	0	0	0	2	0	0	0	0	3	3	0	3	1
M01896:15:000000000-A7EN9:1:1118:10386:3955	0	0	2	0	0	0	0	0	0	0	2	0	0	0	0	3	2	0	1	0
M01896:15:000000000-A7EN9:1:1116:20138:17872	0	0	2	0	0	0	0	0	0	0	2	0	0	0	0	0	2	0	0	0
M00595:54:000000000-A7CT0:1:1110:15007:3110	0	0	2	0	0	0	0	0	0	0	0	0	0	0	0	1	7	0	5	2
M01896:14:000000000-A7ERE:1:2107:24795:14989	0	0	2	0	0	0	0	0	0	0	2	0	0	0	0	0	2	0	0	0
M01896:14:000000000-A7ERE:1:2110:7377:20573	0	0	2	0	0	0	0	0	0	0	2	0	0	0	0	1	3	2	3	0
M01896:15:000000000-A7EN9:1:2101:14442:11430	0	0	2	0	0	0	0	0	0	0	0	0	0	0	0	0	1	0	0	0
M01896:14:000000000-A7ERE:1:1114:21530:3878	0	0	2	0	0	0	0	0	0	0	2	0	0	0	0	0	2	0	0	0
M01896:15:000000000-A7EN9:1:2106:20799:12780	0	0	2	0	0	0	0	0	0	0	2	0	0	0	0	0	3	0	0	0
M00595:54:000000000-A7CT0:1:2111:20242:19639	0	0	0	82	0	0	0	0	0	0	0	0	0	0	0	0	0	0	0	1
M00595:54:000000000-A7CT0:1:2112:15702:9753	0	0	0	3	0	0	0	0	0	0	0	3	0	0	0	0	0	0	1	3
M01896:14:000000000-A7ERE:1:1108:28353:9951	0	0	0	2	0	0	0	0	0	0	0	2	0	0	0	2	4	2	6	7
M00595:54:000000000-A7CT0:1:2105:14927:13772	0	0	0	2	0	0	0	0	0	0	0	0	0	0	0	3	1	0	7	3
M00595:54:000000000-A7CT0:1:2102:9679:5027	0	0	0	2	0	0	0	0	0	0	0	2	0	0	0	0	0	0	1	2
M00595:54:000000000-A7CT0:1:2106:24610:11372	0	0	0	2	0	0	1	0	0	0	0	2	0	0	0	0	0	0	0	2
M01896:14:000000000-A7ERE:1:2110:9054:4192	0	0	0	0	40	0	0	0	0	0	0	0	0	0	0	1	0	0	0	0
M01896:15:000000000-A7EN9:1:2103:19455:9443	0	0	0	0	3	0	0	0	0	0	0	0	3	0	0	1	0	0	0	0
M01896:14:000000000-A7ERE:1:2118:4071:8336	0	0	0	0	2	0	0	0	0	0	0	0	2	0	0	2	0	0	0	0
M01896:15:000000000-A7EN9:1:1101:15343:7295	0	0	0	0	2	0	0	0	0	0	0	0	2	0	0	2	0	0	0	0
M01896:14:000000000-A7ERE:1:1116:25366:12579	0	0	0	0	2	0	0	0	0	0	0	0	2	0	0	2	0	0	1	0
M01896:14:000000000-A7ERE:1:1106:25069:8712	0	0	0	0	2	0	0	0	0	0	0	0	2	0	0	5	2	0	3	2
M01896:14:000000000-A7ERE:1:2105:17971:13929	0	0	0	0	2	0	0	0	0	0	0	0	2	0	0	2	0	0	0	0
M01896:14:000000000-A7ERE:1:1109:11613:7413	0	0	0	0	2	0	0	0	0	0	0	0	2	0	0	2	1	0	1	0
M01896:15:000000000-A7EN9:1:2108:25555:22021	0	0	0	0	2	0	0	0	0	0	0	0	2	0	0	2	0	0	3	0
M01896:14:000000000-A7ERE:1:1108:25049:8885	0	0	0	0	2	0	0	0	0	0	0	0	2	0	0	2	0	0	2	0
M01896:14:000000000-A7ERE:1:1111:18688:13989	0	0	0	0	2	0	0	0	0	0	0	0	2	0	0	2	2	0	0	0
M01896:15:000000000-A7EN9:1:2103:11598:21453	0	0	0	0	2	1	0	0	0	0	0	0	2	0	0	3	0	0	0	0
M01896:15:000000000-A7EN9:1:2106:15791:19988	0	0	0	0	2	0	0	0	0	0	0	0	0	0	0	2	0	0	0	0
M01896:2:000000000-A69JN:1:2113:9086:23112	0	0	0	0	0	0	0	1	0	0	0	0	0	0	0	0	0	0	2	0
M01896:2:000000000-A69JN:1:1116:25884:5612	0	0	0	0	0	0	0	0	0	0	31	0	0	0	0	0	2	0	2	0
M01896:2:000000000-A69JN:1:1109:23687:22876	0	0	0	0	0	0	0	0	0	0	4	0	0	6	0	0	2	0	3	0
M01896:15:000000000-A7EN9:1:2110:25099:20143	0	0	0	0	0	0	0	0	0	0	2	0	0	0	0	0	2	0	0	0
M01896:14:000000000-A7ERE:1:2110:7884:7402	0	0	0	0	0	0	0	0	0	0	2	0	0	0	0	0	2	0	0	0
M01896:2:000000000-A69JN:1:2112:4244:6274	0	0	0	0	0	0	0	0	0	0	6	0	0	25	0	13	25	0	62	5
M01896:15:000000000-A7EN9:1:1104:23481:5486	0	0	0	0	0	0	0	0	0	0	2	0	0	0	0	0	3	1	0	0
M01896:14:000000000-A7ERE:1:1108:19336:19168	0	0	0	0	0	0	0	0	0	0	2	0	0	0	0	0	2	0	0	0
M01896:14:000000000-A7ERE:1:2116:14825:17273	0	0	0	0	0	0	0	0	0	0	2	0	0	0	0	0	2	0	0	0
M01896:15:000000000-A7EN9:1:2106:5834:4798	0	0	0	0	0	0	0	0	0	0	2	0	0	0	0	0	3	0	1	1
M01896:15:000000000-A7EN9:1:2117:22902:15662	0	0	0	0	0	0	0	0	0	0	2	0	0	0	0	1	2	0	0	0
M01896:15:000000000-A7EN9:1:1116:2974:10929	0	0	0	0	0	0	0	0	0	0	2	0	0	0	0	0	2	0	3	1
M01896:14:000000000-A7ERE:1:2102:13705:19575	0	0	0	0	0	0	0	0	0	0	4	2	4	5	0	15	13	1	19	6
M01896:15:000000000-A7EN9:1:1116:19555:20501	0	0	0	0	0	0	0	0	0	0	2	0	0	0	0	1	2	0	1	0
M01896:14:000000000-A7ERE:1:1105:13821:4900	0	0	0	0	0	0	0	0	0	0	2	0	0	0	0	0	2	0	0	0
M01896:15:000000000-A7EN9:1:1107:25564:21582	0	0	0	0	0	0	0	0	0	0	2	0	0	0	0	0	2	0	0	0
M01896:14:000000000-A7ERE:1:2111:3577:17785	0	0	0	0	0	0	0	0	0	0	2	0	0	0	0	0	2	0	0	0
M00595:54:000000000-A7CT0:1:1109:21265:23447	0	0	0	0	0	0	0	0	0	0	0	5	0	2	0	3	7	2	15	6
M01896:2:000000000-A69JN:1:1101:26656:12599	0	0	0	0	0	0	0	0	0	0	0	3	0	0	0	1	1	0	5	4
M00595:54:000000000-A7CT0:1:2102:18420:16943	0	0	0	0	0	0	0	0	0	0	0	2	0	0	0	0	0	0	0	2
M01896:15:000000000-A7EN9:1:1111:12936:3763	0	0	0	0	0	0	0	0	0	0	0	2	0	0	0	1	0	0	0	2
M00595:54:000000000-A7CT0:1:2114:20658:8731	0	0	0	0	0	0	0	0	0	0	0	2	0	0	0	0	0	0	1	2
M00595:54:000000000-A7CT0:1:1103:15748:16662	0	0	0	0	0	0	0	0	0	0	0	2	0	0	0	0	0	0	0	2
M00595:54:000000000-A7CT0:1:1108:16182:16060	0	0	0	0	0	0	0	0	0	0	0	2	0	0	0	0	0	0	0	2
M00595:54:000000000-A7CT0:1:1110:21561:16142	0	0	0	0	0	0	0	0	0	0	0	4	0	0	0	3	2	2	5	5
M00595:54:000000000-A7CT0:1:1104:12227:20687	0	0	0	0	0	0	0	0	0	0	0	2	0	0	0	1	0	0	3	2
M00595:54:000000000-A7CT0:1:2113:10079:12919	0	0	0	0	0	0	0	0	0	0	0	2	0	0	0	0	1	0	0	3
M00595:54:000000000-A7CT0:1:1106:22948:22687	0	0	0	0	0	0	0	0	0	0	0	2	0	0	0	0	0	0	0	2
M00595:54:000000000-A7CT0:1:1114:11790:5891	0	0	0	0	0	0	0	0	0	0	0	2	0	0	0	0	0	0	0	3
M00595:54:000000000-A7CT0:1:1115:8532:17625	0	0	0	0	0	0	0	0	0	0	0	2	0	0	0	2	2	0	0	4
M00595:54:000000000-A7CT0:1:2106:18067:15346	0	0	0	0	0	0	0	0	0	0	0	2	0	0	0	0	0	0	0	2
M00595:54:000000000-A7CT0:1:1117:16062:17358	0	0	0	0	0	0	0	0	0	0	0	2	0	0	0	1	2	0	3	5
M00595:54:000000000-A7CT0:1:1112:4770:9215	0	0	0	0	0	0	0	0	0	0	0	2	0	0	0	0	0	0	1	2
M00595:54:000000000-A7CT0:1:2106:15781:19472	0	0	0	0	0	0	0	0	0	0	0	2	0	0	0	0	0	0	0	2
M00595:54:000000000-A7CT0:1:2110:12641:4255	0	0	0	0	0	0	0	0	0	0	0	2	0	0	0	0	1	0	1	2
M00595:54:000000000-A7CT0:1:2104:24878:11017	0	0	0	0	0	0	0	0	0	0	0	2	0	0	0	0	0	0	1	3
M00595:54:000000000-A7CT0:1:1110:13064:22105	0	0	0	0	0	0	0	0	0	0	0	2	0	0	0	0	0	0	0	2
M00595:54:000000000-A7CT0:1:2112:16876:3357	0	0	0	0	0	0	0	0	0	0	0	2	0	0	0	1	0	0	3	3
M00595:54:000000000-A7CT0:1:1111:13141:21497	0	0	0	0	0	0	0	0	0	0	0	2	0	0	0	0	0	0	0	2
M01896:2:000000000-A69JN:1:2112:16225:15844	0	0	0	0	0	0	0	0	0	0	0	2	0	0	0	1	1	0	4	6
M00595:54:000000000-A7CT0:1:1111:13249:18910	0	0	0	0	0	0	0	0	0	0	0	2	0	0	0	0	0	0	0	2
M01896:2:000000000-A69JN:1:1110:11467:15766	0	0	0	0	0	0	0	0	0	0	0	0	9	14	0	10	3	0	19	2
M01896:2:000000000-A69JN:1:2104:24885:12428	0	0	0	0	0	0	0	0	0	0	0	0	5	0	0	10	7	0	12	0
M01896:14:000000000-A7ERE:1:2101:20234:24967	0	0	0	0	0	0	0	0	0	0	0	0	2	0	0	2	0	0	0	0
M01896:14:000000000-A7ERE:1:1110:2868:12458	0	0	0	0	0	0	0	0	0	0	0	0	2	0	0	5	0	0	1	0
M01896:15:000000000-A7EN9:1:2105:7890:20238	0	0	0	0	0	0	0	0	0	0	0	0	2	0	0	3	0	0	0	0
M01896:15:000000000-A7EN9:1:1113:26470:7482	0	0	0	0	0	0	0	0	0	0	0	0	2	0	0	3	0	0	0	0
M01896:15:000000000-A7EN9:1:2117:8027:10934	0	0	0	0	0	0	0	0	0	0	0	0	2	0	0	2	0	0	3	1
M01896:15:000000000-A7EN9:1:2110:17909:3228	0	0	0	0	0	0	0	0	0	0	0	0	2	0	0	3	1	0	1	2
M01896:15:000000000-A7EN9:1:2114:23811:11737	0	0	0	0	0	0	0	0	0	0	0	0	2	0	0	2	0	0	0	0
M01896:15:000000000-A7EN9:1:1107:9247:17517	0	0	0	0	0	0	0	0	0	0	0	0	2	0	0	3	2	0	0	2
M01896:14:000000000-A7ERE:1:2118:9671:23989	0	0	0	0	0	0	0	0	0	0	0	0	2	0	0	2	0	0	1	1
M01896:15:000000000-A7EN9:1:1105:18225:10644	0	0	0	0	0	0	0	0	0	0	0	0	2	0	0	2	0	0	0	0
M01896:15:000000000-A7EN9:1:2115:19603:13863	0	0	0	0	0	0	0	0	0	0	0	0	2	0	0	2	0	0	0	0
M01896:14:000000000-A7ERE:1:2104:10876:2621	0	0	0	0	0	0	0	0	0	0	0	0	2	0	0	2	0	0	0	0
M01896:14:000000000-A7ERE:1:2105:6888:14967	0	0	0	0	0	0	0	0	0	0	0	0	2	0	0	3	0	0	2	0
M00595:42:000000000-A5J1T:1:2110:20855:15915	0	0	0	0	0	0	0	0	0	0	0	0	0	15	0	7	6	3	35	7
M01896:2:000000000-A69JN:1:2103:14828:10004	0	0	0	0	0	0	0	0	0	0	0	0	0	12	0	6	8	5	32	2
M01896:2:000000000-A69JN:1:2103:25690:21493	0	0	0	0	0	0	0	0	0	0	0	0	0	11	0	12	5	0	21	3
M00595:54:000000000-A7CT0:1:1116:14334:4764	0	0	0	0	0	0	0	0	0	0	0	0	0	7	0	6	5	2	25	2
M01896:14:000000000-A7ERE:1:1102:8492:12586	0	0	0	0	0	0	0	0	0	0	0	0	0	8	0	6	5	2	18	7
M00595:54:000000000-A7CT0:1:1108:11656:15329	0	0	0	0	0	0	0	0	0	0	0	0	0	5	0	7	6	0	11	5
M01896:2:000000000-A69JN:1:1103:7924:6488	0	0	0	0	0	0	0	0	0	0	0	0	0	3	0	0	0	0	3	0
M01896:2:000000000-A69JN:1:2114:15905:19619	0	0	0	0	0	0	0	0	0	0	0	0	0	5	0	2	2	0	9	1
M01896:2:000000000-A69JN:1:2107:10592:7890	0	0	0	0	0	0	0	0	0	0	0	0	0	3	0	0	0	0	3	0
M01896:2:000000000-A69JN:1:2102:22687:20047	0	0	0	0	0	0	0	0	0	0	0	0	0	3	0	0	1	0	4	0
M01896:2:000000000-A69JN:1:2116:14433:7540	0	0	0	0	0	0	0	0	0	0	0	0	0	3	0	4	0	1	7	2
M01896:2:000000000-A69JN:1:1104:10571:13309	0	0	0	0	0	0	0	0	0	0	0	0	0	3	0	1	0	0	3	0
M01896:2:000000000-A69JN:1:2106:20214:16787	0	0	0	0	0	0	0	0	0	0	0	0	0	2	0	0	0	0	2	0
M01896:2:000000000-A69JN:1:2114:10151:12496	0	0	0	0	0	0	0	0	0	0	0	0	0	2	0	0	3	0	2	0
M01896:2:000000000-A69JN:1:2101:11473:15006	0	0	0	0	0	0	0	0	0	0	0	0	0	2	0	0	0	0	2	0
M01896:2:000000000-A69JN:1:1105:26902:11439	0	0	0	0	0	0	0	0	0	0	0	0	0	2	0	0	0	0	2	0
M01896:2:000000000-A69JN:1:1102:25874:20054	0	0	0	0	0	0	0	0	0	0	0	0	0	2	0	0	0	0	2	0
M01896:2:000000000-A69JN:1:2115:19680:21078	0	0	0	0	0	0	0	0	0	0	0	0	0	2	0	1	2	0	3	0
M01896:2:000000000-A69JN:1:2116:27716:17975	0	0	0	0	0	0	0	0	0	0	0	0	0	2	0	0	0	0	2	0
M01896:2:000000000-A69JN:1:1103:3191:8992	0	0	0	0	0	0	0	0	0	0	0	0	0	2	0	0	0	0	3	0
M01896:2:000000000-A69JN:1:2113:16093:14427	0	0	0	0	0	0	0	0	0	0	0	0	0	2	0	0	1	0	2	0
M01896:2:000000000-A69JN:1:2103:24062:3734	0	0	0	0	0	0	0	0	0	0	0	0	0	2	0	0	0	0	2	0
M01896:2:000000000-A69JN:1:2115:11754:14914	0	0	0	0	0	0	0	0	0	0	0	0	0	2	0	0	0	0	2	0
M01896:2:000000000-A69JN:1:1107:22734:4817	0	0	0	0	0	0	0	0	0	0	0	0	0	2	0	0	0	0	7	1
M01896:2:000000000-A69JN:1:1110:4176:15338	0	0	0	0	0	0	0	0	0	0	0	0	0	2	0	0	0	0	2	0
M01896:2:000000000-A69JN:1:2116:25161:8776	0	0	0	0	0	0	0	0	0	0	0	0	0	2	0	0	0	0	2	0
M01896:2:000000000-A69JN:1:2101:21256:12794	0	0	0	0	0	0	0	0	0	0	0	0	0	2	0	0	0	0	2	0
M01896:2:000000000-A69JN:1:1119:5635:9914	0	0	0	0	0	0	0	0	0	0	0	0	0	6	0	6	8	2	36	4
M01896:2:000000000-A69JN:1:1105:11398:18602	0	0	0	0	0	0	0	0	0	0	0	0	0	4	0	0	0	0	4	2
M01896:2:000000000-A69JN:1:1118:17383:12098	0	0	0	0	0	0	0	0	0	0	0	0	0	2	0	0	1	0	2	1
M01896:2:000000000-A69JN:1:1108:7437:22171	0	0	0	0	0	0	0	0	0	0	0	0	0	2	0	0	0	0	2	0
M01896:2:000000000-A69JN:1:1113:4189:10209	0	0	0	0	0	0	0	0	0	0	0	0	0	2	0	1	0	0	4	1
M01896:2:000000000-A69JN:1:2106:13200:18192	0	0	0	0	0	0	0	0	0	0	0	0	0	2	0	0	0	0	2	0
M01896:2:000000000-A69JN:1:2119:7208:3933	0	0	0	0	0	0	0	0	0	0	0	0	0	4	0	1	1	1	9	0
M01896:2:000000000-A69JN:1:1108:23439:9211	0	0	0	0	0	0	0	0	0	0	0	0	0	2	0	3	2	0	5	2
M01896:2:000000000-A69JN:1:2103:13828:17798	0	0	0	0	0	0	0	0	0	0	0	0	0	2	0	1	0	0	2	0
M01896:2:000000000-A69JN:1:2119:3361:14260	0	0	0	0	0	0	0	0	0	0	0	0	0	2	0	4	1	0	12	2
M01896:2:000000000-A69JN:1:1113:18815:3720	0	0	0	0	0	0	0	0	0	0	0	0	0	2	0	0	0	0	5	0
M01896:2:000000000-A69JN:1:1101:19240:8113	0	0	0	0	0	0	0	0	0	0	0	0	0	2	0	0	1	0	3	1
M01896:2:000000000-A69JN:1:1117:8554:19707	0	0	0	0	0	0	0	0	0	0	0	0	0	2	0	2	0	0	3	0
M01896:2:000000000-A69JN:1:1119:13044:9124	0	0	0	0	0	0	0	0	0	0	0	0	0	2	0	0	1	0	5	0
M01896:2:000000000-A69JN:1:1115:6930:21719	0	0	0	0	0	0	0	0	0	0	0	0	0	2	0	0	0	0	2	0
M01896:2:000000000-A69JN:1:2108:10868:19583	0	0	0	0	0	0	0	0	0	0	0	0	0	2	0	1	0	0	3	1
M01896:2:000000000-A69JN:1:2111:4861:18512	0	0	0	0	0	0	0	0	0	0	0	0	0	4	0	0	0	0	5	0
M01896:2:000000000-A69JN:1:2102:27616:13527	0	0	0	0	0	0	0	0	0	0	0	0	0	4	0	1	0	0	7	0
M01896:2:000000000-A69JN:1:1108:4585:18038	0	0	0	0	0	0	0	0	0	0	0	0	0	2	0	0	0	0	2	0
M01896:15:000000000-A7EN9:1:1105:4859:11991	0	0	0	0	0	0	0	0	0	0	0	0	0	4	0	4	9	3	11	2
M01896:2:000000000-A69JN:1:1118:17503:7310	0	0	0	0	0	0	0	0	0	0	0	0	0	2	0	0	0	0	4	2
M01896:2:000000000-A69JN:1:2103:9045:5264	0	0	0	0	0	0	0	0	0	0	0	0	0	2	0	0	0	0	2	0
M01896:2:000000000-A69JN:1:1109:14040:19316	0	0	0	0	0	0	0	0	0	0	0	0	0	2	0	0	1	1	5	1
M01896:2:000000000-A69JN:1:2104:21644:5379	0	0	0	0	0	0	0	0	0	0	0	0	0	2	0	2	0	0	3	0
M01896:2:000000000-A69JN:1:1116:15417:3566	0	0	0	0	0	0	0	0	0	0	0	0	0	2	0	0	0	1	3	0
M01896:2:000000000-A69JN:1:1111:12513:16783	0	0	0	0	0	0	0	0	0	0	0	0	0	2	0	1	0	0	3	1
M01896:2:000000000-A69JN:1:1113:4834:19171	0	0	0	0	0	0	0	0	0	0	0	0	0	2	0	0	0	0	2	0
M01896:2:000000000-A69JN:1:2117:6772:18468	0	0	0	0	0	0	0	0	0	0	0	0	0	2	0	0	0	0	4	1
M01896:2:000000000-A69JN:1:1107:6050:16886	0	0	0	0	0	0	0	0	0	0	0	0	0	2	0	1	1	0	7	2
M00595:42:000000000-A5J1T:1:1113:10043:22045	0	0	0	0	0	0	0	0	0	0	0	0	0	0	2	0	0	2	0	0
M01896:15:000000000-A7EN9:1:1114:25506:11924	0	0	0	0	0	0	0	0	0	0	0	0	0	0	0	5	4	1	3	1
M01896:2:000000000-A69JN:1:2112:6076:14261	0	0	0	0	0	0	0	0	0	0	0	0	0	0	0	2	6	1	6	4
M01896:14:000000000-A7ERE:1:1106:4420:8006	0	0	0	0	0	0	0	0	0	0	0	0	0	0	0	4	4	0	0	0
M00595:54:000000000-A7CT0:1:1107:19391:14143	0	0	0	0	0	0	0	0	0	0	0	0	0	0	0	2	2	1	3	1
M01896:2:000000000-A69JN:1:2101:9897:7360	0	0	0	0	0	0	0	0	0	0	0	0	0	0	0	3	0	0	3	0
M01896:14:000000000-A7ERE:1:1103:7050:8632	0	0	0	0	0	0	0	0	0	0	0	0	0	0	0	5	1	0	7	1
M01896:14:000000000-A7ERE:1:1104:23082:8328	0	0	0	0	0	0	0	0	0	0	0	0	0	0	0	2	0	1	0	1
M01896:2:000000000-A69JN:1:2112:15209:16436	0	0	0	0	0	0	0	0	0	0	0	0	0	0	0	3	1	0	2	1
M01896:15:000000000-A7EN9:1:1101:25918:16438	0	0	0	0	0	0	0	0	0	0	0	0	0	0	0	2	4	0	1	3
M01896:2:000000000-A69JN:1:1118:10124:13896	0	0	0	0	0	0	0	0	0	0	0	0	0	0	0	5	0	0	3	0
M01896:14:000000000-A7ERE:1:1107:9192:24074	0	0	0	0	0	0	0	0	0	0	0	0	0	0	0	1	0	1	0	0
M00595:42:000000000-A5J1T:1:2116:13776:15358	0	0	0	0	0	0	0	0	0	0	0	0	0	0	0	7	5	1	7	0
M01896:2:000000000-A69JN:1:2116:11369:15335	0	0	0	0	0	0	0	0	0	0	0	0	0	0	0	4	7	3	4	1
M01896:2:000000000-A69JN:1:2114:15211:2267	0	0	0	0	0	0	0	0	0	0	0	0	0	0	0	1	1	0	8	0
M01896:2:000000000-A69JN:1:2110:10713:7408	0	0	0	0	0	0	0	0	0	0	0	0	0	0	0	5	3	0	15	3
M00595:54:000000000-A7CT0:1:1107:9449:5941	0	0	0	0	0	0	0	0	0	0	0	0	0	0	0	1	2	1	1	3
M00595:54:000000000-A7CT0:1:1118:22225:11255	0	0	0	0	0	0	0	0	0	0	0	0	0	0	0	2	3	3	8	2
M01896:2:000000000-A69JN:1:1105:24721:11288	0	0	0	0	0	0	0	0	0	0	0	0	0	0	0	2	0	0	4	0
M01896:2:000000000-A69JN:1:1113:21023:24486	0	0	0	0	0	0	0	0	0	0	0	0	0	0	0	1	3	0	8	3
M01896:2:000000000-A69JN:1:1112:26759:8530	0	0	0	0	0	0	0	0	0	0	0	0	0	0	0	8	1	1	14	0
M01896:14:000000000-A7ERE:1:1114:24898:5869	0	0	0	0	0	0	0	0	0	0	0	0	0	0	0	2	1	0	2	0
M01896:14:000000000-A7ERE:1:2117:10122:5823	0	0	0	0	0	0	0	0	0	0	0	0	0	0	0	2	1	0	0	0
M01896:2:000000000-A69JN:1:2110:11082:11415	0	0	0	0	0	0	0	0	0	0	0	0	0	0	0	2	1	0	2	0
M01896:15:000000000-A7EN9:1:1114:5363:8446	0	0	0	0	0	0	0	0	0	0	0	0	0	0	0	2	3	1	5	2
M01896:14:000000000-A7ERE:1:1116:18677:15650	0	0	0	0	0	0	0	0	0	0	0	0	0	0	0	4	0	0	3	1
M01896:2:000000000-A69JN:1:2105:22301:20306	0	0	0	0	0	0	0	0	0	0	0	0	0	0	0	4	3	2	12	1
M01896:2:000000000-A69JN:1:2118:5397:22233	0	0	0	0	0	0	0	0	0	0	0	0	0	0	0	2	2	2	2	0
M01896:14:000000000-A7ERE:1:1118:12011:13471	0	0	0	0	0	0	0	0	0	0	0	0	0	0	0	3	1	0	6	2
M01896:15:000000000-A7EN9:1:1111:13056:13718	0	0	0	0	0	0	0	0	0	0	0	0	0	0	0	2	2	0	6	1
M01896:14:000000000-A7ERE:1:1113:22771:8941	0	0	0	0	0	0	0	0	0	0	0	0	0	0	0	7	7	0	9	4
M01896:2:000000000-A69JN:1:2101:8287:8535	0	0	0	0	0	0	0	0	0	0	0	0	0	0	0	3	0	0	5	1
M01896:2:000000000-A69JN:1:1116:16568:10551	0	0	0	0	0	0	0	0	0	0	0	0	0	0	0	3	5	0	16	0
M00595:54:000000000-A7CT0:1:2118:21635:10035	0	0	0	0	0	0	0	0	0	0	0	0	0	0	0	2	1	0	4	2
M01896:2:000000000-A69JN:1:1115:3428:15691	0	0	0	0	0	0	0	0	0	0	0	0	0	0	0	1	0	0	4	0
M01896:14:000000000-A7ERE:1:2115:7741:11375	0	0	0	0	0	0	0	0	0	0	0	0	0	0	0	5	5	0	9	3
M01896:14:000000000-A7ERE:1:2108:16294:6445	0	0	0	0	0	0	0	0	0	0	0	0	0	0	0	1	0	0	0	1
M01896:15:000000000-A7EN9:1:2107:21072:10734	0	0	0	0	0	0	0	0	0	0	0	0	0	0	0	4	1	1	8	2
M00595:54:000000000-A7CT0:1:2113:9827:14926	0	0	0	0	0	0	0	0	0	0	0	0	0	0	0	1	1	0	3	1
M01896:2:000000000-A69JN:1:2109:10529:11329	0	0	0	0	0	0	0	0	0	0	0	0	0	0	0	2	0	4	4	2
M01896:2:000000000-A69JN:1:1113:14827:14171	0	0	0	0	0	0	0	0	0	0	0	0	0	0	0	3	2	0	5	3
M01896:14:000000000-A7ERE:1:2112:7233:2845	0	0	0	0	0	0	0	0	0	0	0	0	0	0	0	2	1	0	1	0
M01896:14:000000000-A7ERE:1:2118:8017:24389	0	0	0	0	0	0	0	0	0	0	0	0	0	0	0	2	0	1	0	0
M01896:15:000000000-A7EN9:1:2106:21659:11022	0	0	0	0	0	0	0	0	0	0	0	0	0	0	0	4	2	0	4	0
M01896:14:000000000-A7ERE:1:2114:22050:11722	0	0	0	0	0	0	0	0	0	0	0	0	0	0	0	2	2	1	3	0
M01896:2:000000000-A69JN:1:2115:12392:23546	0	0	0	0	0	0	0	0	0	0	0	0	0	0	0	1	1	0	3	1
M01896:2:000000000-A69JN:1:2119:25010:21557	0	0	0	0	0	0	0	0	0	0	0	0	0	0	0	1	4	1	6	0
M00595:54:000000000-A7CT0:1:1106:12955:13975	0	0	0	0	0	0	0	0	0	0	0	0	0	0	0	4	2	0	7	2
M01896:14:000000000-A7ERE:1:2108:23256:20068	0	0	0	0	0	0	0	0	0	0	0	0	0	0	0	2	4	0	3	1
M01896:14:000000000-A7ERE:1:1105:25558:12209	0	0	0	0	0	0	0	0	0	0	0	0	0	0	0	6	5	0	5	2
M01896:2:000000000-A69JN:1:1105:20585:12342	0	0	0	0	0	0	0	0	0	0	0	0	0	0	0	4	2	0	12	2
M01896:14:000000000-A7ERE:1:1116:6759:13563	0	0	0	0	0	0	0	0	0	0	0	0	0	0	0	1	2	0	5	1
M01896:15:000000000-A7EN9:1:1101:6380:6336	0	0	0	0	0	0	0	0	0	0	0	0	0	0	0	1	0	0	1	2
M01896:15:000000000-A7EN9:1:1101:12657:21753	0	0	0	0	0	0	0	0	0	0	0	0	0	0	0	2	0	0	0	0
M01896:2:000000000-A69JN:1:1116:8606:13961	0	0	0	0	0	0	0	0	0	0	0	0	0	0	0	1	0	0	2	0
M01896:2:000000000-A69JN:1:2102:28189:18498	0	0	0	0	0	0	0	0	0	0	0	0	0	0	0	1	1	0	2	1
M01896:15:000000000-A7EN9:1:1102:21558:24518	0	0	0	0	0	0	0	0	0	0	0	0	0	0	0	2	0	0	0	0
M00595:54:000000000-A7CT0:1:1107:15726:12788	0	0	0	0	0	0	0	0	0	0	0	0	0	0	0	4	2	1	6	1
M01896:2:000000000-A69JN:1:2117:10249:18309	0	0	0	0	0	0	0	0	0	0	0	0	0	0	0	1	0	0	1	0
M00595:42:000000000-A5J1T:1:1117:17755:14407	0	0	0	0	0	0	0	0	0	0	0	0	0	0	0	4	4	1	3	0
M01896:2:000000000-A69JN:1:2105:22840:12576	0	0	0	0	0	0	0	0	0	0	0	0	0	0	0	3	1	1	7	3
M01896:14:000000000-A7ERE:1:2117:11822:7919	0	0	0	0	0	0	0	0	0	0	0	0	0	0	0	2	1	0	0	0
M01896:14:000000000-A7ERE:1:2106:4191:12423	0	0	0	0	0	0	0	0	0	0	0	0	0	0	0	2	3	3	10	0
M01896:15:000000000-A7EN9:1:2106:27106:18388	0	0	0	0	0	0	0	0	0	0	0	0	0	0	0	1	2	1	8	1
M01896:15:000000000-A7EN9:1:2118:16022:15579	0	0	0	0	0	0	0	0	0	0	0	0	0	0	0	3	0	0	0	0
M01896:2:000000000-A69JN:1:2103:9774:16280	0	0	0	0	0	0	0	0	0	0	0	0	0	0	0	2	4	0	6	0
M01896:2:000000000-A69JN:1:1101:25901:5149	0	0	0	0	0	0	0	0	0	0	0	0	0	0	0	2	1	2	8	0
M01896:2:000000000-A69JN:1:2109:15070:7717	0	0	0	0	0	0	0	0	0	0	0	0	0	0	0	3	1	1	7	0
M01896:15:000000000-A7EN9:1:1109:7517:7408	0	0	0	0	0	0	0	0	0	0	0	0	0	0	0	2	0	0	0	0
M01896:15:000000000-A7EN9:1:1109:28934:8629	0	0	0	0	0	0	0	0	0	0	0	0	0	0	0	1	0	0	0	0
M01896:15:000000000-A7EN9:1:1109:2652:16639	0	0	0	0	0	0	0	0	0	0	0	0	0	0	0	2	0	0	0	0
M01896:15:000000000-A7EN9:1:1109:15832:17104	0	0	0	0	0	0	0	0	0	0	0	0	0	0	0	2	6	1	7	1
M00595:42:000000000-A5J1T:1:1119:17185:3497	0	0	0	0	0	0	0	0	0	0	0	0	0	0	0	6	10	4	9	0
M01896:2:000000000-A69JN:1:2109:9178:14969	0	0	0	0	0	0	0	0	0	0	0	0	0	0	0	2	6	0	9	4
M01896:2:000000000-A69JN:1:2114:25012:8392	0	0	0	0	0	0	0	0	0	0	0	0	0	0	0	1	5	2	8	2
M00595:54:000000000-A7CT0:1:2104:9832:11680	0	0	0	0	0	0	0	0	0	0	0	0	0	0	0	1	0	0	4	1
M01896:2:000000000-A69JN:1:2114:19703:5914	0	0	0	0	0	0	0	0	0	0	0	0	0	0	0	1	1	1	2	0
M01896:2:000000000-A69JN:1:2105:13932:8217	0	0	0	0	0	0	0	0	0	0	0	0	0	0	0	2	1	0	13	2
M00595:54:000000000-A7CT0:1:2115:12373:15144	0	0	0	0	0	0	0	0	0	0	0	0	0	0	0	1	0	1	1	1
M01896:2:000000000-A69JN:1:2111:16228:8387	0	0	0	0	0	0	0	0	0	0	0	0	0	0	0	2	4	0	10	1
M01896:2:000000000-A69JN:1:2110:29194:12326	0	0	0	0	0	0	0	0	0	0	0	0	0	0	0	2	1	0	5	2
M01896:15:000000000-A7EN9:1:1116:6591:9673	0	0	0	0	0	0	0	0	0	0	0	0	0	0	0	2	0	0	0	0
M01896:2:000000000-A69JN:1:1108:18974:7069	0	0	0	0	0	0	0	0	0	0	0	0	0	0	0	5	0	0	4	1
M01896:2:000000000-A69JN:1:2103:19778:11536	0	0	0	0	0	0	0	0	0	0	0	0	0	0	0	4	0	0	5	1
M01896:2:000000000-A69JN:1:1102:22495:7754	0	0	0	0	0	0	0	0	0	0	0	0	0	0	0	1	2	1	19	1
M01896:2:000000000-A69JN:1:1108:19617:19271	0	0	0	0	0	0	0	0	0	0	0	0	0	0	0	3	2	0	7	1
M01896:2:000000000-A69JN:1:1119:4973:18041	0	0	0	0	0	0	0	0	0	0	0	0	0	0	0	1	1	0	3	0
M01896:14:000000000-A7ERE:1:1105:3585:10613	0	0	0	0	0	0	0	0	0	0	0	0	0	0	0	2	2	0	2	2
M01896:2:000000000-A69JN:1:2109:19199:10745	0	0	0	0	0	0	0	0	0	0	0	0	0	0	0	1	0	1	3	0
M01896:15:000000000-A7EN9:1:2107:18883:23566	0	0	0	0	0	0	0	0	0	0	0	0	0	0	0	2	0	0	3	0
M00595:54:000000000-A7CT0:1:1104:28386:8100	0	0	0	0	0	0	0	0	0	0	0	0	0	0	0	1	0	0	6	3
M01896:15:000000000-A7EN9:1:2109:2141:16220	0	0	0	0	0	0	0	0	0	0	0	0	0	0	0	2	1	0	1	1
M01896:2:000000000-A69JN:1:1107:6390:14995	0	0	0	0	0	0	0	0	0	0	0	0	0	0	0	1	1	0	4	0
M01896:2:000000000-A69JN:1:2111:2480:13134	0	0	0	0	0	0	0	0	0	0	0	0	0	0	0	2	0	1	3	2
M01896:2:000000000-A69JN:1:2116:21275:23162	0	0	0	0	0	0	0	0	0	0	0	0	0	0	0	3	2	0	5	1
M01896:15:000000000-A7EN9:1:2114:11121:18831	0	0	0	0	0	0	0	0	0	0	0	0	0	0	0	1	2	0	2	1
M00595:42:000000000-A5J1T:1:2117:10270:4616	0	0	0	0	0	0	0	0	0	0	0	0	0	0	0	2	1	1	2	0
M00595:54:000000000-A7CT0:1:1119:15655:17424	0	0	0	0	0	0	0	0	0	0	0	0	0	0	0	1	0	1	2	3
M01896:15:000000000-A7EN9:1:2111:11892:22488	0	0	0	0	0	0	0	0	0	0	0	0	0	0	0	3	4	1	16	3
M01896:2:000000000-A69JN:1:2117:20402:15958	0	0	0	0	0	0	0	0	0	0	0	0	0	0	0	3	6	0	11	1
M01896:2:000000000-A69JN:1:1118:22049:12256	0	0	0	0	0	0	0	0	0	0	0	0	0	0	0	1	3	0	5	0
M01896:15:000000000-A7EN9:1:2118:7410:19706	0	0	0	0	0	0	0	0	0	0	0	0	0	0	0	2	3	0	2	0
M01896:2:000000000-A69JN:1:2114:19892:19622	0	0	0	0	0	0	0	0	0	0	0	0	0	0	0	2	7	1	15	0
M01896:2:000000000-A69JN:1:1113:14758:15010	0	0	0	0	0	0	0	0	0	0	0	0	0	0	0	1	1	0	4	0
M01896:2:000000000-A69JN:1:1103:20896:9574	0	0	0	0	0	0	0	0	0	0	0	0	0	0	0	3	1	0	8	0
M01896:15:000000000-A7EN9:1:1101:24082:17886	0	0	0	0	0	0	0	0	0	0	0	0	0	0	0	3	1	0	0	1
M00595:54:000000000-A7CT0:1:1109:10335:10852	0	0	0	0	0	0	0	0	0	0	0	0	0	0	0	1	0	1	1	2
M00595:54:000000000-A7CT0:1:1111:17970:21162	0	0	0	0	0	0	0	0	0	0	0	0	0	0	0	1	0	0	1	3
M01896:14:000000000-A7ERE:1:1105:16167:18858	0	0	0	0	0	0	0	0	0	0	0	0	0	0	0	3	3	2	12	2
M01896:14:000000000-A7ERE:1:1105:7214:19226	0	0	0	0	0	0	0	0	0	0	0	0	0	0	0	1	1	0	1	0
M01896:2:000000000-A69JN:1:2114:16525:3802	0	0	0	0	0	0	0	0	0	0	0	0	0	0	0	5	3	0	3	0
M01896:2:000000000-A69JN:1:1101:18370:11625	0	0	0	0	0	0	0	0	0	0	0	0	0	0	0	1	0	0	2	0
M01896:15:000000000-A7EN9:1:2109:5774:17594	0	0	0	0	0	0	0	0	0	0	0	0	0	0	0	3	0	0	4	1
M01896:2:000000000-A69JN:1:1110:7792:22280	0	0	0	0	0	0	0	0	0	0	0	0	0	0	0	2	1	1	3	2
M00595:54:000000000-A7CT0:1:2107:16596:10675	0	0	0	0	0	0	0	0	0	0	0	0	0	0	0	1	3	0	1	4
M01896:14:000000000-A7ERE:1:1109:6646:15525	0	0	0	0	0	0	0	0	0	0	0	0	0	0	0	2	0	0	0	0
M01896:2:000000000-A69JN:1:1119:18358:14897	0	0	0	0	0	0	0	0	0	0	0	0	0	0	0	3	0	0	2	0
M00595:54:000000000-A7CT0:1:1103:23498:20445	0	0	0	0	0	0	0	0	0	0	0	0	0	0	0	4	1	2	0	4
M01896:2:000000000-A69JN:1:2116:17320:18690	0	0	0	0	0	0	0	0	0	0	0	0	0	0	0	1	2	1	8	0
M01896:14:000000000-A7ERE:1:1115:6275:8097	0	0	0	0	0	0	0	0	0	0	0	0	0	0	0	2	2	0	0	2
M01896:14:000000000-A7ERE:1:1117:14885:4259	0	0	0	0	0	0	0	0	0	0	0	0	0	0	0	2	0	1	3	1
M01896:2:000000000-A69JN:1:2117:15657:7500	0	0	0	0	0	0	0	0	0	0	0	0	0	0	0	1	0	1	1	0
M01896:14:000000000-A7ERE:1:1117:5452:15182	0	0	0	0	0	0	0	0	0	0	0	0	0	0	0	2	0	0	0	0
M00595:42:000000000-A5J1T:1:1101:20726:15815	0	0	0	0	0	0	0	0	0	0	0	0	0	0	0	3	0	2	0	4
M01896:14:000000000-A7ERE:1:2102:12563:18790	0	0	0	0	0	0	0	0	0	0	0	0	0	0	0	2	1	0	1	0
M01896:2:000000000-A69JN:1:2116:5887:3750	0	0	0	0	0	0	0	0	0	0	0	0	0	0	0	2	1	0	15	0
M01896:2:000000000-A69JN:1:1109:16623:24082	0	0	0	0	0	0	0	0	0	0	0	0	0	0	0	1	0	0	2	0
M01896:2:000000000-A69JN:1:1116:26579:11408	0	0	0	0	0	0	0	0	0	0	0	0	0	0	0	1	1	0	5	1
M01896:2:000000000-A69JN:1:2117:26457:7039	0	0	0	0	0	0	0	0	0	0	0	0	0	0	0	1	1	0	3	0
M01896:2:000000000-A69JN:1:2111:20958:23761	0	0	0	0	0	0	0	0	0	0	0	0	0	0	0	2	0	1	6	0
M00595:54:000000000-A7CT0:1:1109:19253:17423	0	0	0	0	0	0	0	0	0	0	0	0	0	0	0	1	1	0	2	4
M00595:42:000000000-A5J1T:1:1119:10743:5076	0	0	0	0	0	0	0	0	0	0	0	0	0	0	0	1	0	1	1	1
M01896:2:000000000-A69JN:1:2110:9039:17534	0	0	0	0	0	0	0	0	0	0	0	0	0	0	0	2	1	1	3	0
M01896:2:000000000-A69JN:1:1104:11918:9092	0	0	0	0	0	0	0	0	0	0	0	0	0	0	0	1	0	0	2	0
M01896:2:000000000-A69JN:1:1118:15263:15628	0	0	0	0	0	0	0	0	0	0	0	0	0	0	0	1	4	1	12	0
M01896:14:000000000-A7ERE:1:2112:14526:14896	0	0	0	0	0	0	0	0	0	0	0	0	0	0	0	1	2	1	0	1
M01896:2:000000000-A69JN:1:2111:8528:13581	0	0	0	0	0	0	0	0	0	0	0	0	0	0	0	1	2	0	2	2
M01896:2:000000000-A69JN:1:1119:4606:19133	0	0	0	0	0	0	0	0	0	0	0	0	0	0	0	1	1	0	4	0
M01896:2:000000000-A69JN:1:2116:8377:14837	0	0	0	0	0	0	0	0	0	0	0	0	0	0	0	1	2	0	5	1
M01896:15:000000000-A7EN9:1:1109:26647:8238	0	0	0	0	0	0	0	0	0	0	0	0	0	0	0	1	0	0	2	0
M00595:54:000000000-A7CT0:1:2106:13501:20104	0	0	0	0	0	0	0	0	0	0	0	0	0	0	0	1	0	0	0	4
M01896:15:000000000-A7EN9:1:1111:17270:16030	0	0	0	0	0	0	0	0	0	0	0	0	0	0	0	1	0	0	0	1
M01896:15:000000000-A7EN9:1:1111:7170:20999	0	0	0	0	0	0	0	0	0	0	0	0	0	0	0	2	2	1	1	1
M01896:2:000000000-A69JN:1:2115:13423:11609	0	0	0	0	0	0	0	0	0	0	0	0	0	0	0	1	1	0	7	1
M01896:2:000000000-A69JN:1:2115:6070:8173	0	0	0	0	0	0	0	0	0	0	0	0	0	0	0	1	0	0	2	0
M01896:2:000000000-A69JN:1:2112:28531:11176	0	0	0	0	0	0	0	0	0	0	0	0	0	0	0	1	0	0	2	0
M01896:2:000000000-A69JN:1:1110:8898:11781	0	0	0	0	0	0	0	0	0	0	0	0	0	0	0	1	0	0	1	1
M01896:2:000000000-A69JN:1:1108:16423:20271	0	0	0	0	0	0	0	0	0	0	0	0	0	0	0	2	9	1	17	0
M01896:15:000000000-A7EN9:1:1118:26126:13697	0	0	0	0	0	0	0	0	0	0	0	0	0	0	0	1	2	0	3	1
M01896:15:000000000-A7EN9:1:2107:20643:11604	0	0	0	0	0	0	0	0	0	0	0	0	0	0	0	2	0	0	0	0
M01896:15:000000000-A7EN9:1:2109:12212:16802	0	0	0	0	0	0	0	0	0	0	0	0	0	0	0	1	0	0	2	0
M01896:14:000000000-A7ERE:1:1112:26764:8451	0	0	0	0	0	0	0	0	0	0	0	0	0	0	0	1	3	1	4	1
M01896:2:000000000-A69JN:1:2119:18922:18406	0	0	0	0	0	0	0	0	0	0	0	0	0	0	0	1	0	0	3	0
M01896:15:000000000-A7EN9:1:1109:21472:6172	0	0	0	0	0	0	0	0	0	0	0	0	0	0	0	1	5	0	3	0
M01896:14:000000000-A7ERE:1:1113:23380:21765	0	0	0	0	0	0	0	0	0	0	0	0	0	0	0	1	1	0	0	0
M01896:2:000000000-A69JN:1:2103:13074:10161	0	0	0	0	0	0	0	0	0	0	0	0	0	0	0	1	0	0	3	1
M01896:2:000000000-A69JN:1:2109:9046:8202	0	0	0	0	0	0	0	0	0	0	0	0	0	0	0	1	0	0	4	0
M01896:2:000000000-A69JN:1:2111:4529:6706	0	0	0	0	0	0	0	0	0	0	0	0	0	0	0	0	3	0	4	1
M01896:2:000000000-A69JN:1:1103:13407:14766	0	0	0	0	0	0	0	0	0	0	0	0	0	0	0	0	2	4	4	0
M01896:2:000000000-A69JN:1:1107:25489:22024	0	0	0	0	0	0	0	0	0	0	0	0	0	0	0	0	1	0	2	0
M01896:2:000000000-A69JN:1:1102:25978:3889	0	0	0	0	0	0	0	0	0	0	0	0	0	0	0	0	2	0	4	1
M01896:2:000000000-A69JN:1:2102:16058:19184	0	0	0	0	0	0	0	0	0	0	0	0	0	0	0	0	1	0	4	0
M01896:2:000000000-A69JN:1:1116:14093:17816	0	0	0	0	0	0	0	0	0	0	0	0	0	0	0	0	1	0	2	0
M01896:2:000000000-A69JN:1:2107:11891:15924	0	0	0	0	0	0	0	0	0	0	0	0	0	0	0	0	1	0	4	0
M01896:14:000000000-A7ERE:1:1115:12254:20400	0	0	0	0	0	0	0	0	0	0	0	0	0	0	0	0	2	0	0	0
M01896:2:000000000-A69JN:1:1118:6060:23058	0	0	0	0	0	0	0	0	0	0	0	0	0	0	0	0	2	0	3	1
M01896:2:000000000-A69JN:1:1107:6537:11317	0	0	0	0	0	0	0	0	0	0	0	0	0	0	0	0	2	0	1	1
M01896:2:000000000-A69JN:1:1103:26921:13502	0	0	0	0	0	0	0	0	0	0	0	0	0	0	0	0	1	0	2	0
M00595:54:000000000-A7CT0:1:2106:7901:10966	0	0	0	0	0	0	0	0	0	0	0	0	0	0	0	0	2	0	0	4
M01896:2:000000000-A69JN:1:2115:13271:8354	0	0	0	0	0	0	0	0	0	0	0	0	0	0	0	0	3	0	2	1
M01896:14:000000000-A7ERE:1:2113:5794:4306	0	0	0	0	0	0	0	0	0	0	0	0	0	0	0	0	2	0	0	0
M01896:2:000000000-A69JN:1:1113:24621:17008	0	0	0	0	0	0	0	0	0	0	0	0	0	0	0	0	3	0	3	0
M01896:2:000000000-A69JN:1:1115:15591:12325	0	0	0	0	0	0	0	0	0	0	0	0	0	0	0	0	1	0	2	0
M01896:2:000000000-A69JN:1:2116:26639:9322	0	0	0	0	0	0	0	0	0	0	0	0	0	0	0	0	2	1	2	0
M00595:54:000000000-A7CT0:1:1116:14352:10224	0	0	0	0	0	0	0	0	0	0	0	0	0	0	0	0	1	0	0	1
M01896:15:000000000-A7EN9:1:1101:6569:4636	0	0	0	0	0	0	0	0	0	0	0	0	0	0	0	0	2	0	2	2
M01896:2:000000000-A69JN:1:2115:20159:20997	0	0	0	0	0	0	0	0	0	0	0	0	0	0	0	0	1	0	4	0
M01896:2:000000000-A69JN:1:2117:10441:17348	0	0	0	0	0	0	0	0	0	0	0	0	0	0	0	0	3	1	4	2
M01896:15:000000000-A7EN9:1:1104:3926:6919	0	0	0	0	0	0	0	0	0	0	0	0	0	0	0	0	2	0	0	0
M01896:15:000000000-A7EN9:1:1108:18594:19770	0	0	0	0	0	0	0	0	0	0	0	0	0	0	0	0	1	0	1	0
M01896:15:000000000-A7EN9:1:1113:27382:13498	0	0	0	0	0	0	0	0	0	0	0	0	0	0	0	0	2	0	1	0
M01896:2:000000000-A69JN:1:1113:8661:6817	0	0	0	0	0	0	0	0	0	0	0	0	0	0	0	0	3	0	6	0
M01896:2:000000000-A69JN:1:2116:11377:9192	0	0	0	0	0	0	0	0	0	0	0	0	0	0	0	0	2	0	3	2
M01896:2:000000000-A69JN:1:1109:14124:16518	0	0	0	0	0	0	0	0	0	0	0	0	0	0	0	0	1	0	2	1
M01896:2:000000000-A69JN:1:1104:13235:17400	0	0	0	0	0	0	0	0	0	0	0	0	0	0	0	0	1	0	1	3
M01896:15:000000000-A7EN9:1:2107:14896:4620	0	0	0	0	0	0	0	0	0	0	0	0	0	0	0	0	2	0	0	0
M00595:42:000000000-A5J1T:1:1110:27893:18199	0	0	0	0	0	0	0	0	0	0	0	0	0	0	0	0	2	1	7	1
M01896:15:000000000-A7EN9:1:2108:3230:6948	0	0	0	0	0	0	0	0	0	0	0	0	0	0	0	0	2	1	4	0
M00595:54:000000000-A7CT0:1:1102:9202:16212	0	0	0	0	0	0	0	0	0	0	0	0	0	0	0	0	1	0	2	2
M01896:14:000000000-A7ERE:1:1108:7589:4141	0	0	0	0	0	0	0	0	0	0	0	0	0	0	0	0	2	0	0	0
M00595:54:000000000-A7CT0:1:1119:13399:22036	0	0	0	0	0	0	0	0	0	0	0	0	0	0	0	0	1	0	1	2
M01896:14:000000000-A7ERE:1:1113:10785:20929	0	0	0	0	0	0	0	0	0	0	0	0	0	0	0	0	1	0	1	0
M01896:2:000000000-A69JN:1:1118:22502:6743	0	0	0	0	0	0	0	0	0	0	0	0	0	0	0	0	1	1	6	0
M01896:14:000000000-A7ERE:1:2112:3683:10894	0	0	0	0	0	0	0	0	0	0	0	0	0	0	0	0	2	1	0	1
M01896:2:000000000-A69JN:1:1104:13752:22249	0	0	0	0	0	0	0	0	0	0	0	0	0	0	0	0	2	0	2	0
M01896:2:000000000-A69JN:1:2107:20837:2318	0	0	0	0	0	0	0	0	0	0	0	0	0	0	0	0	2	0	3	0
M01896:2:000000000-A69JN:1:2106:3369:9003	0	0	0	0	0	0	0	0	0	0	0	0	0	0	0	0	1	1	4	0
M01896:2:000000000-A69JN:1:1104:25436:4166	0	0	0	0	0	0	0	0	0	0	0	0	0	0	0	0	1	0	11	0
M01896:14:000000000-A7ERE:1:2117:24327:6770	0	0	0	0	0	0	0	0	0	0	0	0	0	0	0	0	2	0	1	0
M00595:42:000000000-A5J1T:1:2103:11733:7390	0	0	0	0	0	0	0	0	0	0	0	0	0	0	0	0	1	1	3	0
M01896:2:000000000-A69JN:1:1102:6245:20379	0	0	0	0	0	0	0	0	0	0	0	0	0	0	0	0	1	0	4	1
M01896:14:000000000-A7ERE:1:2117:9892:18514	0	0	0	0	0	0	0	0	0	0	0	0	0	0	0	0	3	0	4	0
M01896:2:000000000-A69JN:1:2115:25042:3143	0	0	0	0	0	0	0	0	0	0	0	0	0	0	0	0	1	0	2	0
M01896:15:000000000-A7EN9:1:1112:9534:18762	0	0	0	0	0	0	0	0	0	0	0	0	0	0	0	0	2	0	0	0
M00595:42:000000000-A5J1T:1:2111:14229:19587	0	0	0	0	0	0	0	0	0	0	0	0	0	0	0	0	2	2	1	1
M01896:15:000000000-A7EN9:1:1114:18504:23005	0	0	0	0	0	0	0	0	0	0	0	0	0	0	0	0	1	1	2	1
M01896:15:000000000-A7EN9:1:2104:15885:5236	0	0	0	0	0	0	0	0	0	0	0	0	0	0	0	0	2	0	0	0
M01896:15:000000000-A7EN9:1:2115:16497:18560	0	0	0	0	0	0	0	0	0	0	0	0	0	0	0	0	2	0	1	0
M00595:42:000000000-A5J1T:1:1103:15016:3513	0	0	0	0	0	0	0	0	0	0	0	0	0	0	0	0	0	1	1	0
M00595:42:000000000-A5J1T:1:1116:21721:4236	0	0	0	0	0	0	0	0	0	0	0	0	0	0	0	0	0	2	0	0
M00595:42:000000000-A5J1T:1:2101:8377:19844	0	0	0	0	0	0	0	0	0	0	0	0	0	0	0	0	0	2	2	1
M00595:54:000000000-A7CT0:1:2111:7733:16015	0	0	0	0	0	0	0	0	0	0	0	0	0	0	0	0	0	1	2	2
M00595:42:000000000-A5J1T:1:2114:18991:8521	0	0	0	0	0	0	0	0	0	0	0	0	0	0	0	0	0	2	0	0
M01896:2:000000000-A69JN:1:1111:17491:22324	0	0	0	0	0	0	0	0	0	0	0	0	0	0	0	0	0	1	1	1
M00595:42:000000000-A5J1T:1:1104:11805:17796	0	0	0	0	0	0	0	0	0	0	0	0	0	0	0	0	0	2	1	0
M00595:42:000000000-A5J1T:1:1112:14970:3639	0	0	0	0	0	0	0	0	0	0	0	0	0	0	0	0	0	2	0	0
M01896:2:000000000-A69JN:1:2117:26261:22328	0	0	0	0	0	0	0	0	0	0	0	0	0	0	0	0	0	1	2	0
M01896:2:000000000-A69JN:1:1112:10193:15295	0	0	0	0	0	0	0	0	0	0	0	0	0	0	0	0	0	1	4	0
M01896:2:000000000-A69JN:1:1105:19891:1819	0	0	0	0	0	0	0	0	0	0	0	0	0	0	0	0	0	1	4	0
M00595:42:000000000-A5J1T:1:2108:16798:15748	0	0	0	0	0	0	0	0	0	0	0	0	0	0	0	0	0	1	0	0
M01896:2:000000000-A69JN:1:2116:14199:20572	0	0	0	0	0	0	0	0	0	0	0	0	0	0	0	0	0	1	2	0
M00595:54:000000000-A7CT0:1:2116:20023:19154	0	0	0	0	0	0	0	0	0	0	0	0	0	0	0	0	0	0	2	2
M01896:2:000000000-A69JN:1:1101:12532:6131	0	0	0	0	0	0	0	0	0	0	0	0	0	0	0	0	0	0	2	0
M01896:2:000000000-A69JN:1:1101:7111:8599	0	0	0	0	0	0	0	0	0	0	0	0	0	0	0	0	0	0	3	0
M01896:2:000000000-A69JN:1:1104:13080:22959	0	0	0	0	0	0	0	0	0	0	0	0	0	0	0	0	0	0	6	2
M01896:2:000000000-A69JN:1:1102:15395:24286	0	0	0	0	0	0	0	0	0	0	0	0	0	0	0	0	0	0	2	1
M01896:2:000000000-A69JN:1:1104:13264:5889	0	0	0	0	0	0	0	0	0	0	0	0	0	0	0	0	0	0	2	0
M01896:2:000000000-A69JN:1:1114:6605:23347	0	0	0	0	0	0	0	0	0	0	0	0	0	0	0	0	0	0	2	0
M01896:2:000000000-A69JN:1:1106:21220:14094	0	0	0	0	0	0	0	0	0	0	0	0	0	0	0	0	0	0	3	2
M01896:2:000000000-A69JN:1:1106:7389:16304	0	0	0	0	0	0	0	0	0	0	0	0	0	0	0	0	0	0	2	0
M01896:2:000000000-A69JN:1:1106:15730:22085	0	0	0	0	0	0	0	0	0	0	0	0	0	0	0	0	0	0	2	1
M01896:2:000000000-A69JN:1:1107:24523:9701	0	0	0	0	0	0	0	0	0	0	0	0	0	0	0	0	0	0	2	0
M01896:2:000000000-A69JN:1:1107:22828:14544	0	0	0	0	0	0	0	0	0	0	0	0	0	0	0	0	0	0	2	0
M01896:2:000000000-A69JN:1:2109:21355:10933	0	0	0	0	0	0	0	0	0	0	0	0	0	0	0	0	0	0	3	0
M00595:54:000000000-A7CT0:1:1116:19518:3024	0	0	0	0	0	0	0	0	0	0	0	0	0	0	0	0	0	0	3	3
M01896:2:000000000-A69JN:1:1108:11369:9224	0	0	0	0	0	0	0	0	0	0	0	0	0	0	0	0	0	0	2	0
M01896:2:000000000-A69JN:1:1109:20122:2585	0	0	0	0	0	0	0	0	0	0	0	0	0	0	0	0	0	0	2	0
M01896:2:000000000-A69JN:1:1112:22718:18186	0	0	0	0	0	0	0	0	0	0	0	0	0	0	0	0	0	0	3	0
M01896:2:000000000-A69JN:1:1111:5414:20148	0	0	0	0	0	0	0	0	0	0	0	0	0	0	0	0	0	0	2	0
M01896:2:000000000-A69JN:1:1111:10792:22982	0	0	0	0	0	0	0	0	0	0	0	0	0	0	0	0	0	0	1	0
M01896:2:000000000-A69JN:1:2116:24791:16480	0	0	0	0	0	0	0	0	0	0	0	0	0	0	0	0	0	0	3	0
M01896:2:000000000-A69JN:1:2109:24284:6535	0	0	0	0	0	0	0	0	0	0	0	0	0	0	0	0	0	0	3	0
M01896:2:000000000-A69JN:1:1114:12510:17173	0	0	0	0	0	0	0	0	0	0	0	0	0	0	0	0	0	0	3	0
M01896:2:000000000-A69JN:1:1115:24061:10030	0	0	0	0	0	0	0	0	0	0	0	0	0	0	0	0	0	0	3	1
M01896:2:000000000-A69JN:1:2119:17152:8989	0	0	0	0	0	0	0	0	0	0	0	0	0	0	0	0	0	0	5	0
M01896:2:000000000-A69JN:1:2112:5006:13162	0	0	0	0	0	0	0	0	0	0	0	0	0	0	0	0	0	0	5	0
M00595:54:000000000-A7CT0:1:1115:27102:16204	0	0	0	0	0	0	0	0	0	0	0	0	0	0	0	0	0	0	1	2
M01896:2:000000000-A69JN:1:1119:13084:11519	0	0	0	0	0	0	0	0	0	0	0	0	0	0	0	0	0	0	2	0
M01896:2:000000000-A69JN:1:2101:23375:4623	0	0	0	0	0	0	0	0	0	0	0	0	0	0	0	0	0	0	2	0
M01896:2:000000000-A69JN:1:2102:9930:10858	0	0	0	0	0	0	0	0	0	0	0	0	0	0	0	0	0	0	8	0
M01896:2:000000000-A69JN:1:2102:23680:12095	0	0	0	0	0	0	0	0	0	0	0	0	0	0	0	0	0	0	2	0
M01896:2:000000000-A69JN:1:2102:26206:12808	0	0	0	0	0	0	0	0	0	0	0	0	0	0	0	0	0	0	2	0
M01896:2:000000000-A69JN:1:2118:26784:18223	0	0	0	0	0	0	0	0	0	0	0	0	0	0	0	0	0	0	3	0
M01896:2:000000000-A69JN:1:2102:20452:21217	0	0	0	0	0	0	0	0	0	0	0	0	0	0	0	0	0	0	4	0
M01896:2:000000000-A69JN:1:2112:13460:24801	0	0	0	0	0	0	0	0	0	0	0	0	0	0	0	0	0	0	3	0
M01896:2:000000000-A69JN:1:2104:8199:2456	0	0	0	0	0	0	0	0	0	0	0	0	0	0	0	0	0	0	2	0
M01896:2:000000000-A69JN:1:2105:23729:5002	0	0	0	0	0	0	0	0	0	0	0	0	0	0	0	0	0	0	5	0
M01896:2:000000000-A69JN:1:2106:11328:17101	0	0	0	0	0	0	0	0	0	0	0	0	0	0	0	0	0	0	2	0
M01896:2:000000000-A69JN:1:2107:16523:21175	0	0	0	0	0	0	0	0	0	0	0	0	0	0	0	0	0	0	5	1
M01896:2:000000000-A69JN:1:2108:26277:15368	0	0	0	0	0	0	0	0	0	0	0	0	0	0	0	0	0	0	2	0
M01896:2:000000000-A69JN:1:2108:10502:13866	0	0	0	0	0	0	0	0	0	0	0	0	0	0	0	0	0	0	2	0
M01896:2:000000000-A69JN:1:2110:7047:11304	0	0	0	0	0	0	0	0	0	0	0	0	0	0	0	0	0	0	2	0
M01896:2:000000000-A69JN:1:2110:3753:13149	0	0	0	0	0	0	0	0	0	0	0	0	0	0	0	0	0	0	2	0
M01896:2:000000000-A69JN:1:2113:21957:21327	0	0	0	0	0	0	0	0	0	0	0	0	0	0	0	0	0	0	2	0
M01896:2:000000000-A69JN:1:2111:5344:7368	0	0	0	0	0	0	0	0	0	0	0	0	0	0	0	0	0	0	3	0
M00595:54:000000000-A7CT0:1:2103:17235:6485	0	0	0	0	0	0	0	0	0	0	0	0	0	0	0	0	0	0	2	2
M01896:2:000000000-A69JN:1:2112:21885:14897	0	0	0	0	0	0	0	0	0	0	0	0	0	0	0	0	0	0	2	0
M01896:2:000000000-A69JN:1:2112:19759:19023	0	0	0	0	0	0	0	0	0	0	0	0	0	0	0	0	0	0	2	0
M01896:2:000000000-A69JN:1:2112:20684:23401	0	0	0	0	0	0	0	0	0	0	0	0	0	0	0	0	0	0	2	0
M01896:2:000000000-A69JN:1:2114:20574:2411	0	0	0	0	0	0	0	0	0	0	0	0	0	0	0	0	0	0	2	0
M01896:2:000000000-A69JN:1:2115:27017:6941	0	0	0	0	0	0	0	0	0	0	0	0	0	0	0	0	0	0	2	0
M01896:2:000000000-A69JN:1:2117:8087:6037	0	0	0	0	0	0	0	0	0	0	0	0	0	0	0	0	0	0	1	0
M01896:2:000000000-A69JN:1:2105:23743:6165	0	0	0	0	0	0	0	0	0	0	0	0	0	0	0	0	0	0	3	0
M01896:2:000000000-A69JN:1:2119:5922:11259	0	0	0	0	0	0	0	0	0	0	0	0	0	0	0	0	0	0	2	0
M01896:2:000000000-A69JN:1:2119:4735:17575	0	0	0	0	0	0	0	0	0	0	0	0	0	0	0	0	0	0	2	0
M01896:2:000000000-A69JN:1:1103:16274:19494	0	0	0	0	0	0	0	0	0	0	0	0	0	0	0	0	0	0	2	0
M01896:2:000000000-A69JN:1:1104:19580:12113	0	0	0	0	0	0	0	0	0	0	0	0	0	0	0	0	0	0	2	0
M01896:2:000000000-A69JN:1:1104:26480:20357	0	0	0	0	0	0	0	0	0	0	0	0	0	0	0	0	0	0	1	1
M01896:2:000000000-A69JN:1:1106:19007:5794	0	0	0	0	0	0	0	0	0	0	0	0	0	0	0	0	0	0	4	0
M01896:2:000000000-A69JN:1:1106:27303:9503	0	0	0	0	0	0	0	0	0	0	0	0	0	0	0	0	0	0	2	0
M01896:2:000000000-A69JN:1:1115:8894:23741	0	0	0	0	0	0	0	0	0	0	0	0	0	0	0	0	0	0	3	0
M01896:2:000000000-A69JN:1:1107:19828:11493	0	0	0	0	0	0	0	0	0	0	0	0	0	0	0	0	0	0	2	0
M01896:2:000000000-A69JN:1:1107:20843:19744	0	0	0	0	0	0	0	0	0	0	0	0	0	0	0	0	0	0	3	0
M01896:2:000000000-A69JN:1:2108:19328:6169	0	0	0	0	0	0	0	0	0	0	0	0	0	0	0	0	0	0	4	0
M01896:2:000000000-A69JN:1:1109:12086:17705	0	0	0	0	0	0	0	0	0	0	0	0	0	0	0	0	0	0	2	0
M01896:2:000000000-A69JN:1:1109:22471:19956	0	0	0	0	0	0	0	0	0	0	0	0	0	0	0	0	0	0	2	1
M01896:2:000000000-A69JN:1:1111:22593:20046	0	0	0	0	0	0	0	0	0	0	0	0	0	0	0	0	0	0	2	0
M01896:2:000000000-A69JN:1:1113:22348:5022	0	0	0	0	0	0	0	0	0	0	0	0	0	0	0	0	0	0	2	0
M01896:2:000000000-A69JN:1:1113:26361:15886	0	0	0	0	0	0	0	0	0	0	0	0	0	0	0	0	0	0	2	1
M01896:2:000000000-A69JN:1:1115:13402:19494	0	0	0	0	0	0	0	0	0	0	0	0	0	0	0	0	0	0	2	0
M01896:2:000000000-A69JN:1:1116:6271:8040	0	0	0	0	0	0	0	0	0	0	0	0	0	0	0	0	0	0	2	0
M01896:2:000000000-A69JN:1:1117:18234:3861	0	0	0	0	0	0	0	0	0	0	0	0	0	0	0	0	0	0	2	0
M01896:2:000000000-A69JN:1:1117:22185:11070	0	0	0	0	0	0	0	0	0	0	0	0	0	0	0	0	0	0	3	0
M01896:2:000000000-A69JN:1:2119:17029:20811	0	0	0	0	0	0	0	0	0	0	0	0	0	0	0	0	0	0	5	0
M01896:2:000000000-A69JN:1:1118:11332:7968	0	0	0	0	0	0	0	0	0	0	0	0	0	0	0	0	0	0	2	0
M01896:2:000000000-A69JN:1:2117:11555:11889	0	0	0	0	0	0	0	0	0	0	0	0	0	0	0	0	0	0	4	0
M00595:54:000000000-A7CT0:1:2118:15962:15196	0	0	0	0	0	0	0	0	0	0	0	0	0	0	0	0	0	0	1	2
M00595:54:000000000-A7CT0:1:1119:18208:14644	0	0	0	0	0	0	0	0	0	0	0	0	0	0	0	0	0	0	1	2
M01896:2:000000000-A69JN:1:2101:26298:6257	0	0	0	0	0	0	0	0	0	0	0	0	0	0	0	0	0	0	2	0
M01896:2:000000000-A69JN:1:2101:27033:15589	0	0	0	0	0	0	0	0	0	0	0	0	0	0	0	0	0	0	2	0
M01896:2:000000000-A69JN:1:2101:23737:17652	0	0	0	0	0	0	0	0	0	0	0	0	0	0	0	0	0	0	2	0
M01896:2:000000000-A69JN:1:2101:14668:19184	0	0	0	0	0	0	0	0	0	0	0	0	0	0	0	0	0	0	2	0
M01896:2:000000000-A69JN:1:2118:19688:3231	0	0	0	0	0	0	0	0	0	0	0	0	0	0	0	0	0	0	3	1
M01896:2:000000000-A69JN:1:2104:7637:2165	0	0	0	0	0	0	0	0	0	0	0	0	0	0	0	0	0	0	3	0
M01896:2:000000000-A69JN:1:2104:4767:15723	0	0	0	0	0	0	0	0	0	0	0	0	0	0	0	0	0	0	2	0
M01896:2:000000000-A69JN:1:2105:22260:12390	0	0	0	0	0	0	0	0	0	0	0	0	0	0	0	0	0	0	2	2
M01896:2:000000000-A69JN:1:2105:16471:15531	0	0	0	0	0	0	0	0	0	0	0	0	0	0	0	0	0	0	2	0
M01896:2:000000000-A69JN:1:2105:6995:22432	0	0	0	0	0	0	0	0	0	0	0	0	0	0	0	0	0	0	2	0
M01896:2:000000000-A69JN:1:2109:18069:11388	0	0	0	0	0	0	0	0	0	0	0	0	0	0	0	0	0	0	2	0
M01896:2:000000000-A69JN:1:2110:25449:4896	0	0	0	0	0	0	0	0	0	0	0	0	0	0	0	0	0	0	3	0
M01896:2:000000000-A69JN:1:2111:9161:24670	0	0	0	0	0	0	0	0	0	0	0	0	0	0	0	0	0	0	2	0
M01896:2:000000000-A69JN:1:2112:10643:5365	0	0	0	0	0	0	0	0	0	0	0	0	0	0	0	0	0	0	2	0
M01896:2:000000000-A69JN:1:2112:18252:8513	0	0	0	0	0	0	0	0	0	0	0	0	0	0	0	0	0	0	2	0
M01896:2:000000000-A69JN:1:2114:22205:5333	0	0	0	0	0	0	0	0	0	0	0	0	0	0	0	0	0	0	2	0
M01896:2:000000000-A69JN:1:2116:19603:19896	0	0	0	0	0	0	0	0	0	0	0	0	0	0	0	0	0	0	3	0
M01896:2:000000000-A69JN:1:2117:17766:4232	0	0	0	0	0	0	0	0	0	0	0	0	0	0	0	0	0	0	2	0
M01896:2:000000000-A69JN:1:2117:25108:21543	0	0	0	0	0	0	0	0	0	0	0	0	0	0	0	0	0	0	3	0
M01896:2:000000000-A69JN:1:2118:22775:14210	0	0	0	0	0	0	0	0	0	0	0	0	0	0	0	0	0	0	3	0
M01896:2:000000000-A69JN:1:2118:6047:19449	0	0	0	0	0	0	0	0	0	0	0	0	0	0	0	0	0	0	2	0
M01896:2:000000000-A69JN:1:2119:19539:22356	0	0	0	0	0	0	0	0	0	0	0	0	0	0	0	0	0	0	2	0
M00595:54:000000000-A7CT0:1:1104:10959:9331	0	0	0	0	0	0	0	0	0	0	0	0	0	0	0	0	0	0	0	2
M00595:54:000000000-A7CT0:1:1105:12790:7514	0	0	0	0	0	0	0	0	0	0	0	0	0	0	0	0	0	0	0	2
M00595:54:000000000-A7CT0:1:1105:17705:11705	0	0	0	0	0	0	0	0	0	0	0	0	0	0	0	0	0	0	0	2
M00595:54:000000000-A7CT0:1:1107:27628:12297	0	0	0	0	0	0	0	0	0	0	0	0	0	0	0	0	0	0	0	1
M00595:54:000000000-A7CT0:1:1108:28713:13930	0	0	0	0	0	0	0	0	0	0	0	0	0	0	0	0	0	0	0	2
M00595:54:000000000-A7CT0:1:1110:20449:12945	0	0	0	0	0	0	0	0	0	0	0	0	0	0	0	0	0	0	0	2
M00595:54:000000000-A7CT0:1:1113:11296:5319	0	0	0	0	0	0	0	0	0	0	0	0	0	0	0	0	0	0	0	2
M00595:54:000000000-A7CT0:1:2102:22058:18570	0	0	0	0	0	0	0	0	0	0	0	0	0	0	0	0	0	0	0	3
M00595:54:000000000-A7CT0:1:2109:23450:7749	0	0	0	0	0	0	0	0	0	0	0	0	0	0	0	0	0	0	0	3
M00595:54:000000000-A7CT0:1:2109:13475:9397	0	0	0	0	0	0	0	0	0	0	0	0	0	0	0	0	0	0	0	2
M00595:54:000000000-A7CT0:1:2109:8735:14193	0	0	0	0	0	0	0	0	0	0	0	0	0	0	0	0	0	0	0	2
M00595:54:000000000-A7CT0:1:2111:6931:17384	0	0	0	0	0	0	0	0	0	0	0	0	0	0	0	0	0	0	0	2
M00595:54:000000000-A7CT0:1:2114:10425:8543	0	0	0	0	0	0	0	0	0	0	0	0	0	0	0	0	0	0	0	2
M00595:54:000000000-A7CT0:1:2115:19624:16444	0	0	0	0	0	0	0	0	0	0	0	0	0	0	0	0	0	0	0	2
M00595:54:000000000-A7CT0:1:1105:13407:18992	0	0	0	0	0	0	0	0	0	0	0	0	0	0	0	0	0	0	0	2
M00595:54:000000000-A7CT0:1:1107:7262:13149	0	0	0	0	0	0	0	0	0	0	0	0	0	0	0	0	0	0	0	2
M00595:54:000000000-A7CT0:1:1113:24144:6996	0	0	0	0	0	0	0	0	0	0	0	0	0	0	0	0	0	0	0	2
M00595:54:000000000-A7CT0:1:1113:13837:13376	0	0	0	0	0	0	0	0	0	0	0	0	0	0	0	0	0	0	0	2
M00595:54:000000000-A7CT0:1:1115:16967:12943	0	0	0	0	0	0	0	0	0	0	0	0	0	0	0	0	0	0	0	2
M00595:54:000000000-A7CT0:1:2107:17565:5315	0	0	0	0	0	0	0	0	0	0	0	0	0	0	0	0	0	0	0	2
