#OTU ID	S13D7.MID110-110.P3.jan14_ncdenovo	P3D7.MID46-47.P1.apr13_ncdenovo	S13D7.MID95-95.P1.dec13_ncdenovo	S13D7.MID109-109.P1.jan14_ncdenovo	S13D7.MID101-101.P1.nov13_ncdenovo	S13D7.MID95-95.P1.dec13_otuclust	S13D7.MID101-101.P1.nov13_otuclust	P3D7.MID46-47.P1.apr13_otuclust	S13D7.MID109-109.P1.jan14_otuclust	S13D7.MID110-110.P3.jan14_otuclust	S13D7.MID110-110.P3.jan14_ncref	S13D7.MID95-95.P1.dec13_ncref	S13D7.MID109-109.P1.jan14_ncref	P3D7.MID46-47.P1.apr13_ncref	S13D7.MID101-101.P1.nov13_ncref	S13D7.MID110-110.P3.jan14	S13D7.MID109-109.P1.jan14	S13D7.MID101-101.P1.nov13	P3D7.MID46-47.P1.apr13	S13D7.MID95-95.P1.dec13
M01896:15:000000000-A7EN9:1:2117:24837:7459	510	185	324	538	399	1	1	1	1	1	510	324	538	185	399	839	924	708	312	571
M01896:14:000000000-A7ERE:1:2116:14821:21832	621	124	232	432	1130	1	1	1	1	1	621	232	432	124	1130	1063	871	1793	279	496
M01896:2:000000000-A69JN:1:1106:10036:5574	593	153	281	414	667	1	1	1	1	1	593	281	414	153	667	1134	881	1108	322	582
M01896:2:000000000-A69JN:1:1102:12111:14329	454	96	360	335	555	1	1	1	1	1	454	360	335	96	555	926	832	1068	234	764
M01896:15:000000000-A7EN9:1:1113:18156:6009	433	97	191	671	674	1	1	1	1	1	433	191	671	97	674	787	1338	1190	208	464
M00595:54:000000000-A7CT0:1:2113:19379:13810	642	176	439	1014	1809	1	1	1	1	1	642	439	1014	176	1809	1051	1817	2661	317	772
M01896:14:000000000-A7ERE:1:1117:17493:9488	951	240	425	637	918	1	1	1	1	1	951	425	637	240	918	1645	1172	1481	475	809
M00595:54:000000000-A7CT0:1:1108:17828:14764	479	135	285	489	1484	1	1	1	1	1	479	285	489	135	1484	864	1015	2189	265	530
M01896:14:000000000-A7ERE:1:1117:9172:16535	87	43	55	54	447	1	1	1	1	1	87	55	54	43	447	184	134	783	95	121
M00595:54:000000000-A7CT0:1:2109:12807:9008	83	47	13	73	28	1	1	1	1	1	83	13	73	47	28	209	204	89	115	39
M01896:14:000000000-A7ERE:1:2106:23730:10395	38	8	47	210	74	0	0	0	0	0	38	47	210	8	74	38	211	74	8	48
M01896:14:000000000-A7ERE:1:1107:5396:11262	49	60	22	74	89	1	1	1	1	1	49	22	74	60	89	107	166	202	135	58
M01896:2:000000000-A69JN:1:2108:16360:10431	34	10	37	81	64	0	0	0	0	0	34	37	81	10	64	35	83	65	10	37
M01896:2:000000000-A69JN:1:2111:25147:10749	33	8	20	44	27	0	0	0	0	0	33	20	44	8	27	33	45	27	8	20
M01896:2:000000000-A69JN:1:1107:14655:24468	153	97	106	130	525	1	1	1	1	1	153	106	130	97	525	425	381	1234	244	287
M01896:14:000000000-A7ERE:1:1112:6257:4532	310	134	170	320	253	1	1	1	1	1	310	170	320	134	253	568	623	455	252	373
M01896:14:000000000-A7ERE:1:2117:2856:11558	253	92	68	296	621	1	1	1	1	1	253	68	296	92	621	468	570	1003	188	158
M00595:54:000000000-A7CT0:1:2114:17740:13612	28	7	24	49	19	0	0	0	0	0	28	24	49	7	19	29	52	20	7	26
M01896:15:000000000-A7EN9:1:1104:4826:10019	282	129	156	282	325	1	1	1	1	1	282	156	282	129	325	529	531	580	244	312
M00595:42:000000000-A5J1T:1:2119:4751:12624	311	111	164	318	474	1	1	1	1	1	311	164	318	111	474	712	770	950	240	418
M01896:2:000000000-A69JN:1:1118:25047:15188	160	64	77	164	247	1	1	1	1	1	160	77	164	64	247	360	381	522	116	168
M01896:2:000000000-A69JN:1:1102:12513:11511	33	9	29	77	37	0	0	0	0	0	33	29	77	9	37	47	90	38	10	37
M01896:2:000000000-A69JN:1:2103:24247:5752	59	75	44	64	67	1	1	1	1	1	59	44	64	75	67	201	208	199	182	128
M01896:14:000000000-A7ERE:1:1103:25376:6175	335	115	172	252	338	1	1	1	1	1	335	172	252	115	338	668	624	674	261	381
M01896:2:000000000-A69JN:1:1115:9896:16157	25	8	36	127	71	0	0	0	0	0	25	36	127	8	71	39	171	95	11	48
M00595:42:000000000-A5J1T:1:2109:4400:18210	187	53	112	183	344	1	1	1	1	1	187	112	183	53	344	399	374	633	134	220
M01896:15:000000000-A7EN9:1:1114:17837:15525	145	75	81	113	423	1	1	1	1	1	145	81	113	75	423	339	306	902	167	196
M01896:2:000000000-A69JN:1:1111:23673:3749	158	65	74	140	191	1	1	1	1	1	158	74	140	65	191	360	350	444	157	204
M01896:15:000000000-A7EN9:1:1111:13958:24300	351	107	157	240	503	1	1	1	1	1	351	157	240	107	503	638	527	1002	243	344
M01896:14:000000000-A7ERE:1:1117:16459:14814	24	5	26	108	34	0	0	0	0	0	24	26	108	5	34	27	117	36	5	27
M01896:2:000000000-A69JN:1:2112:15940:4616	40	18	15	38	123	1	1	1	1	1	40	15	38	18	123	132	122	271	50	51
M01896:2:000000000-A69JN:1:2111:4588:13797	20	2	21	45	41	0	0	0	0	0	20	21	45	2	41	32	70	60	7	24
M00595:42:000000000-A5J1T:1:1118:23443:12109	163	72	82	147	202	1	1	1	1	1	163	82	147	72	202	374	379	413	157	226
M00595:54:000000000-A7CT0:1:1111:28250:17264	13	7	15	31	34	0	0	0	0	0	13	15	31	7	34	13	32	35	7	16
M01896:15:000000000-A7EN9:1:1113:29073:16432	121	33	39	102	122	1	1	1	1	1	121	39	102	33	122	311	258	316	84	128
M00595:54:000000000-A7CT0:1:1105:12413:15187	193	76	86	161	244	1	1	1	1	1	193	86	161	76	244	517	451	572	238	227
M01896:2:000000000-A69JN:1:2117:9652:14153	37	14	40	110	96	0	0	0	0	0	37	40	110	14	96	41	117	104	15	40
M01896:2:000000000-A69JN:1:1117:17278:2546	11	10	14	12	40	1	1	1	1	1	11	14	12	10	40	33	41	75	21	32
M00595:42:000000000-A5J1T:1:2108:24071:12989	10	11	6	13	8	1	1	1	1	1	10	6	13	11	8	32	36	28	30	15
M01896:14:000000000-A7ERE:1:1105:13034:14024	148	83	83	139	178	1	1	1	1	1	148	83	139	83	178	359	360	368	182	217
M01896:2:000000000-A69JN:1:2113:20233:5335	283	137	173	173	381	1	1	1	1	1	283	173	173	137	381	528	441	731	273	376
M01896:15:000000000-A7EN9:1:2104:4379:6102	175	105	92	203	143	1	1	1	1	1	175	92	203	105	143	372	437	291	202	209
M01896:2:000000000-A69JN:1:1116:24996:17776	274	87	147	228	537	1	1	1	1	1	274	147	228	87	537	528	435	1114	201	310
M01896:2:000000000-A69JN:1:2109:23909:21855	188	105	98	112	165	1	1	1	1	1	188	98	112	105	165	431	310	407	208	204
M01896:2:000000000-A69JN:1:2103:20838:9440	10	7	12	22	108	0	0	0	0	0	10	12	22	7	108	12	34	123	7	20
	24	26	13	11	50	2	2	1	2	2	22	13	9	26	50	55	80	143	64	44
M00595:54:000000000-A7CT0:1:1114:14316:3012	119	68	87	99	159	1	1	1	1	1	119	87	99	68	159	300	222	322	144	194
M00595:42:000000000-A5J1T:1:2105:18474:13703	120	49	63	124	251	1	1	1	1	1	120	63	124	49	251	278	314	507	114	150
M00595:42:000000000-A5J1T:1:1110:21963:15039	19	22	27	14	332	1	1	1	0	1	19	27	14	22	332	44	23	350	70	38
M01896:2:000000000-A69JN:1:2108:10660:21238	98	49	41	102	144	1	1	1	1	1	98	41	102	49	144	272	290	350	136	142
M01896:2:000000000-A69JN:1:2115:24575:13627	158	70	128	211	302	1	1	1	1	1	158	128	211	70	302	307	486	543	137	259
M00595:54:000000000-A7CT0:1:2116:4037:9825	5	3	4	3	0	0	0	0	0	0	5	4	3	3	0	11	6	0	4	4
M01896:2:000000000-A69JN:1:1109:23487:14023	210	96	84	131	386	1	1	1	1	1	210	84	131	96	386	427	278	676	181	199
M00595:54:000000000-A7CT0:1:1118:19834:10213	4	0	4	4	0	0	0	0	0	0	4	4	4	0	0	14	13	0	2	7
M01896:15:000000000-A7EN9:1:2111:22111:9587	4	3	7	18	4	0	0	0	0	0	4	7	18	3	4	4	18	4	3	7
M00595:54:000000000-A7CT0:1:2103:21116:2958	240	25	74	168	269	1	1	1	1	1	240	74	168	25	269	437	320	479	54	146
M01896:14:000000000-A7ERE:1:1106:18179:11015	158	75	74	110	206	1	1	1	1	1	158	74	110	75	206	349	301	465	161	179
M01896:2:000000000-A69JN:1:2109:4217:19442	232	63	74	96	238	1	1	1	1	1	232	74	96	63	238	486	249	476	153	169
M00595:54:000000000-A7CT0:1:1119:25019:15779	295	78	142	402	408	1	1	1	1	1	295	142	402	78	408	631	856	816	167	339
M00595:42:000000000-A5J1T:1:2118:15286:19005	7	18	9	9	20	1	1	1	1	1	7	9	9	18	20	21	39	39	40	15
M01896:15:000000000-A7EN9:1:1116:21122:4582	48	22	69	143	91	0	0	0	0	0	48	69	143	22	91	55	151	93	22	72
M01896:14:000000000-A7ERE:1:1107:16089:13717	121	56	76	122	180	1	1	1	1	1	121	76	122	56	180	329	297	393	125	192
M01896:14:000000000-A7ERE:1:2116:10054:21292	7	11	30	52	108	0	0	0	0	0	7	30	52	11	108	28	97	156	14	45
M01896:15:000000000-A7EN9:1:2111:26166:10514	200	95	147	167	318	1	1	1	1	1	200	147	167	95	318	409	356	581	197	299
M01896:15:000000000-A7EN9:1:1114:8776:12832	3	0	0	0	0	0	0	0	0	0	3	0	0	0	0	7	2	4	0	2
M01896:14:000000000-A7ERE:1:2110:12975:10001	133	34	47	192	90	1	1	1	1	1	133	47	192	34	90	337	470	271	101	157
M01896:14:000000000-A7ERE:1:1107:3293:19318	110	41	94	271	102	0	0	0	0	0	110	94	271	41	102	129	288	108	44	110
M01896:14:000000000-A7ERE:1:1102:22907:17236	12	0	0	43	2	0	0	0	0	0	12	0	43	0	2	32	82	4	2	6
M01896:14:000000000-A7ERE:1:1107:25121:20449	3	0	0	0	0	0	0	0	0	1	0	0	0	0	0	8	1	1	2	3
M01896:2:000000000-A69JN:1:2112:9591:21878	11	0	2	20	5	0	0	0	0	0	11	2	20	0	5	18	40	8	0	4
M01896:2:000000000-A69JN:1:1112:12881:14229	75	19	62	172	122	0	0	0	0	0	75	62	172	19	122	75	172	126	19	63
M01896:2:000000000-A69JN:1:2103:10045:20219	3	0	0	0	11	0	0	0	0	0	3	0	0	0	11	5	2	13	0	1
M01896:2:000000000-A69JN:1:1118:13205:4346	48	5	41	117	29	0	0	0	0	0	48	41	117	5	29	48	118	29	5	42
M01896:14:000000000-A7ERE:1:2114:19290:14542	75	22	110	428	217	0	0	0	0	0	75	110	428	22	217	77	445	224	26	119
M01896:14:000000000-A7ERE:1:1114:14541:20968	65	27	56	132	65	0	0	0	0	0	65	56	132	27	65	65	134	65	27	57
M01896:2:000000000-A69JN:1:1104:6256:4469	66	24	65	201	176	0	0	0	0	0	66	65	201	24	176	66	202	180	24	65
M00595:54:000000000-A7CT0:1:1118:10357:17710	45	24	28	29	49	1	1	1	1	1	45	28	29	24	49	103	95	118	59	70
M01896:14:000000000-A7ERE:1:2117:13444:20401	2	0	0	0	0	0	0	0	0	0	0	0	0	0	0	3	1	0	0	0
M01896:14:000000000-A7ERE:1:1101:10088:20463	2	0	0	0	0	0	0	0	0	0	0	0	0	0	0	3	0	0	0	0
M00595:54:000000000-A7CT0:1:1107:16692:11780	2	0	2	3	0	0	0	0	0	0	2	2	3	0	0	2	4	1	0	2
M01896:15:000000000-A7EN9:1:2101:8407:9465	2	0	0	0	0	0	0	0	0	0	2	0	0	0	0	3	1	1	0	0
M01896:14:000000000-A7ERE:1:2107:20255:22902	2	0	0	0	0	0	0	0	0	0	2	0	0	0	0	3	0	0	1	0
M01896:14:000000000-A7ERE:1:1103:18898:3363	2	0	0	0	0	0	0	0	0	0	2	0	0	0	0	2	0	0	0	0
M01896:15:000000000-A7EN9:1:1113:7803:3754	2	0	0	0	0	0	0	0	0	0	2	0	0	0	0	2	0	1	0	0
M01896:15:000000000-A7EN9:1:1109:3741:9559	2	0	0	0	0	0	0	0	0	0	2	0	0	0	0	2	0	0	0	0
M01896:15:000000000-A7EN9:1:2108:9144:22506	2	0	0	0	0	0	0	0	0	0	2	0	0	0	0	2	0	0	0	0
M01896:15:000000000-A7EN9:1:2101:10597:9274	2	0	0	0	0	0	0	0	0	0	2	0	0	0	0	4	3	1	1	0
M01896:15:000000000-A7EN9:1:1101:12581:7146	2	0	0	4	0	0	0	0	0	0	2	0	4	0	0	8	9	1	1	0
M01896:14:000000000-A7ERE:1:2102:14765:9993	2	0	0	0	0	0	0	0	0	0	2	0	0	0	0	2	0	0	1	0
M01896:14:000000000-A7ERE:1:1105:7570:2715	2	0	0	2	0	0	0	0	0	0	2	0	2	0	0	4	3	1	1	1
M01896:2:000000000-A69JN:1:2113:17135:12173	2	0	0	6	4	0	0	0	0	0	2	0	6	0	4	2	6	4	0	0
M01896:15:000000000-A7EN9:1:1113:12339:16180	2	0	0	0	0	0	0	0	0	0	0	0	0	0	0	2	1	0	0	1
M01896:14:000000000-A7ERE:1:1112:3844:19709	2	0	0	0	0	0	0	0	0	0	2	0	0	0	0	2	0	0	0	0
M01896:14:000000000-A7ERE:1:2116:22999:9982	2	0	0	0	0	0	0	0	0	0	2	0	0	0	0	1	0	9	0	0
M01896:15:000000000-A7EN9:1:1101:15068:22713	2	0	0	0	0	0	0	0	0	0	0	0	0	0	0	2	0	0	0	0
M01896:15:000000000-A7EN9:1:1112:6392:3634	2	0	0	0	0	0	0	0	0	1	0	0	0	0	0	2	0	0	0	0
M01896:15:000000000-A7EN9:1:1112:12148:22512	12	8	42	72	59	0	0	0	0	0	12	42	72	8	59	113	308	214	44	173
M01896:15:000000000-A7EN9:1:1103:7878:24035	2	0	0	0	0	0	0	0	0	0	2	0	0	0	0	2	0	0	0	0
M01896:15:000000000-A7EN9:1:2116:3302:18408	2	0	0	0	0	0	0	0	0	0	2	0	0	0	0	2	0	1	0	0
M01896:15:000000000-A7EN9:1:2102:23009:20000	2	0	0	0	0	0	0	0	0	0	2	0	0	0	0	2	0	0	0	0
M01896:15:000000000-A7EN9:1:2117:29231:13325	2	0	0	0	0	0	0	0	0	0	2	0	0	0	0	3	1	0	0	1
M01896:15:000000000-A7EN9:1:2104:27318:19799	2	0	0	2	0	0	0	0	0	0	2	0	2	0	0	4	4	0	1	7
M01896:14:000000000-A7ERE:1:2114:15732:14185	2	0	2	0	0	0	0	0	0	0	2	2	0	0	0	2	0	0	0	3
M01896:15:000000000-A7EN9:1:1107:13209:4162	2	0	0	0	0	0	0	0	0	0	2	0	0	0	0	2	0	0	0	0
M01896:14:000000000-A7ERE:1:1111:3106:12971	4	0	0	0	0	0	0	0	0	0	4	0	0	0	0	8	6	6	2	4
M01896:15:000000000-A7EN9:1:2104:25628:12347	2	0	0	2	0	0	0	0	0	0	2	0	2	0	0	4	4	1	0	0
M01896:14:000000000-A7ERE:1:1114:21375:10906	2	0	0	0	0	0	0	0	0	0	2	0	0	0	0	2	1	0	0	0
M01896:14:000000000-A7ERE:1:2107:13054:6559	2	0	0	0	0	0	0	0	0	0	2	0	0	0	0	2	1	2	1	0
M01896:14:000000000-A7ERE:1:2118:23415:7375	2	0	0	0	0	0	0	0	0	0	2	0	0	0	0	3	0	0	0	0
M01896:14:000000000-A7ERE:1:1114:22320:11276	2	0	0	0	0	0	0	0	0	1	2	0	0	0	0	2	1	0	0	0
M01896:15:000000000-A7EN9:1:2118:24846:13394	2	2	0	0	0	0	0	0	0	0	2	0	0	2	0	2	0	0	2	0
M01896:15:000000000-A7EN9:1:1102:10642:14946	2	0	0	0	0	0	0	0	0	0	2	0	0	0	0	2	0	0	0	0
M01896:14:000000000-A7ERE:1:2113:8072:17047	2	0	0	0	0	0	0	0	0	0	2	0	0	0	0	2	0	0	1	0
M01896:14:000000000-A7ERE:1:1119:7087:12227	2	0	0	0	0	0	0	0	0	0	0	0	0	0	0	6	2	1	0	1
M00595:42:000000000-A5J1T:1:1104:4615:7097	2	2	0	0	0	0	0	0	0	0	0	0	0	2	0	4	1	0	2	0
M01896:15:000000000-A7EN9:1:2110:22868:18011	2	0	0	0	0	0	0	0	0	0	2	0	0	0	0	2	1	0	0	0
M00595:54:000000000-A7CT0:1:2105:11837:11711	2	0	0	0	0	0	0	0	0	0	2	0	0	0	0	3	3	0	1	2
M01896:2:000000000-A69JN:1:2105:10572:22419	2	0	0	0	2	0	0	0	0	0	2	0	0	0	2	2	0	2	0	1
M01896:15:000000000-A7EN9:1:1115:9025:12811	2	0	0	0	0	0	0	0	0	0	2	0	0	0	0	2	1	0	0	0
M01896:15:000000000-A7EN9:1:1109:17275:21979	2	0	0	0	0	0	0	0	0	0	2	0	0	0	0	2	0	0	0	0
M01896:15:000000000-A7EN9:1:2101:17864:10189	2	0	0	0	0	0	0	0	0	1	2	0	0	0	0	2	0	0	0	0
M01896:14:000000000-A7ERE:1:1109:12490:11900	2	4	11	11	63	0	0	0	1	0	2	11	11	4	63	14	31	79	20	29
M01896:14:000000000-A7ERE:1:2104:27431:16007	2	0	0	0	0	0	0	0	0	0	0	0	0	0	0	3	0	0	0	0
M01896:15:000000000-A7EN9:1:1102:6799:9513	2	0	0	0	0	0	0	0	0	0	2	0	0	0	0	3	2	0	0	0
M01896:14:000000000-A7ERE:1:2106:6110:6309	2	0	0	0	0	0	0	0	0	0	2	0	0	0	0	3	0	0	0	0
M01896:14:000000000-A7ERE:1:2115:4340:9060	2	0	0	0	0	0	0	0	0	0	2	0	0	0	0	2	0	0	0	0
M01896:15:000000000-A7EN9:1:1105:21814:15502	2	0	0	0	0	0	0	0	0	0	0	0	0	0	0	4	1	1	0	0
M01896:14:000000000-A7ERE:1:1114:9173:16315	2	0	0	0	0	0	0	0	0	0	2	0	0	0	0	2	0	1	0	0
M01896:15:000000000-A7EN9:1:1109:22842:20770	2	0	0	0	0	0	0	0	0	0	2	0	0	0	0	2	1	1	0	0
M01896:2:000000000-A69JN:1:2119:17584:19810	2	0	2	0	0	0	0	0	0	0	2	0	0	0	0	8	6	3	1	8
M01896:2:000000000-A69JN:1:2102:19325:12020	2	0	2	2	2	0	0	0	0	0	2	2	2	0	2	2	2	3	0	2
M01896:2:000000000-A69JN:1:1102:4808:12999	2	0	0	0	2	0	0	0	0	0	2	0	0	0	2	2	0	3	0	1
M01896:14:000000000-A7ERE:1:1107:8289:16108	2	0	0	0	0	0	0	0	0	0	2	0	0	0	0	1	0	0	0	0
M01896:15:000000000-A7EN9:1:2115:9338:5558	2	0	0	0	0	0	0	0	0	0	2	0	0	0	0	2	0	0	0	0
M00595:42:000000000-A5J1T:1:2112:7408:18230	0	2	0	0	0	0	0	0	0	0	0	0	0	2	0	2	0	0	2	0
M00595:42:000000000-A5J1T:1:2102:8288:19048	0	2	0	0	0	0	0	1	0	0	0	0	0	2	0	0	0	0	2	0
M01896:15:000000000-A7EN9:1:1114:24615:14175	0	2	0	0	0	0	0	1	0	0	0	0	0	2	0	0	1	0	2	0
M00595:42:000000000-A5J1T:1:2103:5730:18282	0	2	0	0	0	0	0	0	0	0	0	0	0	2	0	3	2	0	3	2
M00595:42:000000000-A5J1T:1:2116:18711:6185	0	2	0	0	0	0	0	1	0	0	0	0	0	2	0	0	2	0	2	0
M00595:42:000000000-A5J1T:1:1105:7545:14193	0	2	0	0	0	0	0	0	0	0	0	0	0	2	0	0	0	0	2	0
M00595:54:000000000-A7CT0:1:1111:17828:6904	0	0	13	0	0	0	0	0	0	0	0	13	0	0	0	0	0	2	0	1
M00595:54:000000000-A7CT0:1:2103:10916:8056	0	0	9	0	9	0	0	0	0	0	0	9	0	0	9	1	2	43	0	12
M00595:54:000000000-A7CT0:1:2111:8505:15885	0	0	3	0	0	0	0	0	0	0	0	3	0	0	0	0	0	0	0	3
M00595:54:000000000-A7CT0:1:1103:17971:16930	0	0	3	0	0	0	0	0	0	0	0	3	0	0	0	0	0	0	0	3
M00595:54:000000000-A7CT0:1:2116:17491:18990	0	0	3	0	0	1	0	0	0	0	0	3	0	0	0	0	0	0	0	3
M00595:54:000000000-A7CT0:1:2104:21423:11944	0	0	2	0	0	0	0	0	0	0	0	2	0	0	0	0	0	0	0	2
M00595:54:000000000-A7CT0:1:1109:22311:3862	0	0	2	0	0	0	0	0	0	0	0	2	0	0	0	0	0	0	0	2
M00595:54:000000000-A7CT0:1:2109:14069:16264	0	0	2	0	0	0	0	0	0	0	0	2	0	0	0	0	0	0	0	2
M00595:42:000000000-A5J1T:1:1116:9075:12019	0	0	2	0	0	0	0	0	0	0	0	2	0	0	0	0	1	3	2	4
M00595:54:000000000-A7CT0:1:1112:15958:16427	0	0	2	0	0	0	0	0	0	0	0	2	0	0	0	0	0	0	0	2
M00595:54:000000000-A7CT0:1:2106:13820:12773	0	0	2	0	0	0	0	0	0	0	0	2	0	0	0	0	0	0	0	2
M00595:54:000000000-A7CT0:1:2106:15864:20570	0	0	2	0	0	0	0	0	0	0	0	2	0	0	0	1	1	3	0	3
M00595:54:000000000-A7CT0:1:2111:8239:4489	0	0	2	0	0	0	0	0	0	0	0	2	0	0	0	0	0	0	0	2
M00595:54:000000000-A7CT0:1:1110:9059:14612	0	0	2	0	2	0	0	0	0	0	0	2	0	0	2	0	0	2	0	2
M00595:54:000000000-A7CT0:1:1108:8675:4447	0	0	2	0	0	0	0	0	0	0	0	2	0	0	0	0	0	1	0	3
M01896:2:000000000-A69JN:1:1112:26990:12490	0	0	6	3	22	0	0	0	0	0	0	6	3	0	22	20	27	61	4	18
M00595:54:000000000-A7CT0:1:1102:26627:13666	0	0	2	0	0	0	0	0	0	0	0	2	0	0	0	0	0	0	0	2
M00595:54:000000000-A7CT0:1:2108:21601:18549	0	0	2	0	0	0	0	0	0	0	0	2	0	0	0	0	0	0	0	2
M00595:54:000000000-A7CT0:1:2109:13944:13489	0	0	2	0	0	0	0	0	0	0	0	2	0	0	0	0	0	1	0	2
M00595:54:000000000-A7CT0:1:1117:10209:13850	0	0	2	0	0	0	0	0	0	0	0	2	0	0	0	0	0	0	0	2
M00595:54:000000000-A7CT0:1:1106:4220:11606	0	0	2	0	0	0	0	0	0	0	0	2	0	0	0	0	0	0	0	2
M01896:2:000000000-A69JN:1:1103:10727:19620	0	0	2	0	5	0	0	0	0	0	0	2	0	0	5	0	0	8	1	2
M00595:54:000000000-A7CT0:1:2113:20295:13964	0	0	2	0	0	0	0	0	0	0	0	2	0	0	0	0	0	0	0	2
M00595:54:000000000-A7CT0:1:2117:16018:12236	0	0	2	0	0	0	0	0	0	0	0	2	0	0	0	0	0	0	0	2
M00595:54:000000000-A7CT0:1:2114:18057:16154	0	0	2	0	0	0	0	0	0	0	0	2	0	0	0	0	0	0	0	2
M00595:54:000000000-A7CT0:1:1101:23193:11989	0	0	2	0	0	0	0	0	0	0	0	2	0	0	0	2	0	1	0	2
M00595:54:000000000-A7CT0:1:2111:13555:10262	0	0	2	0	0	0	0	0	0	0	0	2	0	0	0	1	0	0	0	2
M00595:54:000000000-A7CT0:1:2111:23698:16664	0	0	2	0	0	0	0	0	0	0	0	2	0	0	0	0	0	0	0	2
M00595:54:000000000-A7CT0:1:2102:7756:16337	0	0	2	0	0	0	0	0	0	0	0	2	0	0	0	0	0	1	0	2
M00595:54:000000000-A7CT0:1:1111:27350:13280	0	0	2	0	0	0	0	0	0	0	0	2	0	0	0	0	0	0	0	2
M00595:54:000000000-A7CT0:1:1109:26238:19203	0	0	2	0	0	0	0	0	0	0	0	2	0	0	0	0	0	0	0	2
M00595:54:000000000-A7CT0:1:1104:18894:9578	0	0	2	0	0	0	0	0	0	0	0	2	0	0	0	0	0	0	0	2
M00595:54:000000000-A7CT0:1:1111:12411:17307	0	0	2	0	0	0	0	0	0	0	0	2	0	0	0	0	0	0	0	2
M00595:54:000000000-A7CT0:1:1104:7414:14830	0	0	2	0	2	0	0	0	0	0	0	2	0	0	2	5	5	2	0	2
M00595:54:000000000-A7CT0:1:2107:12793:15242	0	0	2	0	0	0	0	0	0	0	0	2	0	0	0	0	0	0	0	2
M00595:54:000000000-A7CT0:1:1101:16917:8799	0	0	2	0	0	0	0	0	0	0	0	2	0	0	0	0	0	0	0	2
M00595:54:000000000-A7CT0:1:1105:13457:13118	0	0	2	0	0	0	0	0	0	0	0	2	0	0	0	0	1	0	1	3
M00595:54:000000000-A7CT0:1:2113:22900:11883	0	0	2	0	0	0	0	0	0	0	0	2	0	0	0	0	0	0	0	2
M00595:42:000000000-A5J1T:1:2107:11850:20215	0	2	0	0	0	0	0	0	0	0	0	0	0	2	0	0	0	0	2	0
M00595:54:000000000-A7CT0:1:1111:6036:18993	0	0	2	0	0	0	0	0	0	0	0	2	0	0	0	0	0	0	0	2
M00595:54:000000000-A7CT0:1:1101:23070:13151	0	0	2	0	0	0	0	0	0	0	0	2	0	0	0	0	0	0	0	2
M00595:54:000000000-A7CT0:1:2117:15608:6529	0	0	2	0	0	1	0	0	0	0	0	2	0	0	0	0	0	0	0	2
M00595:54:000000000-A7CT0:1:2116:8469:12215	0	0	4	0	0	0	0	0	0	0	0	4	0	0	0	1	1	0	0	4
M00595:54:000000000-A7CT0:1:1110:20399:8965	0	0	2	0	0	0	0	0	0	0	0	2	0	0	0	0	1	0	0	2
M00595:54:000000000-A7CT0:1:2105:8497:20961	0	0	2	0	0	1	0	0	0	0	0	2	0	0	0	0	0	0	0	2
M00595:54:000000000-A7CT0:1:1110:15027:9412	0	0	2	0	0	0	0	0	0	0	0	2	0	0	0	0	0	0	0	2
M01896:14:000000000-A7ERE:1:2108:25310:5189	0	0	0	13	0	0	0	0	0	0	0	0	13	0	0	1	20	1	0	1
M01896:2:000000000-A69JN:1:2118:16196:14868	0	0	0	4	2	0	0	0	0	0	0	0	4	0	2	3	20	18	0	8
M01896:2:000000000-A69JN:1:2110:28406:17055	0	0	0	8	12	0	1	0	1	0	0	0	8	0	12	4	25	26	9	2
M01896:14:000000000-A7ERE:1:2106:2384:9666	0	0	0	5	2	0	0	0	0	0	0	0	5	0	2	1	5	2	0	0
M01896:14:000000000-A7ERE:1:1113:20954:13460	0	0	0	3	0	0	0	0	0	0	0	0	3	0	0	3	15	2	3	5
M01896:2:000000000-A69JN:1:2104:19408:14382	0	0	0	3	2	0	0	0	0	0	0	0	3	0	2	0	3	2	0	1
M01896:14:000000000-A7ERE:1:1109:10046:24264	0	0	0	3	0	0	0	0	1	0	0	0	3	0	0	0	5	0	0	0
M01896:2:000000000-A69JN:1:1108:16387:9914	0	0	0	3	2	0	0	0	0	0	0	0	3	0	2	0	3	2	0	0
M01896:14:000000000-A7ERE:1:1111:15897:11385	0	0	0	2	0	0	0	0	0	0	0	0	0	0	0	1	2	0	0	0
M01896:2:000000000-A69JN:1:1106:23466:1914	0	0	0	2	2	0	0	0	0	0	0	0	2	0	2	2	8	6	2	8
M01896:14:000000000-A7ERE:1:2106:6036:7259	0	0	0	2	0	0	0	0	0	0	0	0	2	0	0	0	2	0	0	0
M01896:14:000000000-A7ERE:1:2104:11263:20749	0	0	0	2	0	0	0	0	0	0	0	0	2	0	0	0	2	0	0	0
M01896:14:000000000-A7ERE:1:2104:9888:12021	0	0	0	2	0	0	0	0	0	0	0	0	2	0	0	0	2	0	0	0
M01896:14:000000000-A7ERE:1:1115:21833:3466	0	0	0	2	0	0	0	0	0	0	0	0	2	0	0	0	2	0	0	0
M01896:14:000000000-A7ERE:1:2106:17585:4770	0	0	0	2	0	0	0	0	0	0	0	0	2	0	0	0	2	0	0	0
M01896:14:000000000-A7ERE:1:2101:9332:15145	0	0	0	4	0	0	0	0	0	0	0	0	4	0	0	11	8	2	2	4
M01896:15:000000000-A7EN9:1:1111:22719:8458	0	0	0	2	0	0	0	0	0	0	0	0	2	0	0	0	3	0	0	0
M01896:15:000000000-A7EN9:1:1103:21300:10157	0	0	0	2	0	0	0	0	0	0	0	0	2	0	0	0	2	0	0	0
M01896:14:000000000-A7ERE:1:2108:6815:9574	0	0	0	2	0	0	0	0	0	0	0	0	2	0	0	1	3	0	0	0
M01896:14:000000000-A7ERE:1:1102:13425:22783	0	0	0	2	0	0	0	0	0	0	0	0	2	0	0	3	3	0	0	2
M01896:14:000000000-A7ERE:1:2101:5625:3609	0	0	0	2	0	0	0	0	0	0	0	0	2	0	0	0	2	0	0	0
M01896:2:000000000-A69JN:1:1113:4186:18260	0	0	0	2	3	0	0	0	0	0	0	0	2	0	3	0	2	1	0	0
M00595:54:000000000-A7CT0:1:1101:15010:18843	0	0	0	4	4	0	0	0	0	0	0	0	4	0	4	11	26	57	5	20
M01896:14:000000000-A7ERE:1:1106:12502:23167	0	0	0	2	0	0	0	0	0	0	0	0	2	0	0	0	2	0	0	0
M01896:14:000000000-A7ERE:1:1106:13863:23548	0	0	0	2	0	0	0	0	0	0	0	0	2	0	0	2	2	0	0	0
M01896:15:000000000-A7EN9:1:1103:22342:17509	0	0	0	2	0	0	0	0	0	0	0	0	2	0	0	1	3	0	0	0
M01896:15:000000000-A7EN9:1:2115:6204:11279	0	0	0	2	0	0	0	0	0	0	0	0	2	0	0	0	2	0	0	2
M01896:15:000000000-A7EN9:1:1113:8769:6947	0	0	0	2	0	0	0	0	0	0	0	0	2	0	0	0	2	0	0	0
M01896:15:000000000-A7EN9:1:2118:11568:10448	0	0	0	2	0	0	0	0	0	0	0	0	2	0	0	0	2	0	0	1
M01896:15:000000000-A7EN9:1:2118:5720:15414	0	0	0	2	0	0	0	0	0	0	0	0	2	0	0	0	3	0	0	0
M01896:15:000000000-A7EN9:1:1103:8346:8954	0	0	0	2	0	0	0	0	0	0	0	0	2	0	0	1	3	0	1	1
M01896:15:000000000-A7EN9:1:2114:10238:7091	0	0	0	2	0	0	0	0	0	0	0	0	2	0	0	0	2	0	0	0
M01896:14:000000000-A7ERE:1:2102:22642:10605	0	0	0	2	0	0	0	0	0	0	0	0	2	0	0	0	2	1	0	0
M01896:15:000000000-A7EN9:1:1108:7571:8839	0	0	0	2	0	0	0	0	0	0	0	0	2	0	0	0	2	0	0	0
M01896:15:000000000-A7EN9:1:2110:24212:20244	0	0	0	2	0	0	0	0	0	0	0	0	2	0	0	0	2	0	0	0
M01896:15:000000000-A7EN9:1:1108:7826:9425	0	0	0	2	0	0	0	0	0	0	0	0	2	0	0	1	4	0	0	0
M01896:14:000000000-A7ERE:1:2102:23490:18084	0	0	0	4	5	0	0	0	0	0	0	0	4	0	5	0	6	5	0	0
M01896:14:000000000-A7ERE:1:2106:17810:12484	0	0	0	2	0	0	0	0	0	0	0	0	2	0	0	0	2	1	0	1
M01896:14:000000000-A7ERE:1:2105:25734:21580	0	0	0	2	0	0	0	0	0	0	0	0	2	0	0	1	3	1	0	1
M01896:15:000000000-A7EN9:1:2115:13364:11095	0	0	0	2	0	0	0	0	0	0	0	0	2	0	0	0	2	0	0	0
M01896:15:000000000-A7EN9:1:2105:24258:17757	0	0	0	2	0	0	0	0	0	0	0	0	2	0	0	0	2	0	0	0
M01896:14:000000000-A7ERE:1:2104:6253:10166	0	0	0	2	0	0	0	0	0	0	0	0	2	0	0	0	2	1	0	0
M01896:15:000000000-A7EN9:1:1115:6140:15156	0	0	0	2	0	0	0	0	0	0	0	0	2	0	0	0	2	0	0	0
M01896:15:000000000-A7EN9:1:1111:3636:16112	0	0	0	4	0	0	0	0	0	0	0	0	4	0	0	0	9	0	0	1
M01896:15:000000000-A7EN9:1:2116:2855:15642	0	0	0	2	0	0	0	0	0	0	0	0	2	0	0	1	2	0	0	0
M01896:14:000000000-A7ERE:1:1114:10037:24289	0	0	0	2	0	0	0	0	0	0	0	0	2	0	0	0	3	1	0	0
M01896:15:000000000-A7EN9:1:2107:20134:18781	0	0	0	2	0	0	0	0	0	0	0	0	2	0	0	0	3	0	0	0
M01896:15:000000000-A7EN9:1:2101:24966:22242	0	0	0	2	0	0	0	0	0	0	0	0	2	0	0	0	2	0	0	0
M01896:15:000000000-A7EN9:1:2107:8129:17003	0	0	0	2	0	0	0	0	0	0	0	0	2	0	0	2	3	1	0	1
M01896:15:000000000-A7EN9:1:2109:12683:4250	0	0	0	2	0	0	0	0	0	0	0	0	2	0	0	0	2	0	0	0
M01896:15:000000000-A7EN9:1:1113:13292:13209	0	0	0	2	0	0	0	0	1	0	0	0	0	0	0	1	3	0	0	0
M01896:15:000000000-A7EN9:1:2109:16063:20478	0	0	0	2	0	0	0	0	0	0	0	0	2	0	0	0	2	1	0	0
M01896:15:000000000-A7EN9:1:1103:29353:12242	0	0	0	2	0	0	0	0	0	0	0	0	2	0	0	0	2	0	1	0
M01896:14:000000000-A7ERE:1:1114:7191:6112	0	0	0	2	0	0	0	0	1	0	0	0	2	0	0	0	3	0	0	0
M01896:14:000000000-A7ERE:1:1118:19677:11650	0	0	0	2	0	0	0	0	0	0	0	0	2	0	0	0	1	0	0	0
M01896:2:000000000-A69JN:1:1118:25611:17371	0	0	0	0	229	0	0	0	0	0	0	0	0	0	0	0	0	1	0	0
M01896:2:000000000-A69JN:1:1102:20206:14491	0	0	0	0	128	0	0	0	0	0	0	0	0	0	0	0	0	1	0	0
M01896:2:000000000-A69JN:1:2102:8480:21559	0	0	0	0	4	0	0	0	0	0	0	0	0	0	4	0	0	1	0	0
M01896:2:000000000-A69JN:1:1102:11437:21169	0	0	0	0	4	0	0	0	0	0	0	0	0	0	4	0	0	1	0	0
M01896:2:000000000-A69JN:1:2113:4063:6409	0	0	0	0	3	0	0	0	0	0	0	0	0	0	3	0	0	3	0	1
M01896:2:000000000-A69JN:1:1108:11905:14006	0	0	0	0	3	0	0	0	0	0	0	0	0	0	3	0	1	3	0	0
M01896:2:000000000-A69JN:1:2116:9642:16438	0	0	0	0	3	0	0	0	0	0	0	0	0	0	3	0	0	3	0	0
M01896:2:000000000-A69JN:1:2109:19946:6421	0	0	0	0	3	0	0	0	0	0	0	0	0	0	3	0	0	3	0	0
M01896:2:000000000-A69JN:1:2101:6909:14031	0	0	0	0	3	0	0	0	0	0	0	0	0	0	3	0	0	3	0	1
M01896:15:000000000-A7EN9:1:2106:20342:1884	0	0	2	5	5	0	0	0	0	0	0	2	5	0	5	4	13	9	3	3
M01896:2:000000000-A69JN:1:2104:25763:18859	0	0	0	0	6	0	0	0	0	0	0	0	0	0	6	0	1	6	1	0
M01896:2:000000000-A69JN:1:2108:7538:13574	0	0	0	0	2	0	0	0	0	0	0	0	0	0	2	0	0	2	0	0
M01896:2:000000000-A69JN:1:2119:22324:12385	0	0	0	0	2	0	0	0	0	0	0	0	0	0	2	0	1	4	0	0
M01896:2:000000000-A69JN:1:1104:17273:18122	0	0	0	0	2	0	0	0	0	0	0	0	0	0	2	0	0	2	0	0
M01896:2:000000000-A69JN:1:1107:15653:2724	0	0	0	0	2	0	0	0	0	0	0	0	0	0	2	0	0	1	0	0
M01896:2:000000000-A69JN:1:2101:7825:6260	0	0	0	0	2	0	0	0	0	0	0	0	0	0	2	0	0	2	0	0
M01896:2:000000000-A69JN:1:2104:23172:15123	0	0	0	0	2	0	0	0	0	0	0	0	0	0	2	0	0	2	0	0
M01896:2:000000000-A69JN:1:2106:19211:4567	0	0	0	0	2	0	0	0	0	0	0	0	0	0	2	0	0	2	0	0
M01896:2:000000000-A69JN:1:1105:17288:24545	0	0	0	0	2	0	0	0	0	0	0	0	0	0	2	0	0	2	0	0
M01896:2:000000000-A69JN:1:1107:13340:12530	0	0	0	0	2	0	0	0	0	0	0	0	0	0	2	0	0	2	0	0
M01896:2:000000000-A69JN:1:1109:12106:1932	0	0	0	0	2	0	0	0	0	0	0	0	0	0	2	0	0	2	0	0
M01896:2:000000000-A69JN:1:2108:23232:9994	0	0	0	0	2	0	0	0	0	0	0	0	0	0	2	0	0	2	0	0
M01896:2:000000000-A69JN:1:2113:9609:11625	0	0	0	0	6	0	0	0	0	0	0	0	0	0	6	0	1	7	0	0
M01896:2:000000000-A69JN:1:1114:22284:19310	0	0	0	0	2	0	1	0	0	0	0	0	0	0	2	0	0	3	0	0
M01896:2:000000000-A69JN:1:2112:13811:24398	0	0	0	0	2	0	0	0	0	0	0	0	0	0	2	0	0	3	0	0
M01896:2:000000000-A69JN:1:2104:21474:12712	0	0	0	0	2	0	0	0	0	0	0	0	0	0	2	0	1	3	0	0
M01896:2:000000000-A69JN:1:2112:23653:19183	0	0	0	0	2	0	0	0	0	0	0	0	0	0	2	0	0	2	0	0
M01896:2:000000000-A69JN:1:2102:25157:10835	0	0	0	0	2	0	0	0	0	0	0	0	0	0	2	0	0	2	0	0
M01896:2:000000000-A69JN:1:2117:4736:11538	0	0	0	0	2	0	0	0	0	0	0	0	0	0	2	0	0	2	0	0
M01896:2:000000000-A69JN:1:2104:13113:14081	0	0	0	0	2	0	0	0	0	0	0	0	0	0	2	0	0	2	0	0
M01896:2:000000000-A69JN:1:2110:16551:23195	0	0	0	0	2	0	0	0	0	0	0	0	0	0	2	0	0	2	0	0
M01896:2:000000000-A69JN:1:2102:11739:20826	0	0	0	0	2	0	0	0	0	0	0	0	0	0	2	3	0	2	1	1
M01896:2:000000000-A69JN:1:2114:17383:12676	0	0	0	0	2	0	0	0	0	0	0	0	0	0	2	0	0	2	0	0
M01896:2:000000000-A69JN:1:2103:25151:18431	0	0	0	0	2	0	0	0	0	0	0	0	0	0	2	0	0	2	0	1
M01896:2:000000000-A69JN:1:2108:9434:7306	0	0	0	0	4	0	0	0	0	0	0	0	0	0	4	0	2	6	0	3
M01896:2:000000000-A69JN:1:1104:11003:5619	0	0	0	0	2	0	0	0	0	0	0	0	0	0	2	1	0	3	0	0
M01896:2:000000000-A69JN:1:2109:7744:19339	0	0	0	0	2	0	0	0	0	0	0	0	0	0	2	0	0	2	0	0
M01896:2:000000000-A69JN:1:2117:6858:3435	0	0	0	0	2	0	0	0	0	0	0	0	0	0	2	1	0	2	0	0
M01896:2:000000000-A69JN:1:2110:17828:17877	0	0	0	0	2	0	0	0	0	0	0	0	0	0	2	0	0	2	0	0
M01896:2:000000000-A69JN:1:2107:25722:5178	0	0	0	0	2	0	0	0	0	0	0	0	0	0	2	0	0	3	0	0
M01896:2:000000000-A69JN:1:2114:8109:7299	0	0	0	0	2	0	0	0	0	0	0	0	0	0	2	0	2	4	0	0
M01896:2:000000000-A69JN:1:1107:10277:20539	0	0	0	0	2	0	1	0	0	0	0	0	0	0	2	1	0	4	2	0
M01896:2:000000000-A69JN:1:2112:27999:13449	0	0	0	0	2	0	0	0	0	0	0	0	0	0	2	0	0	3	0	0
M01896:2:000000000-A69JN:1:2104:19771:14859	0	0	0	0	2	0	0	0	0	0	0	0	0	0	2	0	0	2	0	0
M01896:2:000000000-A69JN:1:2111:22810:6151	0	0	0	0	2	0	0	0	0	0	0	0	0	0	2	0	0	3	0	0
M01896:2:000000000-A69JN:1:2106:2448:9916	0	0	0	0	2	0	0	0	0	0	0	0	0	0	2	1	0	2	0	0
M01896:2:000000000-A69JN:1:2105:16065:18307	0	0	0	0	2	0	0	0	0	0	0	0	0	0	2	0	0	2	0	0
M01896:2:000000000-A69JN:1:2106:28522:18674	0	0	0	0	2	0	0	0	0	0	0	0	0	0	2	0	2	3	0	0
M01896:2:000000000-A69JN:1:1109:25484:16928	0	0	0	0	2	0	0	0	0	0	0	0	0	0	2	0	0	2	0	0
M01896:2:000000000-A69JN:1:1114:4821:14515	0	0	0	0	2	0	0	0	0	0	0	0	0	0	2	0	0	2	0	0
M01896:2:000000000-A69JN:1:2109:7086:2745	0	0	0	0	2	0	0	0	0	0	0	0	0	0	2	0	0	2	0	1
M01896:2:000000000-A69JN:1:2117:11253:11208	0	0	0	0	2	0	0	0	0	0	0	0	0	0	2	0	0	3	2	0
M01896:2:000000000-A69JN:1:1107:4031:15107	0	0	0	0	2	0	0	0	0	0	0	0	0	0	2	0	0	2	0	0
M01896:2:000000000-A69JN:1:2111:12746:20894	0	0	0	0	2	0	0	0	0	0	0	0	0	0	2	0	0	2	0	1
M01896:2:000000000-A69JN:1:1116:6572:13406	0	0	0	0	2	0	0	0	0	0	0	0	0	0	2	0	0	2	0	0
M01896:2:000000000-A69JN:1:2104:10405:2047	0	0	0	0	2	0	0	0	0	0	0	0	0	0	2	0	0	2	0	0
M01896:2:000000000-A69JN:1:2118:16841:5470	0	0	0	0	2	0	0	0	0	0	0	0	0	0	2	0	0	2	0	0
M01896:2:000000000-A69JN:1:1114:5400:7346	0	0	0	0	2	0	0	0	0	0	0	0	0	0	2	0	0	2	0	0
M01896:2:000000000-A69JN:1:2104:23367:15568	0	0	0	0	2	0	0	0	0	0	0	0	0	0	2	0	0	2	0	0
M01896:2:000000000-A69JN:1:2117:23837:11094	0	0	0	0	2	0	0	0	0	0	0	0	0	0	2	0	0	1	0	0
M01896:2:000000000-A69JN:1:2104:12039:5012	0	0	0	0	2	0	0	0	0	0	0	0	0	0	2	0	0	2	0	0
M01896:2:000000000-A69JN:1:2105:26665:12916	0	0	0	0	2	0	0	0	0	0	0	0	0	0	2	0	0	2	0	0
M01896:2:000000000-A69JN:1:1117:20977:6098	0	0	0	0	2	0	0	0	0	0	0	0	0	0	2	0	0	2	0	0
M01896:2:000000000-A69JN:1:2119:20681:18304	0	0	0	0	2	0	0	0	0	0	0	0	0	0	2	0	0	2	0	0
M01896:2:000000000-A69JN:1:2112:5369:14080	0	0	0	0	2	0	0	0	0	0	0	0	0	0	2	1	3	2	0	4
M01896:2:000000000-A69JN:1:2102:11980:21143	0	0	0	0	2	0	0	0	0	0	0	0	0	0	2	0	0	2	0	0
M01896:2:000000000-A69JN:1:1107:6169:7934	0	0	0	0	4	0	0	0	0	0	0	0	0	0	4	0	0	4	0	0
M01896:2:000000000-A69JN:1:2104:19046:17961	0	0	0	0	2	0	0	0	0	0	0	0	0	0	2	0	0	2	0	0
M01896:2:000000000-A69JN:1:1109:18501:14923	0	0	0	0	2	0	0	0	0	0	0	0	0	0	2	1	0	3	0	0
M01896:2:000000000-A69JN:1:1113:6288:14020	0	0	0	0	2	0	0	0	0	0	0	0	0	0	2	0	0	3	0	0
M01896:2:000000000-A69JN:1:1112:23047:4941	0	0	0	0	2	0	0	0	0	0	0	0	0	0	2	0	0	2	0	0
M01896:2:000000000-A69JN:1:1105:26230:6329	0	0	0	0	2	0	0	0	0	0	0	0	0	0	2	1	0	2	1	0
M01896:2:000000000-A69JN:1:2117:9964:12059	0	0	0	0	2	0	0	0	0	0	0	0	0	0	2	0	1	2	0	1
M01896:2:000000000-A69JN:1:1106:21396:6402	0	0	0	0	2	0	0	0	0	0	0	0	0	0	2	1	1	3	0	0
M01896:2:000000000-A69JN:1:2113:9568:5856	0	0	0	0	2	0	0	0	0	0	0	0	0	0	2	0	0	2	0	0
M01896:2:000000000-A69JN:1:2105:15850:10486	0	0	0	0	2	0	0	0	0	0	0	0	0	0	2	0	0	2	0	0
M01896:2:000000000-A69JN:1:2108:19128:23411	0	0	0	0	2	0	0	0	0	0	0	0	0	0	2	0	0	3	0	0
M01896:2:000000000-A69JN:1:1117:4699:14861	0	0	0	0	2	0	0	0	0	0	0	0	0	0	2	0	1	2	0	0
M01896:2:000000000-A69JN:1:1108:7710:20687	0	0	0	0	2	0	0	0	0	0	0	0	0	0	2	0	0	2	0	0
M01896:2:000000000-A69JN:1:2116:6000:6887	0	0	0	0	2	0	0	0	0	0	0	0	0	0	2	0	0	2	0	0
M01896:2:000000000-A69JN:1:1106:20778:23971	0	0	0	0	2	0	0	0	0	0	0	0	0	0	2	1	0	3	1	0
M01896:2:000000000-A69JN:1:2116:24325:10918	0	0	0	0	2	0	0	0	0	0	0	0	0	0	2	0	0	2	0	0
M01896:2:000000000-A69JN:1:2112:25300:6317	0	0	0	0	2	0	0	0	0	0	0	0	0	0	2	0	0	2	0	0
M01896:2:000000000-A69JN:1:2102:19914:8427	0	0	0	0	4	0	0	0	0	0	0	0	0	0	38	0	1	18	0	0
M01896:2:000000000-A69JN:1:2104:23424:5814	0	0	0	0	2	0	0	0	0	0	0	0	0	0	2	0	2	2	0	1
M01896:2:000000000-A69JN:1:1113:17730:8172	0	0	0	0	2	0	0	0	0	0	0	0	0	0	2	0	0	2	0	0
M01896:2:000000000-A69JN:1:2119:28247:10040	0	0	0	0	2	0	0	0	0	0	0	0	0	0	2	0	0	2	0	0
M01896:2:000000000-A69JN:1:1102:9155:5855	0	0	0	0	2	0	0	0	0	0	0	0	0	0	2	0	0	2	0	0
M01896:2:000000000-A69JN:1:2107:19094:12611	0	0	0	0	2	0	0	0	0	0	0	0	0	0	2	0	0	2	0	0
M01896:2:000000000-A69JN:1:2113:23792:16695	0	0	0	0	2	0	0	0	0	0	0	0	0	0	2	0	0	2	0	0
M01896:2:000000000-A69JN:1:2118:17408:16994	0	0	0	0	2	0	0	0	0	0	0	0	0	0	2	0	0	2	0	0
M01896:2:000000000-A69JN:1:1102:15108:13899	0	0	0	0	2	0	0	0	0	0	0	0	0	0	2	0	0	2	0	0
M01896:2:000000000-A69JN:1:2116:20050:9131	0	0	0	0	2	0	0	0	0	0	0	0	0	0	2	0	0	2	0	0
M01896:2:000000000-A69JN:1:1113:24878:3530	0	0	0	0	2	0	0	0	0	0	0	0	0	0	2	2	5	2	0	0
M01896:2:000000000-A69JN:1:2106:12172:8149	0	0	0	0	2	0	0	0	0	0	0	0	0	0	2	0	0	2	0	0
M01896:2:000000000-A69JN:1:1115:17219:14557	0	0	0	0	2	0	0	0	0	0	0	0	0	0	2	0	2	3	0	0
M01896:14:000000000-A7ERE:1:2103:13116:22552	0	0	0	0	2	0	0	0	0	0	0	0	0	0	2	1	0	2	0	0
M01896:2:000000000-A69JN:1:2107:3995:13497	0	0	0	0	2	0	1	0	0	0	0	0	0	0	2	0	0	2	0	0
M01896:2:000000000-A69JN:1:2109:19721:22836	0	0	0	0	2	0	0	0	0	0	0	0	0	0	2	0	0	2	0	0
M01896:15:000000000-A7EN9:1:2104:17475:2789	0	0	0	0	2	0	0	0	0	0	0	0	0	0	2	1	2	5	1	1
M01896:2:000000000-A69JN:1:2102:21967:11982	0	0	0	0	4	0	1	0	0	0	0	0	0	0	4	0	1	13	0	3
M01896:2:000000000-A69JN:1:2108:5463:19930	0	0	0	0	2	0	0	0	0	0	0	0	0	0	2	1	0	2	1	0
M01896:2:000000000-A69JN:1:2106:11464:3158	0	0	0	0	2	0	0	0	0	0	0	0	0	0	2	0	0	2	0	0
M01896:2:000000000-A69JN:1:1104:24771:6759	0	0	0	0	2	0	0	0	0	0	0	0	0	0	2	0	1	2	0	0
M01896:2:000000000-A69JN:1:1115:8073:19565	0	0	0	0	2	0	0	0	0	0	0	0	0	0	2	0	2	5	0	0
M01896:2:000000000-A69JN:1:1111:3564:9175	0	0	0	0	2	0	0	0	0	0	0	0	0	0	2	0	0	2	0	0
M01896:2:000000000-A69JN:1:1107:11731:24901	0	0	0	0	2	0	0	0	0	0	0	0	0	0	2	0	0	2	0	0
M01896:2:000000000-A69JN:1:2107:19763:6366	0	0	0	0	2	0	0	0	0	0	0	0	0	0	2	0	0	2	0	0
M01896:2:000000000-A69JN:1:2105:25239:7436	0	0	0	0	2	0	1	0	0	0	0	0	0	0	0	2	0	2	0	0
M01896:2:000000000-A69JN:1:2113:25320:18134	0	0	0	0	2	0	0	0	0	0	0	0	0	0	2	1	0	2	0	0
M01896:2:000000000-A69JN:1:2106:27053:15544	0	0	0	0	2	0	0	0	0	0	0	0	0	0	2	0	0	2	0	0
M01896:2:000000000-A69JN:1:1111:8535:19060	0	0	0	0	2	0	0	0	0	0	0	0	0	0	2	0	0	2	0	0
M01896:2:000000000-A69JN:1:1102:14788:20834	0	0	0	0	2	0	0	0	0	0	0	0	0	0	0	0	0	1	0	0
M01896:2:000000000-A69JN:1:1107:21210:21415	0	0	0	0	2	0	0	0	0	0	0	0	0	0	2	0	0	2	0	0
M00595:42:000000000-A5J1T:1:1102:23057:10326	0	0	0	0	2	0	0	0	0	0	0	0	0	0	2	0	2	4	2	0
M01896:2:000000000-A69JN:1:2114:8721:16341	0	0	0	0	2	0	0	0	0	0	0	0	0	0	2	0	0	2	0	0
M01896:2:000000000-A69JN:1:2109:27709:16815	0	0	0	0	2	0	0	0	0	0	0	0	0	0	2	0	0	2	0	0
M01896:2:000000000-A69JN:1:2110:19028:21348	0	0	0	0	2	0	0	0	0	0	0	0	0	0	2	0	0	2	0	0
M01896:2:000000000-A69JN:1:1113:13678:7436	0	0	0	0	4	0	0	0	0	0	0	0	0	0	4	0	1	5	1	0
M01896:2:000000000-A69JN:1:1117:10554:7670	0	0	0	0	2	0	0	0	0	0	0	0	0	0	2	0	0	2	0	0
M01896:2:000000000-A69JN:1:2114:9116:15499	0	0	0	0	2	0	0	0	0	0	0	0	0	0	2	0	0	2	0	0
M01896:2:000000000-A69JN:1:2119:18090:20179	0	0	0	0	2	0	1	0	0	0	0	0	0	0	2	0	4	5	0	2
M01896:2:000000000-A69JN:1:2114:20783:21769	0	0	0	0	2	0	0	0	0	0	0	0	0	0	2	0	2	3	0	0
M01896:2:000000000-A69JN:1:2117:21230:7592	0	0	0	0	2	0	0	0	0	0	0	0	0	0	2	0	0	2	0	0
M01896:2:000000000-A69JN:1:1102:12250:7221	0	0	0	0	2	0	0	0	0	0	0	0	0	0	2	0	0	5	1	0
M01896:2:000000000-A69JN:1:2103:9931:20164	0	0	0	0	2	0	0	0	0	0	0	0	0	0	2	0	0	3	0	0
M01896:2:000000000-A69JN:1:1111:17000:24736	0	0	0	0	2	0	0	0	0	0	0	0	0	0	2	0	1	2	0	0
M01896:2:000000000-A69JN:1:2105:18244:4680	0	0	0	0	2	0	0	0	0	0	0	0	0	0	2	0	0	2	0	0
M01896:2:000000000-A69JN:1:2105:24439:14871	0	0	0	0	2	0	0	0	0	0	0	0	0	0	2	0	0	2	0	0
M01896:2:000000000-A69JN:1:2108:6323:14245	0	0	0	0	2	0	0	0	0	0	0	0	0	0	2	1	1	2	1	0
M01896:2:000000000-A69JN:1:1103:15887:24654	0	0	0	0	2	0	0	0	0	0	0	0	0	0	2	0	0	2	0	0
M01896:2:000000000-A69JN:1:2117:20539:14796	0	0	0	0	2	0	0	0	0	0	0	0	0	0	0	0	0	1	0	0
M01896:2:000000000-A69JN:1:1104:10198:15868	0	0	0	0	2	0	0	0	0	0	0	0	0	0	2	0	0	3	0	1
M01896:15:000000000-A7EN9:1:1102:4477:12790	0	0	0	0	0	0	0	0	0	1	0	0	0	0	0	2	0	0	0	0
M01896:14:000000000-A7ERE:1:1115:11672:10665	0	0	0	0	0	0	0	0	0	1	2	0	0	0	0	3	1	0	0	0
M01896:15:000000000-A7EN9:1:1111:23307:7949	0	0	0	0	0	0	0	0	0	0	37	0	32	0	0	1	1	0	0	0
M01896:14:000000000-A7ERE:1:1116:11632:10716	0	0	0	0	0	0	0	0	0	0	3	2	0	0	0	5	3	0	0	3
M01896:14:000000000-A7ERE:1:2113:26298:11287	0	0	0	0	0	0	0	0	0	0	5	2	0	0	0	6	10	4	2	5
M01896:14:000000000-A7ERE:1:2105:7207:3884	0	0	0	0	0	0	0	0	0	0	2	0	0	0	0	2	0	0	0	0
M01896:14:000000000-A7ERE:1:1110:12012:6968	0	0	0	0	0	0	0	0	0	0	2	0	0	0	0	9	1	0	0	4
M01896:15:000000000-A7EN9:1:2109:26040:12912	0	0	0	0	0	0	0	0	0	0	2	0	0	0	0	2	0	0	0	0
M01896:15:000000000-A7EN9:1:2115:3354:9520	0	0	0	0	0	0	0	0	0	0	2	0	0	0	0	3	0	0	0	1
M01896:15:000000000-A7EN9:1:2118:4069:11315	0	0	0	0	0	0	0	0	0	0	2	0	0	0	0	2	0	1	0	0
M01896:14:000000000-A7ERE:1:2109:23395:8751	0	0	0	0	0	0	0	0	0	0	2	0	0	0	0	2	0	1	0	1
M01896:14:000000000-A7ERE:1:1117:11168:21643	0	0	0	0	0	0	0	0	0	0	2	0	0	0	0	2	0	0	0	0
M01896:15:000000000-A7EN9:1:2104:11494:11652	0	0	0	0	0	0	0	0	0	0	2	0	0	0	0	2	0	0	0	0
M01896:15:000000000-A7EN9:1:1102:18573:8434	0	0	0	0	0	0	0	0	0	0	2	0	0	0	0	2	0	0	1	0
M01896:15:000000000-A7EN9:1:1108:7155:5739	0	0	0	0	0	0	0	0	0	0	2	0	0	0	0	2	0	0	0	0
M01896:14:000000000-A7ERE:1:2103:22099:5714	0	0	0	0	0	0	0	0	0	0	2	0	0	0	0	2	0	0	0	0
M01896:15:000000000-A7EN9:1:2101:12814:2676	0	0	0	0	0	0	0	0	0	0	2	0	0	0	0	2	0	0	0	0
M01896:14:000000000-A7ERE:1:1113:20422:9323	0	0	0	0	0	0	0	0	0	0	2	0	0	0	0	2	0	0	0	0
M01896:14:000000000-A7ERE:1:2111:4873:19727	0	0	0	0	0	0	0	0	0	0	2	0	0	0	0	2	0	0	0	0
M01896:15:000000000-A7EN9:1:2118:21116:15970	0	0	0	0	0	0	0	0	0	0	2	0	0	0	0	2	0	0	0	0
M01896:15:000000000-A7EN9:1:1109:7303:6660	0	0	0	0	0	0	0	0	0	0	2	0	0	0	0	3	0	0	0	0
M01896:14:000000000-A7ERE:1:2113:20417:13164	0	0	0	0	0	0	0	0	0	0	2	0	0	0	0	2	0	0	0	0
M01896:15:000000000-A7EN9:1:2102:7099:5009	0	0	0	0	0	0	0	0	0	0	2	0	0	0	0	2	0	0	0	0
M01896:15:000000000-A7EN9:1:1109:10221:10570	0	0	0	0	0	0	0	0	0	0	2	0	0	0	0	5	3	2	1	3
M01896:15:000000000-A7EN9:1:2103:16055:4504	0	0	0	0	0	0	0	0	0	0	2	0	0	0	0	2	0	0	0	0
M01896:14:000000000-A7ERE:1:1118:7412:11970	0	0	0	0	0	0	0	0	0	0	2	0	0	0	0	4	1	0	1	0
M01896:14:000000000-A7ERE:1:1103:21545:20215	0	0	0	0	0	0	0	0	0	0	2	0	0	0	0	5	0	0	0	0
M01896:15:000000000-A7EN9:1:1111:18818:15010	0	0	0	0	0	0	0	0	0	0	2	0	0	0	0	5	0	0	0	0
M00595:54:000000000-A7CT0:1:2103:23445:19402	0	0	0	0	0	0	0	0	0	0	0	3	0	0	2	2	3	4	0	3
M00595:54:000000000-A7CT0:1:1113:25463:9446	0	0	0	0	0	0	0	0	0	0	0	2	0	0	0	0	0	1	0	2
M00595:54:000000000-A7CT0:1:1106:19707:10373	0	0	0	0	0	0	0	0	0	0	0	2	0	0	0	2	1	0	0	4
M01896:15:000000000-A7EN9:1:1113:14864:12457	0	0	0	0	0	0	0	0	0	0	0	4	0	0	0	7	7	3	3	5
M00595:54:000000000-A7CT0:1:1113:18266:8166	0	0	0	0	0	0	0	0	0	0	0	2	0	0	0	0	1	0	0	1
M00595:54:000000000-A7CT0:1:1105:19565:6048	0	0	0	0	0	0	0	0	0	0	0	2	0	0	0	0	0	0	0	2
M00595:54:000000000-A7CT0:1:1108:16759:11360	0	0	0	0	0	0	0	0	0	0	0	2	0	0	0	2	0	0	0	2
M00595:54:000000000-A7CT0:1:1119:13028:22137	0	0	0	0	0	0	0	0	0	0	0	2	0	0	0	0	0	0	0	2
M00595:54:000000000-A7CT0:1:2111:24620:12754	0	0	0	0	0	0	0	0	0	0	0	2	0	0	0	0	0	0	0	3
M00595:54:000000000-A7CT0:1:2114:13815:11891	0	0	0	0	0	0	0	0	0	0	0	2	2	0	0	0	2	1	0	2
M00595:54:000000000-A7CT0:1:1104:4442:9736	0	0	0	0	0	0	0	0	0	0	0	2	0	0	0	1	0	0	0	2
M00595:54:000000000-A7CT0:1:1108:18878:17435	0	0	0	0	0	0	0	0	0	0	0	2	0	0	0	0	0	0	0	2
M00595:54:000000000-A7CT0:1:1104:16050:20072	0	0	0	0	0	0	0	0	0	0	0	2	0	0	0	0	0	0	0	2
M00595:54:000000000-A7CT0:1:1104:19607:20748	0	0	0	0	0	0	0	0	0	0	0	2	0	0	0	0	0	0	0	2
M00595:54:000000000-A7CT0:1:2103:21669:10261	0	0	0	0	0	0	0	0	0	0	0	2	0	0	0	0	0	0	0	2
M00595:54:000000000-A7CT0:1:2112:21872:17312	0	0	0	0	0	0	0	0	0	0	0	2	0	0	0	0	0	0	0	2
M00595:54:000000000-A7CT0:1:1109:9053:17741	0	0	0	0	0	0	0	0	0	0	0	2	0	0	0	0	0	0	0	2
M00595:54:000000000-A7CT0:1:1102:15199:12250	0	0	0	0	0	0	0	0	0	0	0	2	0	0	0	1	0	0	0	2
M00595:54:000000000-A7CT0:1:2113:9530:15788	0	0	0	0	0	0	0	0	0	0	0	2	0	0	0	0	0	0	0	2
M00595:54:000000000-A7CT0:1:2116:21835:9284	0	0	0	0	0	0	0	0	0	0	0	2	0	0	0	0	0	0	1	2
M00595:54:000000000-A7CT0:1:1119:12038:17030	0	0	0	0	0	0	0	0	0	0	0	2	0	0	0	0	0	0	0	2
M00595:54:000000000-A7CT0:1:1110:18139:10588	0	0	0	0	0	0	0	0	0	0	0	2	0	0	0	0	1	0	0	2
M00595:54:000000000-A7CT0:1:1110:13851:21995	0	0	0	0	0	0	0	0	0	0	0	2	0	0	0	0	0	0	0	2
M00595:54:000000000-A7CT0:1:2106:15119:18846	0	0	0	0	0	0	0	0	0	0	0	2	0	0	0	0	2	0	0	2
M01896:15:000000000-A7EN9:1:1112:25021:7058	0	0	0	0	0	0	0	0	0	0	0	0	2	0	0	0	3	0	0	0
M01896:14:000000000-A7ERE:1:1110:8634:19473	0	0	0	0	0	0	0	0	0	0	0	0	2	0	0	0	2	0	0	0
M01896:14:000000000-A7ERE:1:2108:18314:18952	0	0	0	0	0	0	0	0	0	0	0	0	2	0	0	0	2	0	0	0
M01896:14:000000000-A7ERE:1:1111:12436:11161	0	0	0	0	0	0	0	0	0	0	0	0	2	0	0	0	3	0	0	0
M01896:14:000000000-A7ERE:1:2114:7631:11053	0	0	0	0	0	0	0	0	0	0	0	0	2	0	0	0	2	0	0	0
M01896:14:000000000-A7ERE:1:1107:7349:17874	0	0	0	0	0	0	0	0	0	0	0	0	4	0	0	0	4	3	0	1
M01896:14:000000000-A7ERE:1:2101:17411:12646	0	0	0	0	0	0	0	0	0	0	0	0	2	0	0	0	2	0	0	0
M01896:15:000000000-A7EN9:1:1104:5142:17299	0	0	0	0	0	0	0	0	0	0	0	0	2	0	0	0	2	0	0	0
M01896:14:000000000-A7ERE:1:2112:6757:20856	0	0	0	0	0	0	0	0	0	0	0	0	2	0	0	0	2	0	0	0
M01896:15:000000000-A7EN9:1:1102:16525:20326	0	0	0	0	0	0	0	0	0	0	0	0	2	0	0	0	3	0	0	0
M01896:14:000000000-A7ERE:1:2105:14432:9326	0	0	0	0	0	0	0	0	0	0	0	0	2	0	0	2	2	0	1	1
M01896:15:000000000-A7EN9:1:2103:27805:7187	0	0	0	0	0	0	0	0	0	0	0	0	2	0	0	0	3	0	0	0
M01896:14:000000000-A7ERE:1:2109:8315:6700	0	0	0	0	0	0	0	0	0	0	0	0	2	0	0	2	5	1	0	1
M01896:15:000000000-A7EN9:1:2118:21827:21754	0	0	0	0	0	0	0	0	0	0	0	0	2	0	0	0	2	0	0	0
M01896:14:000000000-A7ERE:1:2115:13803:13316	0	0	0	0	0	0	0	0	0	0	0	0	2	0	0	0	2	0	0	0
M01896:14:000000000-A7ERE:1:2118:12108:18768	0	0	0	0	0	0	0	0	0	0	0	0	2	0	0	0	2	0	0	0
M01896:15:000000000-A7EN9:1:2119:20927:15085	0	0	0	0	0	0	0	0	0	0	0	0	2	0	0	0	2	0	0	0
M01896:14:000000000-A7ERE:1:2112:19211:18234	0	0	0	0	0	0	0	0	0	0	0	0	2	0	0	0	2	0	0	0
M01896:14:000000000-A7ERE:1:1108:27371:15825	0	0	0	0	0	0	0	0	0	0	0	0	2	0	0	0	2	0	0	0
M01896:15:000000000-A7EN9:1:2111:12932:17789	0	0	0	0	0	0	0	0	0	0	0	0	2	0	0	0	2	0	0	0
M01896:14:000000000-A7ERE:1:2112:10908:9543	0	0	0	0	0	0	0	0	0	0	0	0	2	0	0	0	2	0	0	0
M01896:15:000000000-A7EN9:1:1111:14037:9933	0	0	0	0	0	0	0	0	0	0	0	0	2	0	0	0	2	0	0	0
M01896:15:000000000-A7EN9:1:2106:19849:18095	0	0	0	0	0	0	0	0	0	0	0	0	2	0	0	0	2	0	0	0
M01896:14:000000000-A7ERE:1:2116:4509:20876	0	0	0	0	0	0	0	0	0	0	0	0	2	0	0	2	3	2	0	0
M01896:14:000000000-A7ERE:1:1101:22772:2890	0	0	0	0	0	0	0	0	0	0	0	0	2	0	0	0	2	0	0	0
M00595:42:000000000-A5J1T:1:2111:15289:19804	0	0	0	0	0	0	0	0	0	0	0	0	0	2	0	0	0	0	2	0
M01896:2:000000000-A69JN:1:1101:23542:19641	0	0	0	0	0	0	0	0	0	0	0	0	0	0	47	0	0	1	0	0
M01896:2:000000000-A69JN:1:2101:16250:16107	0	0	0	0	0	0	0	0	0	0	0	0	0	0	13	0	0	1	0	0
M01896:2:000000000-A69JN:1:2102:13048:19235	0	0	0	0	0	0	0	0	0	0	0	0	0	0	5	0	0	1	0	0
M00595:42:000000000-A5J1T:1:2109:13178:16849	0	0	0	0	0	0	0	0	0	0	0	0	0	0	2	1	4	2	1	2
M01896:2:000000000-A69JN:1:2101:24165:6695	0	0	0	0	0	0	0	0	0	0	0	0	0	0	2	2	1	2	0	1
M01896:2:000000000-A69JN:1:2111:10618:22072	0	0	0	0	0	0	0	0	0	0	0	0	0	0	2	0	0	2	0	0
M01896:2:000000000-A69JN:1:1114:20405:19830	0	0	0	0	0	0	0	0	0	0	0	0	0	0	2	0	0	2	0	1
M01896:2:000000000-A69JN:1:1115:16563:1819	0	0	0	0	0	0	0	0	0	0	0	0	0	0	2	0	0	2	0	0
M01896:2:000000000-A69JN:1:2107:3408:19328	0	0	0	0	0	0	0	0	0	0	0	0	0	0	2	0	0	3	0	0
M01896:2:000000000-A69JN:1:2113:25785:16577	0	0	0	0	0	0	0	0	0	0	0	0	0	0	2	0	0	2	0	0
M01896:2:000000000-A69JN:1:2101:16746:20716	0	0	0	0	0	0	0	0	0	0	0	0	0	0	2	0	0	2	0	0
M01896:2:000000000-A69JN:1:1102:15324:11918	0	0	0	0	0	0	0	0	0	0	0	0	0	0	2	0	0	2	0	0
M01896:2:000000000-A69JN:1:2113:20876:3129	0	0	0	0	0	0	0	0	0	0	0	0	0	0	2	0	0	2	0	0
M01896:2:000000000-A69JN:1:2113:20793:19899	0	0	0	0	0	0	0	0	0	0	0	0	0	0	2	0	0	2	0	0
M01896:2:000000000-A69JN:1:2118:19616:23617	0	0	0	0	0	0	0	0	0	0	0	0	0	0	2	0	0	3	0	0
M01896:2:000000000-A69JN:1:2105:24039:4465	0	0	0	0	0	0	0	0	0	0	0	0	0	0	2	0	0	2	0	0
M01896:2:000000000-A69JN:1:1112:6732:3195	0	0	0	0	0	0	0	0	0	0	0	0	0	0	2	0	0	2	0	0
M01896:14:000000000-A7ERE:1:1101:20447:7762	0	0	0	0	0	0	0	0	0	0	0	0	0	0	0	1	1	0	0	0
M01896:14:000000000-A7ERE:1:1101:23381:13838	0	0	0	0	0	0	0	0	0	0	0	0	0	0	0	2	0	0	0	0
M00595:42:000000000-A5J1T:1:2106:9802:16782	0	0	0	0	0	0	0	0	0	0	0	0	0	0	0	11	2	1	3	4
M01896:15:000000000-A7EN9:1:1113:24240:18975	0	0	0	0	0	0	0	0	0	0	0	0	0	0	0	4	2	1	0	1
M01896:15:000000000-A7EN9:1:1105:22627:16707	0	0	0	0	0	0	0	0	0	0	0	0	0	0	0	4	2	1	0	0
M01896:14:000000000-A7ERE:1:2107:15422:24450	0	0	0	0	0	0	0	0	0	0	0	0	0	0	0	7	3	0	1	1
M00595:54:000000000-A7CT0:1:1109:19490:16255	0	0	0	0	0	0	0	0	0	0	0	0	0	0	0	1	0	0	1	1
M01896:14:000000000-A7ERE:1:2109:12450:18349	0	0	0	0	0	0	0	0	0	0	0	0	0	0	0	4	1	0	1	0
M01896:15:000000000-A7EN9:1:1113:16747:11315	0	0	0	0	0	0	0	0	0	0	0	0	0	0	0	1	2	1	0	0
M00595:54:000000000-A7CT0:1:2104:15010:12754	0	0	0	0	0	0	0	0	0	0	0	0	0	0	0	1	0	0	0	2
M01896:2:000000000-A69JN:1:1106:16614:21971	0	0	0	0	0	0	0	0	0	0	0	0	0	0	0	2	1	2	0	1
M01896:14:000000000-A7ERE:1:1105:13257:10454	0	0	0	0	0	0	0	0	0	0	0	0	0	0	0	2	0	0	0	1
M00595:54:000000000-A7CT0:1:2109:8082:11139	0	0	0	0	0	0	0	0	0	0	0	0	0	0	0	2	0	0	0	2
M00595:54:000000000-A7CT0:1:1105:26505:8840	0	0	0	0	0	0	0	0	0	0	0	0	0	0	0	2	0	0	0	3
M01896:14:000000000-A7ERE:1:1105:24927:20363	0	0	0	0	0	0	0	0	0	0	0	0	0	0	0	1	1	0	0	1
M01896:15:000000000-A7EN9:1:2106:13061:22479	0	0	0	0	0	0	0	0	0	0	0	0	0	0	0	3	1	0	0	0
M01896:14:000000000-A7ERE:1:1105:20074:15805	0	0	0	0	0	0	0	0	0	0	0	0	0	0	0	2	1	1	0	0
M01896:14:000000000-A7ERE:1:1106:9275:19983	0	0	0	0	0	0	0	0	0	0	0	0	0	0	0	1	1	0	0	1
M01896:14:000000000-A7ERE:1:2103:6164:16220	0	0	0	0	0	0	0	0	0	0	0	0	0	0	0	4	3	2	0	2
M01896:14:000000000-A7ERE:1:1107:5544:14370	0	0	0	0	0	0	0	0	0	0	0	0	0	0	0	3	0	0	0	0
M01896:14:000000000-A7ERE:1:1107:26190:14419	0	0	0	0	0	0	0	0	0	0	0	0	0	0	0	1	0	0	0	0
M00595:42:000000000-A5J1T:1:1110:8742:14909	0	0	0	0	0	0	0	0	0	0	0	0	0	0	0	4	1	0	1	2
M01896:14:000000000-A7ERE:1:1107:18445:24479	0	0	0	0	0	0	0	0	0	0	0	0	0	0	0	3	1	0	0	0
M01896:15:000000000-A7EN9:1:1114:25523:12409	0	0	0	0	0	0	0	0	0	0	0	0	0	0	0	2	0	0	0	0
M01896:14:000000000-A7ERE:1:1109:25872:16154	0	0	0	0	0	0	0	0	0	0	0	0	0	0	0	1	0	0	0	1
M01896:2:000000000-A69JN:1:1101:6538:16829	0	0	0	0	0	0	0	0	0	0	0	0	0	0	0	4	2	1	0	3
M01896:14:000000000-A7ERE:1:1105:22024:17709	0	0	0	0	0	0	0	0	0	0	0	0	0	0	0	3	2	0	0	2
M01896:14:000000000-A7ERE:1:2113:25782:6752	0	0	0	0	0	0	0	0	0	0	0	0	0	0	0	10	9	0	0	1
M01896:14:000000000-A7ERE:1:1112:16180:19137	0	0	0	0	0	0	0	0	0	0	0	0	0	0	0	2	0	0	0	0
M01896:14:000000000-A7ERE:1:1112:4588:20487	0	0	0	0	0	0	0	0	0	0	0	0	0	0	0	4	1	1	0	0
M01896:14:000000000-A7ERE:1:2112:13346:17914	0	0	0	0	0	0	0	0	0	0	0	0	0	0	0	2	1	1	0	1
M01896:14:000000000-A7ERE:1:1114:22594:14252	0	0	0	0	0	0	0	0	0	0	0	0	0	0	0	2	0	0	0	0
M01896:15:000000000-A7EN9:1:1105:8418:17434	0	0	0	0	0	0	0	0	0	0	0	0	0	0	0	4	3	1	0	0
M01896:14:000000000-A7ERE:1:2111:22072:11270	0	0	0	0	0	0	0	0	0	0	0	0	0	0	0	3	0	0	0	0
M01896:14:000000000-A7ERE:1:1115:7691:18639	0	0	0	0	0	0	0	0	0	0	0	0	0	0	0	2	0	0	0	0
M00595:42:000000000-A5J1T:1:1117:18123:18586	0	0	0	0	0	0	0	0	0	0	0	0	0	0	0	1	0	1	1	0
M01896:15:000000000-A7EN9:1:2107:6416:9529	0	0	0	0	0	0	0	0	0	0	0	0	0	0	0	4	4	1	0	2
M01896:14:000000000-A7ERE:1:1119:12270:12911	0	0	0	0	0	0	0	0	0	0	0	0	0	0	0	3	2	0	0	0
M01896:14:000000000-A7ERE:1:1117:8696:16110	0	0	0	0	0	0	0	0	0	0	0	0	0	0	0	1	1	0	0	0
M01896:14:000000000-A7ERE:1:2101:6358:11231	0	0	0	0	0	0	0	0	0	0	0	0	0	0	0	2	0	0	0	0
M01896:15:000000000-A7EN9:1:1109:20281:12390	0	0	0	0	0	0	0	0	0	0	0	0	0	0	0	3	0	0	0	2
M01896:15:000000000-A7EN9:1:1112:16148:23082	0	0	0	0	0	0	0	0	0	0	0	0	0	0	0	3	0	0	0	0
M01896:14:000000000-A7ERE:1:2104:12380:6476	0	0	0	0	0	0	0	0	0	0	0	0	0	0	0	1	0	0	0	0
M01896:14:000000000-A7ERE:1:2104:7551:19685	0	0	0	0	0	0	0	0	0	0	0	0	0	0	0	4	5	0	0	1
M01896:14:000000000-A7ERE:1:2104:20703:9839	0	0	0	0	0	0	0	0	0	0	0	0	0	0	0	5	2	0	0	2
M01896:14:000000000-A7ERE:1:2108:23359:18535	0	0	0	0	0	0	0	0	0	0	0	0	0	0	0	5	1	0	0	1
M01896:15:000000000-A7EN9:1:1113:6832:21923	0	0	0	0	0	0	0	0	0	0	0	0	0	0	0	2	3	0	1	0
M01896:14:000000000-A7ERE:1:2108:4074:18921	0	0	0	0	0	0	0	0	0	0	0	0	0	0	0	4	0	0	1	0
M01896:14:000000000-A7ERE:1:1103:28432:14593	0	0	0	0	0	0	0	0	0	0	0	0	0	0	0	4	0	0	0	1
M01896:14:000000000-A7ERE:1:1110:17190:17174	0	0	0	0	0	0	0	0	0	0	0	0	0	0	0	2	0	0	0	0
M01896:14:000000000-A7ERE:1:2109:22807:24166	0	0	0	0	0	0	0	0	0	0	0	0	0	0	0	1	2	0	0	0
M01896:14:000000000-A7ERE:1:2104:10318:19428	0	0	0	0	0	0	0	0	0	0	0	0	0	0	0	1	2	0	0	1
M01896:14:000000000-A7ERE:1:2110:2544:14636	0	0	0	0	0	0	0	0	0	0	0	0	0	0	0	1	0	27	0	6
M01896:14:000000000-A7ERE:1:1103:5309:5322	0	0	0	0	0	0	0	0	0	0	0	0	0	0	0	3	3	0	0	0
M00595:54:000000000-A7CT0:1:1119:14254:14897	0	0	0	0	0	0	0	0	0	0	0	0	0	0	0	1	0	0	0	2
M01896:14:000000000-A7ERE:1:2113:2725:12712	0	0	0	0	0	0	0	0	0	0	0	0	0	0	0	2	0	0	0	0
M01896:14:000000000-A7ERE:1:2113:14518:13324	0	0	0	0	0	0	0	0	0	0	0	0	0	0	0	2	1	0	0	0
M01896:14:000000000-A7ERE:1:2115:14927:5189	0	0	0	0	0	0	0	0	0	0	0	0	0	0	0	4	0	0	0	0
M01896:14:000000000-A7ERE:1:2114:18862:24749	0	0	0	0	0	0	0	0	0	0	0	0	0	0	0	2	0	0	0	0
M01896:14:000000000-A7ERE:1:2116:4871:6430	0	0	0	0	0	0	0	0	0	0	0	0	0	0	0	2	0	0	0	0
M01896:14:000000000-A7ERE:1:2116:25155:14256	0	0	0	0	0	0	0	0	0	0	0	0	0	0	0	2	0	0	0	0
M01896:14:000000000-A7ERE:1:2118:22972:13312	0	0	0	0	0	0	0	0	0	0	0	0	0	0	0	3	1	0	0	0
M01896:14:000000000-A7ERE:1:2116:26941:10874	0	0	0	0	0	0	0	0	0	0	0	0	0	0	0	7	1	1	2	0
M01896:15:000000000-A7EN9:1:2107:5890:8306	0	0	0	0	0	0	0	0	0	0	0	0	0	0	0	3	0	0	0	1
M01896:2:000000000-A69JN:1:1106:10687:24066	0	0	0	0	0	0	0	0	0	0	0	0	0	0	0	1	1	1	0	1
M01896:14:000000000-A7ERE:1:2118:22035:17699	0	0	0	0	0	0	0	0	0	0	0	0	0	0	0	2	0	1	1	0
M01896:14:000000000-A7ERE:1:2118:19587:21306	0	0	0	0	0	0	0	0	0	0	0	0	0	0	0	1	6	2	0	2
M01896:14:000000000-A7ERE:1:2116:9083:17851	0	0	0	0	0	0	0	0	0	0	0	0	0	0	0	1	1	68	1	9
M00595:42:000000000-A5J1T:1:1115:7566:7709	0	0	0	0	0	0	0	0	0	0	0	0	0	0	0	1	2	0	1	0
M01896:14:000000000-A7ERE:1:2118:14169:23830	0	0	0	0	0	0	0	0	0	0	0	0	0	0	0	1	2	0	0	0
M01896:15:000000000-A7EN9:1:1115:22460:3541	0	0	0	0	0	0	0	0	0	0	0	0	0	0	0	1	1	0	0	0
M00595:42:000000000-A5J1T:1:1110:4279:10832	0	0	0	0	0	0	0	0	0	0	0	0	0	0	0	4	2	0	1	4
M01896:15:000000000-A7EN9:1:1102:23228:16964	0	0	0	0	0	0	0	0	0	0	0	0	0	0	0	1	1	1	1	0
M01896:15:000000000-A7EN9:1:2110:5549:17502	0	0	0	0	0	0	0	0	0	0	0	0	0	0	0	2	2	0	0	0
M01896:15:000000000-A7EN9:1:1103:19556:3668	0	0	0	0	0	0	0	0	0	0	0	0	0	0	0	2	1	0	0	0
M01896:15:000000000-A7EN9:1:1104:6974:8106	0	0	0	0	0	0	0	0	0	0	0	0	0	0	0	6	6	1	0	2
M01896:14:000000000-A7ERE:1:1106:11498:13928	0	0	0	0	0	0	0	0	0	0	0	0	0	0	0	4	3	1	0	3
M00595:42:000000000-A5J1T:1:1107:14683:19906	0	0	0	0	0	0	0	0	0	0	0	0	0	0	0	1	0	0	1	0
M01896:14:000000000-A7ERE:1:1108:5049:4479	0	0	0	0	0	0	0	0	0	0	0	0	0	0	0	2	1	0	0	1
M01896:15:000000000-A7EN9:1:1105:3059:11770	0	0	0	0	0	0	0	0	0	0	0	0	0	0	0	2	0	0	0	0
M01896:2:000000000-A69JN:1:2108:18311:10164	0	0	0	0	0	0	0	0	0	0	0	0	0	0	0	1	0	4	0	1
M01896:15:000000000-A7EN9:1:1108:16061:18378	0	0	0	0	0	0	0	0	0	0	0	0	0	0	0	2	0	1	0	0
M01896:15:000000000-A7EN9:1:1111:6229:13450	0	0	0	0	0	0	0	0	0	0	0	0	0	0	0	3	0	0	0	1
M01896:15:000000000-A7EN9:1:1111:4590:14838	0	0	0	0	0	0	0	0	0	0	0	0	0	0	0	2	1	0	1	1
M01896:15:000000000-A7EN9:1:1112:13077:23729	0	0	0	0	0	0	0	0	0	0	0	0	0	0	0	2	0	0	0	0
M01896:15:000000000-A7EN9:1:1113:11664:13844	0	0	0	0	0	0	0	0	0	0	0	0	0	0	0	4	3	0	0	1
M01896:15:000000000-A7EN9:1:1114:9362:10153	0	0	0	0	0	0	0	0	0	0	0	0	0	0	0	4	2	0	0	0
M01896:15:000000000-A7EN9:1:1115:17980:14973	0	0	0	0	0	0	0	0	0	0	0	0	0	0	0	3	0	0	0	0
M01896:14:000000000-A7ERE:1:1109:24677:9479	0	0	0	0	0	0	0	0	0	0	0	0	0	0	0	1	2	0	0	0
M00595:54:000000000-A7CT0:1:2111:24039:4726	0	0	0	0	0	0	0	0	0	0	0	0	0	0	0	2	2	0	0	1
M01896:2:000000000-A69JN:1:1109:20970:15002	0	0	0	0	0	0	0	0	0	0	0	0	0	0	0	1	1	2	0	0
M01896:15:000000000-A7EN9:1:1118:23678:8002	0	0	0	0	0	0	0	0	0	0	0	0	0	0	0	1	0	0	0	0
M01896:15:000000000-A7EN9:1:1116:24433:3765	0	0	0	0	0	0	0	0	0	0	0	0	0	0	0	2	4	0	2	0
M01896:14:000000000-A7ERE:1:1103:3669:19463	0	0	0	0	0	0	0	0	0	0	0	0	0	0	0	5	2	1	2	2
M01896:15:000000000-A7EN9:1:2102:19943:3422	0	0	0	0	0	0	0	0	0	0	0	0	0	0	0	3	0	0	0	0
M01896:14:000000000-A7ERE:1:2101:10270:21320	0	0	0	0	0	0	0	0	0	0	0	0	0	0	0	2	1	0	0	0
M01896:2:000000000-A69JN:1:1116:7998:11449	0	0	0	0	0	0	0	0	0	0	0	0	0	0	0	1	1	1	1	1
M01896:15:000000000-A7EN9:1:2106:4099:17246	0	0	0	0	0	0	0	0	0	0	0	0	0	0	0	3	0	1	1	0
M01896:15:000000000-A7EN9:1:2106:22877:20755	0	0	0	0	0	0	0	0	0	0	0	0	0	0	0	2	0	0	0	0
M00595:54:000000000-A7CT0:1:1119:25441:10800	0	0	0	0	0	0	0	0	0	0	0	0	0	0	0	2	2	0	0	1
M01896:15:000000000-A7EN9:1:2107:17739:17306	0	0	0	0	0	0	0	0	0	0	0	0	0	0	0	2	1	0	0	0
M01896:15:000000000-A7EN9:1:2115:24189:10975	0	0	0	0	0	0	0	0	0	0	0	0	0	0	0	1	2	0	0	1
M01896:15:000000000-A7EN9:1:2107:8099:18667	0	0	0	0	0	0	0	0	0	0	0	0	0	0	0	2	0	0	0	0
M01896:14:000000000-A7ERE:1:2112:7532:7322	0	0	0	0	0	0	0	0	0	0	0	0	0	0	0	2	1	2	0	0
M01896:15:000000000-A7EN9:1:2111:14975:6690	0	0	0	0	0	0	0	0	0	0	0	0	0	0	0	2	1	0	0	0
M01896:15:000000000-A7EN9:1:2110:17485:10959	0	0	0	0	0	0	0	0	0	0	0	0	0	0	0	2	0	0	0	0
M01896:15:000000000-A7EN9:1:2103:26089:8747	0	0	0	0	0	0	0	0	0	0	0	0	0	0	0	2	3	1	0	0
M01896:15:000000000-A7EN9:1:2115:28234:18164	0	0	0	0	0	0	0	0	0	0	0	0	0	0	0	3	0	0	0	0
M01896:15:000000000-A7EN9:1:2118:19777:6137	0	0	0	0	0	0	0	0	0	0	0	0	0	0	0	2	0	0	0	0
M01896:15:000000000-A7EN9:1:2118:18954:18172	0	0	0	0	0	0	0	0	0	0	0	0	0	0	0	2	0	0	0	0
M01896:15:000000000-A7EN9:1:2119:21761:16430	0	0	0	0	0	0	0	0	0	0	0	0	0	0	0	2	0	1	0	0
M01896:15:000000000-A7EN9:1:1112:18892:17671	0	0	0	0	0	0	0	0	0	0	0	0	0	0	0	2	1	2	0	2
M01896:14:000000000-A7ERE:1:1103:6947:4131	0	0	0	0	0	0	0	0	0	0	0	0	0	0	0	2	2	0	0	0
M00595:42:000000000-A5J1T:1:2106:11160:19289	0	0	0	0	0	0	0	0	0	0	0	0	0	0	0	4	1	1	1	1
M00595:54:000000000-A7CT0:1:2119:11770:20544	0	0	0	0	0	0	0	0	0	0	0	0	0	0	0	1	4	2	1	2
M01896:15:000000000-A7EN9:1:2116:13048:23513	0	0	0	0	0	0	0	0	0	0	0	0	0	0	0	3	0	0	0	0
M00595:54:000000000-A7CT0:1:1119:10423:23256	0	0	0	0	0	0	0	0	0	0	0	0	0	0	0	1	0	0	0	1
M01896:14:000000000-A7ERE:1:1116:11025:20869	0	0	0	0	0	0	0	0	0	0	0	0	0	0	0	5	2	0	1	0
M00595:54:000000000-A7CT0:1:1112:5677:11796	0	0	0	0	0	0	0	0	0	0	0	0	0	0	0	2	1	0	0	2
M00595:54:000000000-A7CT0:1:2103:9060:14123	0	0	0	0	0	0	0	0	0	0	0	0	0	0	0	1	1	0	0	2
M01896:14:000000000-A7ERE:1:1105:21063:14335	0	0	0	0	0	0	0	0	0	0	0	0	0	0	0	1	1	1	0	0
M00595:42:000000000-A5J1T:1:1110:11441:14399	0	0	0	0	0	0	0	0	0	0	0	0	0	0	0	4	3	1	1	0
M01896:15:000000000-A7EN9:1:1113:9892:15217	0	0	0	0	0	0	0	0	0	0	0	0	0	0	0	4	0	0	0	0
M00595:42:000000000-A5J1T:1:1116:20774:21839	0	0	0	0	0	0	0	0	0	0	0	0	0	0	0	1	0	0	2	0
M01896:14:000000000-A7ERE:1:1113:16677:6702	0	0	0	0	0	0	0	0	0	0	0	0	0	0	0	2	3	4	0	0
M01896:14:000000000-A7ERE:1:1113:15758:22292	0	0	0	0	0	0	0	0	0	0	0	0	0	0	0	1	0	1	0	1
M01896:14:000000000-A7ERE:1:1113:15102:17663	0	0	0	0	0	0	0	0	0	0	0	0	0	0	0	1	1	0	0	0
M01896:14:000000000-A7ERE:1:1113:26339:21700	0	0	0	0	0	0	0	0	0	0	0	0	0	0	0	1	1	0	0	0
M01896:14:000000000-A7ERE:1:1111:26061:19328	0	0	0	0	0	0	0	0	0	0	0	0	0	0	0	1	2	1	0	1
M00595:42:000000000-A5J1T:1:1117:7564:12295	0	0	0	0	0	0	0	0	0	0	0	0	0	0	0	1	3	0	1	0
M01896:14:000000000-A7ERE:1:1117:4890:15367	0	0	0	0	0	0	0	0	0	0	0	0	0	0	0	2	0	1	0	0
M01896:14:000000000-A7ERE:1:1118:5592:9510	0	0	0	0	0	0	0	0	0	0	0	0	0	0	0	1	0	0	0	0
M01896:14:000000000-A7ERE:1:1118:14561:12911	0	0	0	0	0	0	0	0	0	0	0	0	0	0	0	2	0	0	0	0
M01896:14:000000000-A7ERE:1:2105:21711:16106	0	0	0	0	0	0	0	0	0	0	0	0	0	0	0	2	0	0	0	0
M01896:14:000000000-A7ERE:1:2106:22372:24353	0	0	0	0	0	0	0	0	0	0	0	0	0	0	0	2	1	0	0	1
M01896:15:000000000-A7EN9:1:1104:19429:23997	0	0	0	0	0	0	0	0	0	0	0	0	0	0	0	4	3	1	0	0
M01896:14:000000000-A7ERE:1:2110:9460:15815	0	0	0	0	0	0	0	0	0	0	0	0	0	0	0	1	0	0	0	0
M01896:15:000000000-A7EN9:1:1111:21136:9627	0	0	0	0	0	0	0	0	0	0	0	0	0	0	0	2	0	3	1	0
M01896:15:000000000-A7EN9:1:2101:15190:18158	0	0	0	0	0	0	0	0	0	0	0	0	0	0	0	3	9	63	0	1
M01896:14:000000000-A7ERE:1:2113:10848:3069	0	0	0	0	0	0	0	0	0	0	0	0	0	0	0	1	1	0	0	0
M01896:2:000000000-A69JN:1:2117:19156:24229	0	0	0	0	0	0	0	0	0	0	0	0	0	0	0	1	2	2	0	1
M01896:15:000000000-A7EN9:1:1112:13354:19326	0	0	0	0	0	0	0	0	0	0	0	0	0	0	0	1	2	0	0	0
M01896:14:000000000-A7ERE:1:2114:18798:5693	0	0	0	0	0	0	0	0	0	0	0	0	0	0	0	2	0	0	0	0
M01896:2:000000000-A69JN:1:2119:16590:12584	0	0	0	0	0	0	0	0	0	0	0	0	0	0	0	1	0	1	0	0
M01896:14:000000000-A7ERE:1:2119:12856:23893	0	0	0	0	0	0	0	0	0	0	0	0	0	0	0	2	0	0	0	0
M01896:2:000000000-A69JN:1:1113:16302:2599	0	0	0	0	0	0	0	0	0	0	0	0	0	0	0	1	0	2	0	0
M00595:42:000000000-A5J1T:1:2114:23364:13413	0	0	0	0	0	0	0	0	0	0	0	0	0	0	0	2	0	0	2	0
M01896:15:000000000-A7EN9:1:1104:15620:4169	0	0	0	0	0	0	0	0	0	0	0	0	0	0	0	2	4	1	0	1
M01896:2:000000000-A69JN:1:1115:10159:23405	0	0	0	0	0	0	0	0	0	0	0	0	0	0	0	2	0	1	0	2
M01896:15:000000000-A7EN9:1:1105:17974:19002	0	0	0	0	0	0	0	0	0	0	0	0	0	0	0	2	0	0	0	0
M01896:15:000000000-A7EN9:1:1108:4005:17139	0	0	0	0	0	0	0	0	0	0	0	0	0	0	0	2	0	0	0	0
M01896:15:000000000-A7EN9:1:1108:2574:15305	0	0	0	0	0	0	0	0	0	0	0	0	0	0	0	2	1	1	0	0
M01896:15:000000000-A7EN9:1:1111:6827:14567	0	0	0	0	0	0	0	0	0	0	0	0	0	0	0	1	1	0	0	0
M01896:15:000000000-A7EN9:1:1104:7494:15699	0	0	0	0	0	0	0	0	0	0	0	0	0	0	0	1	2	0	0	1
M01896:15:000000000-A7EN9:1:1115:2886:16071	0	0	0	0	0	0	0	0	0	0	0	0	0	0	0	2	1	0	1	1
M01896:15:000000000-A7EN9:1:1114:16332:5419	0	0	0	0	0	0	0	0	0	0	0	0	0	0	0	1	3	1	0	1
M00595:54:000000000-A7CT0:1:1115:14978:15191	0	0	0	0	0	0	0	0	0	0	0	0	0	0	0	4	1	0	2	1
M01896:15:000000000-A7EN9:1:2101:26576:11017	0	0	0	0	0	0	0	0	0	0	0	0	0	0	0	1	2	0	0	0
M01896:15:000000000-A7EN9:1:2101:22894:15490	0	0	0	0	0	0	0	0	0	0	0	0	0	0	0	2	0	0	0	0
M01896:15:000000000-A7EN9:1:2104:17218:13797	0	0	0	0	0	0	0	0	0	0	0	0	0	0	0	2	0	0	0	0
M01896:15:000000000-A7EN9:1:2107:9907:13361	0	0	0	0	0	0	0	0	0	0	0	0	0	0	0	1	2	1	0	0
M01896:15:000000000-A7EN9:1:2110:19543:16369	0	0	0	0	0	0	0	0	0	0	0	0	0	0	0	2	0	0	0	0
M01896:15:000000000-A7EN9:1:2110:26168:17194	0	0	0	0	0	0	0	0	0	0	0	0	0	0	0	1	0	1	0	0
M01896:15:000000000-A7EN9:1:2118:16660:18639	0	0	0	0	0	0	0	0	0	0	0	0	0	0	0	1	1	0	0	1
M01896:2:000000000-A69JN:1:1103:15668:14101	0	0	0	0	0	0	0	0	0	0	0	0	0	0	0	1	0	1	0	0
M01896:15:000000000-A7EN9:1:2118:10570:20473	0	0	0	0	0	0	0	0	0	0	0	0	0	0	0	1	1	0	0	1
M01896:2:000000000-A69JN:1:1106:14297:7887	0	0	0	0	0	0	0	0	0	0	0	0	0	0	0	1	4	1	0	1
M01896:14:000000000-A7ERE:1:2109:24370:8704	0	0	0	0	0	0	0	0	0	0	0	0	0	0	0	1	2	0	0	0
M01896:15:000000000-A7EN9:1:2114:14217:16812	0	0	0	0	0	0	0	0	0	0	0	0	0	0	0	0	2	3	0	1
M00595:54:000000000-A7CT0:1:2116:5044:10918	0	0	0	0	0	0	0	0	0	0	0	0	0	0	0	0	3	0	0	2
M00595:54:000000000-A7CT0:1:1107:9998:17215	0	0	0	0	0	0	0	0	0	0	0	0	0	0	0	0	2	0	0	1
M01896:14:000000000-A7ERE:1:1109:5804:18915	0	0	0	0	0	0	0	0	0	0	0	0	0	0	0	0	2	0	0	0
M01896:14:000000000-A7ERE:1:1111:3386:12705	0	0	0	0	0	0	0	0	0	0	0	0	0	0	0	0	2	2	0	0
M01896:14:000000000-A7ERE:1:1112:26607:8556	0	0	0	0	0	0	0	0	0	0	0	0	0	0	0	0	2	0	0	0
M00595:54:000000000-A7CT0:1:1106:11266:10523	0	0	0	0	0	0	0	0	0	0	0	0	0	0	0	0	1	1	0	5
M01896:14:000000000-A7ERE:1:2101:20897:14127	0	0	0	0	0	0	0	0	0	0	0	0	0	0	0	0	2	0	0	0
M01896:14:000000000-A7ERE:1:2103:24772:12429	0	0	0	0	0	0	0	0	0	0	0	0	0	0	0	0	1	0	0	0
M01896:14:000000000-A7ERE:1:2103:9779:22740	0	0	0	0	0	0	0	0	0	0	0	0	0	0	0	0	2	0	0	0
M00595:42:000000000-A5J1T:1:2112:10373:10873	0	0	0	0	0	0	0	0	0	0	0	0	0	0	0	0	1	1	2	0
M01896:14:000000000-A7ERE:1:2117:6917:9186	0	0	0	0	0	0	0	0	0	0	0	0	0	0	0	0	2	0	0	0
M01896:15:000000000-A7EN9:1:1105:5476:5331	0	0	0	0	0	0	0	0	0	0	0	0	0	0	0	0	3	2	0	0
M01896:2:000000000-A69JN:1:2102:2531:9721	0	0	0	0	0	0	0	0	0	0	0	0	0	0	0	0	1	2	0	0
M00595:42:000000000-A5J1T:1:2103:8382:2289	0	0	0	0	0	0	0	0	0	0	0	0	0	0	0	0	3	3	2	0
M01896:2:000000000-A69JN:1:2118:10010:24329	0	0	0	0	0	0	0	0	0	0	0	0	0	0	0	0	1	1	0	0
M00595:54:000000000-A7CT0:1:2104:6081:9606	0	0	0	0	0	0	0	0	0	0	0	0	0	0	0	0	1	1	0	1
M01896:15:000000000-A7EN9:1:1108:14004:20162	0	0	0	0	0	0	0	0	0	0	0	0	0	0	0	0	2	0	0	0
M01896:15:000000000-A7EN9:1:1109:17632:22556	0	0	0	0	0	0	0	0	0	0	0	0	0	0	0	0	2	0	0	0
M01896:15:000000000-A7EN9:1:1111:16434:5118	0	0	0	0	0	0	0	0	0	0	0	0	0	0	0	0	3	0	0	0
M01896:15:000000000-A7EN9:1:1115:16775:19143	0	0	0	0	0	0	0	0	0	0	0	0	0	0	0	0	3	0	0	0
M01896:15:000000000-A7EN9:1:2101:13049:16208	0	0	0	0	0	0	0	0	0	0	0	0	0	0	0	0	2	0	0	0
M01896:15:000000000-A7EN9:1:2110:22600:12505	0	0	0	0	0	0	0	0	0	0	0	0	0	0	0	0	1	0	0	0
M01896:15:000000000-A7EN9:1:2114:9506:21064	0	0	0	0	0	0	0	0	0	0	0	0	0	0	0	0	2	0	0	0
M01896:15:000000000-A7EN9:1:2118:21490:7669	0	0	0	0	0	0	0	0	0	0	0	0	0	0	0	0	1	1	0	1
M01896:14:000000000-A7ERE:1:1102:22826:13807	0	0	0	0	0	0	0	0	0	0	0	0	0	0	0	0	2	0	0	0
M01896:14:000000000-A7ERE:1:1102:11697:20243	0	0	0	0	0	0	0	0	0	0	0	0	0	0	0	0	2	2	0	0
M01896:14:000000000-A7ERE:1:1104:5864:13224	0	0	0	0	0	0	0	0	0	0	0	0	0	0	0	0	2	0	0	0
M01896:14:000000000-A7ERE:1:1106:14531:5954	0	0	0	0	0	0	0	0	0	0	0	0	0	0	0	0	2	0	0	0
M01896:14:000000000-A7ERE:1:1106:16659:13607	0	0	0	0	0	0	0	0	0	0	0	0	0	0	0	0	2	0	0	0
M01896:14:000000000-A7ERE:1:1109:16031:6585	0	0	0	0	0	0	0	0	0	0	0	0	0	0	0	0	2	0	0	1
M01896:14:000000000-A7ERE:1:1109:10827:16120	0	0	0	0	0	0	0	0	0	0	0	0	0	0	0	0	2	0	0	0
M01896:2:000000000-A69JN:1:1118:26999:8438	0	0	0	0	0	0	0	0	0	0	0	0	0	0	0	0	1	2	0	0
M01896:14:000000000-A7ERE:1:1115:20282:11150	0	0	0	0	0	0	0	0	0	0	0	0	0	0	0	0	1	1	0	0
M00595:42:000000000-A5J1T:1:1113:7691:21803	0	0	0	0	0	0	0	0	0	0	0	0	0	0	0	0	2	0	2	0
M01896:14:000000000-A7ERE:1:1119:12916:22836	0	0	0	0	0	0	0	0	0	0	0	0	0	0	0	0	1	0	0	0
M01896:14:000000000-A7ERE:1:2103:6251:16439	0	0	0	0	0	0	0	0	0	0	0	0	0	0	0	0	2	0	0	0
M00595:54:000000000-A7CT0:1:2103:16211:14922	0	0	0	0	0	0	0	0	0	0	0	0	0	0	0	0	1	0	0	2
M01896:15:000000000-A7EN9:1:1102:5690:10530	0	0	0	0	0	0	0	0	0	0	0	0	0	0	0	0	2	0	0	1
M01896:14:000000000-A7ERE:1:2111:17653:7472	0	0	0	0	0	0	0	0	0	0	0	0	0	0	0	0	2	0	0	0
M00595:54:000000000-A7CT0:1:1118:13207:4588	0	0	0	0	0	0	0	0	0	0	0	0	0	0	0	0	1	2	0	1
M01896:14:000000000-A7ERE:1:2114:9680:10914	0	0	0	0	0	0	0	0	0	0	0	0	0	0	0	0	1	0	0	1
M01896:15:000000000-A7EN9:1:1102:22070:11778	0	0	0	0	0	0	0	0	0	0	0	0	0	0	0	0	2	0	0	0
M01896:15:000000000-A7EN9:1:1102:11569:15816	0	0	0	0	0	0	0	0	0	0	0	0	0	0	0	0	1	0	0	0
M01896:15:000000000-A7EN9:1:1102:7255:20666	0	0	0	0	0	0	0	0	0	0	0	0	0	0	0	0	2	0	0	0
M01896:15:000000000-A7EN9:1:1107:19902:9244	0	0	0	0	0	0	0	0	0	0	0	0	0	0	0	0	2	0	0	0
M01896:15:000000000-A7EN9:1:1116:8857:3570	0	0	0	0	0	0	0	0	0	0	0	0	0	0	0	0	2	0	0	0
M01896:15:000000000-A7EN9:1:2102:21091:17779	0	0	0	0	0	0	0	0	0	0	0	0	0	0	0	0	1	1	0	0
M01896:15:000000000-A7EN9:1:2103:25700:10105	0	0	0	0	0	0	0	0	0	0	0	0	0	0	0	0	2	0	0	0
M00595:54:000000000-A7CT0:1:1107:17485:8490	0	0	0	0	0	0	0	0	0	0	0	0	0	0	0	0	1	0	0	1
M01896:15:000000000-A7EN9:1:2104:4341:11466	0	0	0	0	0	0	0	0	0	0	0	0	0	0	0	0	2	1	0	0
M01896:15:000000000-A7EN9:1:2105:18015:7150	0	0	0	0	0	0	0	0	0	0	0	0	0	0	0	0	1	0	0	0
M01896:2:000000000-A69JN:1:1119:20835:18013	0	0	0	0	0	0	0	0	0	0	0	0	0	0	0	0	1	2	0	2
M01896:15:000000000-A7EN9:1:2110:11219:14342	0	0	0	0	0	0	0	0	0	0	0	0	0	0	0	0	3	0	0	0
M01896:15:000000000-A7EN9:1:2111:19304:11125	0	0	0	0	0	0	0	0	0	0	0	0	0	0	0	0	2	0	0	0
M01896:15:000000000-A7EN9:1:2111:6806:17217	0	0	0	0	0	0	0	0	0	0	0	0	0	0	0	0	2	0	0	0
M01896:15:000000000-A7EN9:1:2115:13440:13797	0	0	0	0	0	0	0	0	0	0	0	0	0	0	0	0	1	0	1	1
M01896:15:000000000-A7EN9:1:2117:5070:7051	0	0	0	0	0	0	0	0	0	0	0	0	0	0	0	0	1	1	0	1
M01896:15:000000000-A7EN9:1:2117:6075:13438	0	0	0	0	0	0	0	0	0	0	0	0	0	0	0	0	2	0	0	0
M01896:15:000000000-A7EN9:1:2118:18816:5802	0	0	0	0	0	0	0	0	0	0	0	0	0	0	0	0	2	0	0	0
M01896:2:000000000-A69JN:1:1101:11359:18334	0	0	0	0	0	0	0	0	0	0	0	0	0	0	0	0	0	6	0	0
M01896:2:000000000-A69JN:1:1104:25398:15707	0	0	0	0	0	0	0	0	0	0	0	0	0	0	0	0	0	1	0	0
M00595:54:000000000-A7CT0:1:2118:16359:8607	0	0	0	0	0	0	0	0	0	0	0	0	0	0	0	0	0	1	0	1
M01896:2:000000000-A69JN:1:1110:20570:17731	0	0	0	0	0	0	0	0	0	0	0	0	0	0	0	0	0	2	0	0
M00595:54:000000000-A7CT0:1:1109:14792:17015	0	0	0	0	0	0	0	0	0	0	0	0	0	0	0	0	0	5	0	1
M00595:54:000000000-A7CT0:1:2103:15485:10584	0	0	0	0	0	0	0	0	0	0	0	0	0	0	0	0	0	1	0	3
M01896:2:000000000-A69JN:1:1117:6440:19548	0	0	0	0	0	0	0	0	0	0	0	0	0	0	0	0	0	2	0	0
M00595:54:000000000-A7CT0:1:2118:4013:11663	0	0	0	0	0	0	0	0	0	0	0	0	0	0	0	0	0	2	0	2
M01896:2:000000000-A69JN:1:1117:23056:23797	0	0	0	0	0	0	0	0	0	0	0	0	0	0	0	0	0	2	0	0
M01896:2:000000000-A69JN:1:2101:25555:9774	0	0	0	0	0	0	0	0	0	0	0	0	0	0	0	0	0	2	0	0
M01896:2:000000000-A69JN:1:2104:9161:16984	0	0	0	0	0	0	0	0	0	0	0	0	0	0	0	0	0	2	0	0
M01896:2:000000000-A69JN:1:2106:6389:22526	0	0	0	0	0	0	0	0	0	0	0	0	0	0	0	0	0	2	0	0
M01896:2:000000000-A69JN:1:2108:13255:11546	0	0	0	0	0	0	0	0	0	0	0	0	0	0	0	0	0	2	0	0
M01896:2:000000000-A69JN:1:2112:24903:5782	0	0	0	0	0	0	0	0	0	0	0	0	0	0	0	0	0	2	0	0
M01896:2:000000000-A69JN:1:2113:10540:9518	0	0	0	0	0	0	0	0	0	0	0	0	0	0	0	0	0	2	0	0
M01896:2:000000000-A69JN:1:2113:22367:19612	0	0	0	0	0	0	0	0	0	0	0	0	0	0	0	0	0	3	0	0
M01896:2:000000000-A69JN:1:2114:18122:19183	0	0	0	0	0	0	0	0	0	0	0	0	0	0	0	0	0	2	0	0
M01896:2:000000000-A69JN:1:2116:5011:15780	0	0	0	0	0	0	0	0	0	0	0	0	0	0	0	0	0	2	0	0
M01896:2:000000000-A69JN:1:2117:27121:13583	0	0	0	0	0	0	0	0	0	0	0	0	0	0	0	0	0	3	0	0
M01896:2:000000000-A69JN:1:1103:26790:6508	0	0	0	0	0	0	0	0	0	0	0	0	0	0	0	0	0	2	0	0
M01896:2:000000000-A69JN:1:1102:10661:20351	0	0	0	0	0	0	0	0	0	0	0	0	0	0	0	0	0	3	0	0
M01896:2:000000000-A69JN:1:1107:6989:18823	0	0	0	0	0	0	0	0	0	0	0	0	0	0	0	0	0	2	0	0
M01896:2:000000000-A69JN:1:1108:7344:20383	0	0	0	0	0	0	0	0	0	0	0	0	0	0	0	0	0	2	0	0
M01896:2:000000000-A69JN:1:1110:12468:13060	0	0	0	0	0	0	0	0	0	0	0	0	0	0	0	0	0	2	0	0
M01896:2:000000000-A69JN:1:1113:22374:14632	0	0	0	0	0	0	0	0	0	0	0	0	0	0	0	0	0	2	0	0
M01896:2:000000000-A69JN:1:1113:14587:16553	0	0	0	0	0	0	0	0	0	0	0	0	0	0	0	0	0	2	0	0
M01896:2:000000000-A69JN:1:1118:7873:23539	0	0	0	0	0	0	0	0	0	0	0	0	0	0	0	0	0	2	0	0
M01896:2:000000000-A69JN:1:1119:10908:10560	0	0	0	0	0	0	0	0	0	0	0	0	0	0	0	0	0	2	0	0
M01896:2:000000000-A69JN:1:2108:4145:9771	0	0	0	0	0	0	0	0	0	0	0	0	0	0	0	0	0	3	0	0
M01896:2:000000000-A69JN:1:2101:12035:3537	0	0	0	0	0	0	0	0	0	0	0	0	0	0	0	0	0	2	0	1
M01896:2:000000000-A69JN:1:2103:7723:12546	0	0	0	0	0	0	0	0	0	0	0	0	0	0	0	0	0	2	0	0
M01896:2:000000000-A69JN:1:2104:2700:18144	0	0	0	0	0	0	0	0	0	0	0	0	0	0	0	0	0	3	0	0
M01896:2:000000000-A69JN:1:2107:20215:14681	0	0	0	0	0	0	0	0	0	0	0	0	0	0	0	0	0	2	0	0
M01896:2:000000000-A69JN:1:2112:18907:22400	0	0	0	0	0	0	0	0	0	0	0	0	0	0	0	0	0	2	0	0
M01896:2:000000000-A69JN:1:2116:26050:7885	0	0	0	0	0	0	0	0	0	0	0	0	0	0	0	0	0	2	0	0
M01896:2:000000000-A69JN:1:2117:4949:15931	0	0	0	0	0	0	0	0	0	0	0	0	0	0	0	0	0	2	0	0
M00595:54:000000000-A7CT0:1:1102:15636:10888	0	0	0	0	0	0	0	0	0	0	0	0	0	0	0	0	0	0	1	2
M00595:42:000000000-A5J1T:1:1107:23019:6504	0	0	0	0	0	0	0	0	0	0	0	0	0	0	0	0	0	0	2	1
M00595:42:000000000-A5J1T:1:1111:23130:6434	0	0	0	0	0	0	0	0	0	0	0	0	0	0	0	0	0	0	2	0
M00595:54:000000000-A7CT0:1:1103:13776:7316	0	0	0	0	0	0	0	0	0	0	0	0	0	0	0	0	0	0	1	1
M00595:42:000000000-A5J1T:1:2107:13704:6318	0	0	0	0	0	0	0	0	0	0	0	0	0	0	0	0	0	0	2	0
M00595:42:000000000-A5J1T:1:2113:12144:10781	0	0	0	0	0	0	0	0	0	0	0	0	0	0	0	0	0	0	1	1
M00595:54:000000000-A7CT0:1:1105:11906:16084	0	0	0	0	0	0	0	0	0	0	0	0	0	0	0	0	0	0	0	2
M00595:54:000000000-A7CT0:1:1106:10719:19272	0	0	0	0	0	0	0	0	0	0	0	0	0	0	0	0	0	0	0	2
M00595:54:000000000-A7CT0:1:1106:17433:23460	0	0	0	0	0	0	0	0	0	0	0	0	0	0	0	0	0	0	0	2
M00595:54:000000000-A7CT0:1:1109:9933:11282	0	0	0	0	0	0	0	0	0	0	0	0	0	0	0	0	0	0	0	2
M00595:54:000000000-A7CT0:1:1110:17841:14378	0	0	0	0	0	0	0	0	0	0	0	0	0	0	0	0	0	0	0	2
M00595:54:000000000-A7CT0:1:1110:12727:17931	0	0	0	0	0	0	0	0	0	0	0	0	0	0	0	0	0	0	0	3
M00595:54:000000000-A7CT0:1:1112:17380:12443	0	0	0	0	0	0	0	0	0	0	0	0	0	0	0	0	0	0	0	2
M00595:54:000000000-A7CT0:1:1119:23988:19484	0	0	0	0	0	0	0	0	0	0	0	0	0	0	0	0	0	0	0	2
M00595:54:000000000-A7CT0:1:2102:24397:17578	0	0	0	0	0	0	0	0	0	0	0	0	0	0	0	0	0	0	0	3
M00595:54:000000000-A7CT0:1:2109:21652:7736	0	0	0	0	0	0	0	0	0	0	0	0	0	0	0	0	0	0	0	2
M00595:54:000000000-A7CT0:1:2110:22130:11855	0	0	0	0	0	0	0	0	0	0	0	0	0	0	0	0	0	0	0	2
M00595:54:000000000-A7CT0:1:2112:17091:13670	0	0	0	0	0	0	0	0	0	0	0	0	0	0	0	0	0	0	0	2
M00595:54:000000000-A7CT0:1:2113:13585:8804	0	0	0	0	0	0	0	0	0	0	0	0	0	0	0	0	0	0	0	3
M00595:54:000000000-A7CT0:1:1108:18707:16339	0	0	0	0	0	0	0	0	0	0	0	0	0	0	0	0	0	0	0	2
M00595:54:000000000-A7CT0:1:1111:13842:17722	0	0	0	0	0	0	0	0	0	0	0	0	0	0	0	0	0	0	0	3
M00595:54:000000000-A7CT0:1:1113:26021:10996	0	0	0	0	0	0	0	0	0	0	0	0	0	0	0	0	0	0	0	2
M00595:54:000000000-A7CT0:1:1113:11543:23438	0	0	0	0	0	0	0	0	0	0	0	0	0	0	0	0	0	0	0	2
M00595:54:000000000-A7CT0:1:1114:14652:4727	0	0	0	0	0	0	0	0	0	0	0	0	0	0	0	0	0	0	0	2
M00595:54:000000000-A7CT0:1:1116:15714:12958	0	0	0	0	0	0	0	0	0	0	0	0	0	0	0	0	0	0	0	2
M00595:54:000000000-A7CT0:1:2108:6429:15572	0	0	0	0	0	0	0	0	0	0	0	0	0	0	0	0	0	0	0	2
M00595:54:000000000-A7CT0:1:2109:16793:13601	0	0	0	0	0	0	0	0	0	0	0	0	0	0	0	0	0	0	0	3
M00595:54:000000000-A7CT0:1:2112:7483:17313	0	0	0	0	0	0	0	0	0	0	0	0	0	0	0	0	0	0	0	3
M00595:54:000000000-A7CT0:1:2112:15659:17455	0	0	0	0	0	0	0	0	0	0	0	0	0	0	0	0	0	0	0	1
M00595:54:000000000-A7CT0:1:2113:7662:12709	0	0	0	0	0	0	0	0	0	0	0	0	0	0	0	0	0	0	0	3
