#OTU ID	PDD2.MID47-47.P2.apr13_ncdenovo	S1DD2.MID103-103.P2.nov13_ncdenovo	S1DD2.MID110-110.P4.jan14_ncdenovo	S1DD2.MID109-109.P2.jan14_ncdenovo	S1DD2.MID97-97.P2.dec13_ncdenovo	S1DD2.MID103-103.P2.nov13_otuclust	S1DD2.MID109-109.P2.jan14_otuclust	S1DD2.MID97-97.P2.dec13_otuclust	S1DD2.MID110-110.P4.jan14_otuclust	PDD2.MID47-47.P2.apr13_otuclust	S1DD2.MID110-110.P4.jan14_ncref	S1DD2.MID103-103.P2.nov13_ncref	S1DD2.MID97-97.P2.dec13_ncref	PDD2.MID47-47.P2.apr13_ncref	S1DD2.MID109-109.P2.jan14_ncref	S1DD2.MID109-109.P2.jan14	S1DD2.MID110-110.P4.jan14	PDD2.MID47-47.P2.apr13	S1DD2.MID97-97.P2.dec13	S1DD2.MID103-103.P2.nov13
M01896:14:000000000-A7ERE:1:1106:13350:9617	3148	1736	1794	1970	1365	1	1	1	1	1	1794	1736	1365	3148	1970	2914	2661	4184	2183	2448
M00595:42:000000000-A5J1T:1:2109:14970:23966	1461	690	404	302	441	1	1	1	1	1	404	690	441	1461	302	670	803	2148	841	1079
M00595:42:000000000-A5J1T:1:2108:28567:12243	1254	686	535	387	443	1	1	1	1	1	535	686	443	1254	387	838	1031	1802	860	1052
M00595:42:000000000-A5J1T:1:2116:15237:12084	2576	1027	588	522	469	1	1	1	1	1	588	1027	469	2576	522	1065	1171	3642	991	1665
M01896:14:000000000-A7ERE:1:2117:14496:24430	1807	929	800	639	995	1	1	1	1	1	800	929	995	1807	639	1261	1456	2623	1739	1442
M01896:2:000000000-A69JN:1:2108:4047:19276	40	50	80	110	57	0	0	0	0	0	80	50	57	40	110	110	81	41	58	50
M01896:2:000000000-A69JN:1:1101:21868:10786	40	27	12	14	21	1	1	1	1	1	12	27	21	40	14	30	26	82	46	47
M01896:2:000000000-A69JN:1:1107:12949:22053	1622	772	607	799	734	1	1	1	1	1	607	772	734	1622	799	1524	1125	2264	1317	1209
M01896:14:000000000-A7ERE:1:1113:4092:11043	1729	845	733	1636	782	1	1	1	1	1	733	845	782	1729	1636	2560	1256	2434	1301	1340
M00595:42:000000000-A5J1T:1:1112:23343:11856	1465	620	381	337	379	1	1	1	1	1	381	620	379	1465	337	717	777	2188	769	1013
M01896:14:000000000-A7ERE:1:2106:27564:19044	73	77	126	225	66	0	0	0	0	0	126	77	66	73	225	363	216	97	118	109
M01896:2:000000000-A69JN:1:2106:6750:17275	1861	489	458	312	350	1	1	1	1	1	458	489	350	1857	312	666	842	2581	660	790
M00595:42:000000000-A5J1T:1:2118:26937:7215	1149	597	286	237	326	1	1	1	1	1	286	597	326	1149	237	564	625	1732	658	981
M00595:42:000000000-A5J1T:1:2105:17494:3196	1125	1518	641	465	420	1	1	1	1	1	641	1518	420	1125	465	1124	1423	1830	991	2365
M01896:14:000000000-A7ERE:1:2108:8853:22075	1195	595	434	363	387	1	1	1	1	1	434	595	387	1195	363	814	878	1797	773	959
M01896:2:000000000-A69JN:1:1104:22275:4570	1269	672	588	601	365	1	1	1	1	1	588	672	365	1269	601	1195	1157	1962	791	1091
M00595:54:000000000-A7CT0:1:1104:18924:13974	199	120	28	26	38	1	1	1	1	1	28	120	38	199	26	107	90	455	88	287
M01896:15:000000000-A7EN9:1:2109:18176:2424	34	24	35	101	32	1	1	1	1	1	35	24	32	34	101	183	63	69	76	54
M01896:15:000000000-A7EN9:1:2101:16163:10967	2046	1002	533	461	575	1	1	1	1	1	533	1002	575	2046	461	937	1033	2927	1067	1548
M01896:15:000000000-A7EN9:1:2110:25375:20851	29	38	105	347	105	0	0	0	0	0	105	38	105	29	347	355	115	29	107	39
M01896:15:000000000-A7EN9:1:1108:14430:17182	38	73	133	215	57	0	0	0	0	0	133	73	57	38	215	226	146	38	62	74
M00595:42:000000000-A5J1T:1:1119:16330:23966	1125	309	248	169	143	1	1	1	1	1	248	309	143	1125	169	447	555	1723	368	600
M00595:42:000000000-A5J1T:1:2116:8416:5908	1048	556	348	217	240	1	1	1	1	1	348	556	240	1048	217	453	669	1590	500	911
M00595:54:000000000-A7CT0:1:1107:11133:18782	926	693	323	221	215	1	1	1	1	1	323	693	215	926	221	501	669	1534	502	1119
M01896:15:000000000-A7EN9:1:1102:18197:3937	33	60	153	257	112	0	0	0	0	0	153	60	112	33	257	278	164	36	124	64
M00595:54:000000000-A7CT0:1:1106:11214:19736	31	79	113	177	53	0	0	0	0	0	113	79	53	31	177	182	112	31	53	80
M01896:15:000000000-A7EN9:1:1114:13795:22573	32	21	27	42	14	1	1	1	1	1	27	21	14	32	42	87	43	62	40	34
M00595:42:000000000-A5J1T:1:2103:8503:10001	500	168	149	240	171	1	1	1	1	1	149	168	171	500	240	609	339	824	375	342
M01896:14:000000000-A7ERE:1:2118:24983:14059	27	38	101	160	82	0	0	0	0	0	101	38	82	27	160	164	106	28	82	38
M00595:42:000000000-A5J1T:1:1102:18660:12665	1017	488	307	276	246	1	1	1	1	1	307	488	246	1017	276	598	654	1553	538	847
M00595:42:000000000-A5J1T:1:2103:7647:15998	615	302	152	101	149	1	1	1	1	1	152	302	149	615	101	315	391	1177	352	673
M01896:2:000000000-A69JN:1:2113:25998:17602	22	33	70	121	47	0	0	0	0	0	70	33	47	22	121	121	71	22	48	33
M01896:2:000000000-A69JN:1:2101:20082:17056	27	44	61	114	78	1	1	1	1	1	61	44	78	27	114	240	126	69	167	90
M00595:54:000000000-A7CT0:1:2116:4799:5713	27	47	48	106	96	1	1	1	1	1	48	47	96	27	106	283	132	57	196	87
M00595:42:000000000-A5J1T:1:2107:12392:12487	1246	431	374	319	230	1	1	1	1	1	374	431	230	1246	319	687	815	1991	556	766
M01896:14:000000000-A7ERE:1:2105:10223:11783	21	16	9	12	19	1	1	1	1	1	9	16	19	21	12	40	32	37	44	26
M00595:42:000000000-A5J1T:1:1117:20455:19979	44	16	12	5	2	0	0	0	0	0	12	16	2	44	5	7	11	62	7	23
M01896:14:000000000-A7ERE:1:1107:10337:14813	701	353	142	98	208	1	1	1	1	1	142	353	208	701	98	281	337	1177	441	662
M01896:14:000000000-A7ERE:1:1114:10257:8778	17	25	38	62	13	0	0	0	0	0	38	25	13	17	62	63	42	17	13	25
M00595:42:000000000-A5J1T:1:1116:14382:8111	388	136	69	56	56	1	1	1	1	1	69	136	56	388	56	185	208	748	141	325
M00595:42:000000000-A5J1T:1:2117:21474:11486	1135	1546	598	488	468	1	1	1	1	1	598	1546	468	1135	488	1114	1224	1787	1078	2383
M00595:42:000000000-A5J1T:1:2110:8600:6912	828	249	155	157	106	1	1	1	1	1	155	249	106	828	157	388	367	1387	259	490
M00595:54:000000000-A7CT0:1:2106:21047:6992	887	451	200	211	214	1	1	1	1	1	200	451	214	887	211	486	490	1397	497	803
M00595:42:000000000-A5J1T:1:2107:27584:12198	179	69	4	13	5	1	1	1	1	1	4	69	5	179	13	45	28	431	34	216
M01896:14:000000000-A7ERE:1:1118:19297:9769	52	49	43	155	34	1	1	1	1	1	43	49	34	52	155	293	96	104	72	83
M00595:42:000000000-A5J1T:1:1104:23026:15266	332	390	247	248	102	1	1	1	1	1	247	390	102	332	248	682	571	656	308	749
M01896:14:000000000-A7ERE:1:1103:13337:10005	1098	467	260	275	261	1	1	1	1	1	260	467	261	1098	275	627	579	1727	575	831
M00595:42:000000000-A5J1T:1:1111:13547:9195	179	48	47	35	35	1	1	1	1	1	47	48	35	179	35	71	101	344	88	101
M01896:2:000000000-A69JN:1:2115:14667:8607	190	84	29	48	21	1	1	1	1	1	29	84	21	190	48	128	127	384	67	205
M00595:54:000000000-A7CT0:1:1101:18305:4114	98	290	239	184	263	1	1	1	1	1	239	290	263	98	184	373	479	186	513	530
M01896:2:000000000-A69JN:1:2106:11806:8668	25	4	0	0	0	0	0	0	0	0	0	4	0	25	0	0	0	44	0	5
M01896:15:000000000-A7EN9:1:2102:21797:14880	11	8	22	96	19	0	0	0	0	0	22	8	19	11	96	106	24	14	20	8
M01896:14:000000000-A7ERE:1:2106:25166:19216	55	38	72	150	45	0	0	0	0	0	72	38	45	55	150	154	73	55	45	38
M01896:15:000000000-A7EN9:1:1117:6507:18106	29	30	90	120	41	0	0	0	0	0	90	30	41	29	120	124	94	29	42	31
M01896:2:000000000-A69JN:1:1115:18226:2768	31	10	9	15	6	0	0	0	0	0	9	10	6	31	15	32	17	53	14	20
M00595:42:000000000-A5J1T:1:1119:23021:11990	11	7	8	19	4	1	1	1	1	1	8	7	4	11	19	39	26	22	12	22
M01896:15:000000000-A7EN9:1:2103:21413:17690	22	14	49	70	22	0	0	0	0	0	49	14	22	22	70	80	53	26	22	15
M00595:54:000000000-A7CT0:1:2111:14863:5535	708	331	202	157	202	1	1	1	1	1	202	331	202	708	157	403	441	1159	500	650
M01896:2:000000000-A69JN:1:2117:14436:20936	18	9	0	0	0	0	0	0	0	0	0	9	0	18	0	5	14	35	5	15
M01896:2:000000000-A69JN:1:2102:7724:14045	29	20	2	2	0	1	1	0	1	1	0	20	0	29	2	15	11	125	9	85
M01896:2:000000000-A69JN:1:1113:23695:3604	13	17	20	42	10	0	0	0	0	0	20	17	10	13	42	49	28	16	12	18
M01896:2:000000000-A69JN:1:2115:19483:16408	23	36	30	69	38	0	0	0	0	0	30	36	38	23	69	71	30	23	38	36
M01896:2:000000000-A69JN:1:1115:7206:9987	48	28	100	142	53	0	0	0	0	0	100	28	53	48	142	143	101	48	53	28
M01896:14:000000000-A7ERE:1:2117:7698:8267	8	0	3	0	0	0	0	0	0	0	3	0	0	8	0	2	4	9	0	1
M00595:54:000000000-A7CT0:1:2110:20226:15736	10	0	0	2	4	0	0	0	0	0	0	0	2	10	2	10	5	16	5	4
M00595:54:000000000-A7CT0:1:1117:15169:8778	29	26	52	109	26	0	0	0	0	0	52	26	26	29	109	109	52	29	26	26
M00595:54:000000000-A7CT0:1:2107:15783:13545	12	0	2	0	0	0	0	1	1	0	5	0	3	12	0	9	11	29	10	14
M01896:2:000000000-A69JN:1:1107:10971:6348	26	9	4	13	0	0	0	0	0	0	4	9	0	26	13	23	19	51	3	32
M00595:42:000000000-A5J1T:1:2103:25463:17540	11	2	0	0	2	0	0	0	0	0	2	2	2	11	0	4	7	26	6	5
M00595:42:000000000-A5J1T:1:1114:12874:22906	9	0	3	0	0	0	0	0	0	0	3	0	0	2	0	6	7	15	2	1
M01896:15:000000000-A7EN9:1:1102:22741:6133	7	2	2	0	0	0	0	0	0	0	2	2	0	7	0	3	5	18	1	2
M01896:2:000000000-A69JN:1:2114:24566:16483	8	0	0	0	2	0	0	0	0	0	0	0	2	8	0	2	3	14	4	5
M00595:42:000000000-A5J1T:1:2112:21565:23001	12	0	0	2	0	0	0	0	0	0	0	0	2	12	2	3	1	15	3	2
M00595:42:000000000-A5J1T:1:2111:25454:17285	5	0	0	2	0	0	0	0	0	0	0	0	0	5	2	4	3	10	1	1
M00595:42:000000000-A5J1T:1:1109:13838:12622	14	6	0	0	2	0	0	0	0	0	0	6	2	14	0	5	11	25	5	12
M00595:42:000000000-A5J1T:1:1104:9008:16079	5	5	0	0	0	0	0	0	0	0	0	5	0	5	0	5	2	8	0	15
M01896:14:000000000-A7ERE:1:1111:8651:24960	10	0	4	0	0	0	0	0	0	0	4	0	0	10	0	7	8	15	3	2
M01896:2:000000000-A69JN:1:1116:15154:22751	5	2	0	2	0	0	0	0	0	0	0	2	0	5	2	2	0	14	0	6
M00595:42:000000000-A5J1T:1:1111:7115:9852	4	0	0	0	0	0	0	0	0	0	0	0	0	4	0	3	3	8	1	5
M00595:42:000000000-A5J1T:1:1114:14032:8775	4	2	0	6	0	0	0	0	0	0	0	2	0	4	6	8	3	9	0	7
M01896:2:000000000-A69JN:1:1117:3082:17193	4	0	0	0	0	0	0	0	0	0	0	2	0	4	0	1	3	12	1	3
M00595:42:000000000-A5J1T:1:1103:29350:12920	13	0	3	0	0	0	0	0	0	0	3	0	6	25	0	7	18	62	10	7
M01896:14:000000000-A7ERE:1:1115:15210:7021	9	2	5	2	0	0	0	0	0	0	5	0	0	9	2	9	11	24	2	9
M00595:42:000000000-A5J1T:1:2113:24435:10934	4	0	0	0	0	0	0	0	0	0	0	0	0	4	0	1	2	6	1	1
M01896:15:000000000-A7EN9:1:2107:16641:11889	9	9	3	8	2	0	0	0	0	0	3	9	2	9	8	19	14	28	6	23
M01896:2:000000000-A69JN:1:2106:21720:22824	4	2	2	2	0	0	0	0	0	0	2	2	0	4	2	2	2	4	0	2
M00595:42:000000000-A5J1T:1:2111:26763:8074	10	0	2	0	2	0	0	0	0	0	2	0	2	10	0	3	4	23	6	2
M00595:54:000000000-A7CT0:1:2104:25145:19223	9	2	4	2	0	0	0	0	0	0	4	0	0	9	2	10	9	19	4	6
M00595:42:000000000-A5J1T:1:2119:8269:3262	5	0	0	0	0	0	0	0	0	0	0	0	0	5	0	0	2	7	1	1
M00595:42:000000000-A5J1T:1:2106:17538:17368	8	2	2	0	0	0	0	0	0	0	2	0	0	8	0	3	6	15	1	4
M00595:42:000000000-A5J1T:1:1118:12941:6179	7	4	0	0	0	0	0	0	0	0	0	4	0	7	0	2	11	14	4	11
M00595:54:000000000-A7CT0:1:1110:18804:15128	3	6	8	4	3	1	1	1	1	1	8	6	0	3	4	22	19	11	13	13
M00595:42:000000000-A5J1T:1:2115:14186:3403	5	6	2	0	3	0	0	0	0	0	2	6	3	5	0	1	2	5	3	6
M01896:2:000000000-A69JN:1:2105:24326:2486	7	2	19	15	6	0	0	0	0	0	19	2	6	7	15	19	21	8	7	3
M01896:2:000000000-A69JN:1:1115:26661:20613	11	7	4	0	0	0	0	0	0	0	0	7	0	0	0	4	16	29	3	11
M00595:42:000000000-A5J1T:1:2104:29039:12979	3	0	0	0	0	0	0	0	0	1	0	0	0	0	0	1	1	4	1	2
M01896:14:000000000-A7ERE:1:1110:20941:17488	3	2	0	0	0	0	0	0	0	0	0	2	0	0	0	4	7	6	3	9
M00595:42:000000000-A5J1T:1:2103:16489:22559	3	0	0	0	0	0	0	0	0	0	0	0	0	3	0	0	1	4	0	0
M01896:2:000000000-A69JN:1:2119:8688:21938	5	2	0	3	0	0	0	0	0	0	0	2	0	5	3	7	11	13	2	7
M00595:42:000000000-A5J1T:1:2105:16318:9772	3	2	0	0	0	0	0	0	0	0	0	2	0	3	0	3	5	6	0	6
M00595:42:000000000-A5J1T:1:1104:19762:2916	3	0	0	0	0	0	0	0	0	0	0	0	0	3	0	2	0	4	0	0
M00595:42:000000000-A5J1T:1:1103:9961:9654	3	2	0	0	0	0	0	0	0	0	0	2	0	3	0	3	0	7	0	2
M01896:14:000000000-A7ERE:1:1105:12234:7812	3	0	0	2	0	0	0	0	0	0	0	0	0	0	2	6	9	13	0	5
M00595:42:000000000-A5J1T:1:1111:23683:5104	5	0	0	0	0	0	0	0	0	0	0	0	0	5	0	1	0	20	0	2
M00595:42:000000000-A5J1T:1:2110:23712:8110	3	0	0	0	0	0	0	0	0	0	0	0	0	3	0	2	0	4	0	2
M00595:42:000000000-A5J1T:1:2117:20419:13004	2	2	2	0	0	0	0	0	0	0	2	2	0	2	0	3	3	6	0	7
M00595:42:000000000-A5J1T:1:1111:22440:9827	2	0	0	0	3	0	0	0	0	0	0	0	3	2	0	1	1	3	3	2
M00595:42:000000000-A5J1T:1:1119:7315:17642	2	0	0	0	0	0	0	0	0	0	0	0	0	2	0	1	0	3	0	0
M00595:42:000000000-A5J1T:1:1117:13877:5601	2	0	0	0	0	0	0	0	0	0	0	0	0	2	0	1	1	3	2	2
M01896:2:000000000-A69JN:1:2115:26849:16998	2	2	0	0	0	0	0	0	0	0	0	2	0	2	0	0	0	2	0	3
M00595:42:000000000-A5J1T:1:2104:20952:9442	4	0	2	0	0	0	0	0	0	0	2	0	0	4	0	1	3	7	1	2
M00595:42:000000000-A5J1T:1:1110:20821:9118	2	0	2	3	0	0	0	0	0	0	2	0	0	2	3	7	38	10	1	2
M01896:2:000000000-A69JN:1:2110:19308:15378	4	2	2	3	2	0	0	0	0	0	2	2	2	4	3	15	21	26	5	6
M00595:54:000000000-A7CT0:1:1117:9802:15992	2	0	0	0	0	0	0	0	0	0	0	0	0	2	0	1	0	4	2	0
M01896:2:000000000-A69JN:1:1115:18499:11661	2	2	0	0	0	0	0	0	0	0	0	6	2	21	3	8	8	45	3	10
M00595:42:000000000-A5J1T:1:1119:23319:13203	6	0	0	0	0	0	0	0	0	0	0	0	0	6	0	4	1	17	1	1
M00595:42:000000000-A5J1T:1:2107:9941:12413	2	0	0	0	0	0	0	0	0	0	0	0	0	2	0	0	0	2	0	0
M00595:42:000000000-A5J1T:1:2113:7588:10587	2	0	0	0	0	0	0	0	0	0	0	0	0	2	0	0	1	4	0	0
M00595:42:000000000-A5J1T:1:2116:13284:18966	2	0	0	0	0	0	0	0	0	0	0	0	0	0	0	0	0	2	0	0
M01896:14:000000000-A7ERE:1:2107:8875:6635	2	0	8	9	3	0	0	0	0	0	8	0	3	2	9	12	8	2	3	1
M01896:2:000000000-A69JN:1:1111:22312:3098	2	3	0	0	0	0	0	0	0	0	0	3	0	2	0	2	4	4	1	4
M00595:42:000000000-A5J1T:1:2104:18566:23743	2	0	0	0	0	0	0	0	0	0	0	0	0	2	0	3	0	4	0	2
M00595:42:000000000-A5J1T:1:2110:9209:18549	2	0	0	0	0	0	0	0	0	0	0	0	0	2	0	0	1	3	0	1
M00595:42:000000000-A5J1T:1:2103:12609:12256	2	0	0	0	0	0	0	0	0	0	0	0	0	0	0	0	1	3	0	0
M00595:42:000000000-A5J1T:1:2118:5993:9253	2	0	0	0	0	0	0	0	0	0	0	0	0	2	0	0	0	2	0	0
M00595:42:000000000-A5J1T:1:1118:7580:11783	2	0	0	0	0	0	0	0	0	0	0	0	0	2	0	0	0	3	0	0
M00595:42:000000000-A5J1T:1:1111:22854:14890	4	0	0	0	0	0	0	0	0	0	0	0	0	4	0	0	0	4	0	0
M01896:15:000000000-A7EN9:1:1116:20726:2386	2	3	8	38	4	0	0	0	0	0	8	3	4	2	38	40	8	2	4	3
M00595:42:000000000-A5J1T:1:1101:24586:6961	4	0	0	0	0	0	0	0	0	0	0	0	0	4	0	0	3	6	0	0
M00595:42:000000000-A5J1T:1:1101:17902:11711	2	0	0	0	0	0	0	0	0	0	2	0	0	2	0	0	3	7	0	3
M01896:15:000000000-A7EN9:1:1112:22210:14815	2	2	0	2	0	0	0	0	0	0	0	2	0	2	2	3	2	3	1	6
M00595:42:000000000-A5J1T:1:2106:18068:14886	2	0	0	0	2	0	0	0	0	0	0	0	2	2	0	0	2	5	3	0
M00595:42:000000000-A5J1T:1:1103:24503:18151	2	0	0	0	0	0	0	0	0	0	0	0	0	0	0	0	0	2	0	0
M00595:42:000000000-A5J1T:1:2111:14332:2052	4	0	0	0	0	0	0	0	0	0	0	0	0	0	0	0	3	7	0	2
M01896:14:000000000-A7ERE:1:1117:7685:14917	4	0	0	0	0	0	0	0	0	0	0	0	0	4	0	4	0	7	3	0
M00595:42:000000000-A5J1T:1:1113:9745:12040	2	0	0	0	0	0	0	0	0	0	0	0	0	2	0	0	0	3	0	0
M00595:42:000000000-A5J1T:1:2119:17779:7320	2	0	0	0	0	0	0	0	0	0	0	0	0	2	0	0	0	2	0	0
M00595:42:000000000-A5J1T:1:2103:23882:11921	2	0	0	0	0	0	0	0	0	0	0	0	0	0	0	0	0	4	0	0
M00595:42:000000000-A5J1T:1:2108:19655:7494	2	0	0	0	0	0	0	0	0	0	0	0	0	0	0	0	0	2	0	0
M00595:42:000000000-A5J1T:1:1103:22478:14234	2	0	0	0	0	0	0	0	0	0	0	0	0	2	0	0	0	5	1	3
M00595:42:000000000-A5J1T:1:1117:22407:15355	2	0	0	0	0	0	0	0	0	0	0	0	0	2	0	0	0	2	0	0
M00595:42:000000000-A5J1T:1:2109:14004:4690	2	0	0	0	0	0	0	0	0	0	0	0	0	2	0	0	0	2	0	0
M00595:42:000000000-A5J1T:1:1119:26698:12847	2	0	0	0	0	0	0	0	0	0	0	0	0	0	0	0	1	8	0	0
M00595:42:000000000-A5J1T:1:1107:13401:5450	2	0	0	0	0	0	0	0	0	0	0	0	0	2	0	0	0	2	0	0
M00595:42:000000000-A5J1T:1:1114:13739:4582	2	0	0	0	0	0	0	0	0	0	0	0	0	2	0	0	0	2	0	0
M00595:42:000000000-A5J1T:1:2107:15411:2314	2	0	0	0	0	0	0	0	0	0	0	0	0	2	0	0	0	2	0	0
M00595:42:000000000-A5J1T:1:2104:16085:24156	2	0	0	0	0	0	0	0	0	0	0	0	0	2	0	0	0	2	0	0
M00595:42:000000000-A5J1T:1:2103:19752:5866	2	0	0	0	0	0	0	0	0	0	0	0	0	0	0	0	0	2	0	0
M01896:15:000000000-A7EN9:1:1115:3727:9324	2	0	0	2	0	0	0	0	0	0	0	0	0	2	2	2	3	3	0	1
M00595:42:000000000-A5J1T:1:1117:8169:15649	2	0	0	0	0	0	0	0	0	0	0	0	0	2	0	1	0	2	0	0
M00595:42:000000000-A5J1T:1:2105:20297:7136	2	0	0	0	0	0	0	0	0	0	0	0	0	2	0	0	1	2	0	1
M00595:42:000000000-A5J1T:1:2108:17147:14984	2	0	0	2	2	0	0	0	0	0	0	0	2	2	2	3	2	3	2	1
M00595:42:000000000-A5J1T:1:1104:24422:6958	2	0	0	0	0	0	0	0	0	0	0	0	0	0	0	0	0	3	0	0
M00595:42:000000000-A5J1T:1:2102:18076:6508	2	0	0	0	0	0	0	0	0	0	0	0	0	2	0	0	0	3	0	0
M00595:42:000000000-A5J1T:1:2102:11756:6637	2	0	0	0	0	0	0	0	0	0	0	0	0	2	0	0	0	2	0	0
M01896:2:000000000-A69JN:1:1117:9416:15210	2	2	0	0	0	0	0	0	0	0	0	2	0	2	0	0	0	2	0	2
M01896:2:000000000-A69JN:1:1110:13853:17214	4	2	0	0	0	0	0	0	0	0	0	2	0	4	0	2	2	4	5	4
M00595:42:000000000-A5J1T:1:1108:12079:18047	2	0	0	0	0	0	0	0	0	0	0	0	0	0	0	1	0	7	0	0
M00595:42:000000000-A5J1T:1:2118:18842:3912	2	0	0	0	0	0	0	0	0	0	0	0	0	2	0	1	2	8	1	3
M00595:42:000000000-A5J1T:1:2118:19490:20239	2	0	0	0	0	0	0	0	0	0	0	0	0	0	0	1	1	2	0	0
M00595:54:000000000-A7CT0:1:2113:11877:14685	2	4	0	0	3	0	0	0	0	0	0	4	3	2	0	2	0	6	4	8
M00595:42:000000000-A5J1T:1:2117:15404:10540	2	0	0	0	0	0	0	0	0	0	0	0	0	2	0	0	0	2	0	1
M00595:42:000000000-A5J1T:1:2107:23043:12842	4	0	0	0	0	0	0	0	0	0	0	0	0	4	0	0	0	4	0	1
M00595:42:000000000-A5J1T:1:2118:17719:17063	2	0	0	0	0	0	0	0	0	0	0	0	0	2	0	0	0	2	0	0
M00595:42:000000000-A5J1T:1:2110:3690:7889	2	0	0	0	0	0	0	0	0	0	0	0	0	2	0	0	0	2	0	0
M01896:14:000000000-A7ERE:1:1106:26490:19187	4	0	0	4	4	0	0	0	0	0	0	0	4	4	4	9	7	8	4	1
M00595:42:000000000-A5J1T:1:1102:6113:15055	2	2	0	2	0	0	0	0	0	0	0	2	0	2	2	4	2	4	1	6
M00595:42:000000000-A5J1T:1:1105:20195:17082	2	0	0	0	0	0	0	0	0	0	0	0	0	2	0	3	1	3	0	1
M00595:54:000000000-A7CT0:1:1107:14682:9262	2	4	2	5	2	0	0	0	0	0	2	4	2	2	5	7	2	2	3	4
M00595:42:000000000-A5J1T:1:1107:10174:11946	2	0	0	0	0	0	0	0	0	0	0	0	0	0	0	1	0	3	0	0
M01896:15:000000000-A7EN9:1:2104:4761:16159	2	0	3	0	0	0	0	0	0	0	3	0	0	2	0	5	7	16	1	2
M00595:42:000000000-A5J1T:1:1101:18113:15573	6	0	0	2	0	0	0	0	0	0	0	0	0	6	0	5	6	16	2	6
M00595:42:000000000-A5J1T:1:1110:19598:8335	2	0	0	0	0	0	0	0	0	0	0	0	0	2	0	1	0	3	0	1
M00595:42:000000000-A5J1T:1:2101:28387:10620	2	0	0	0	0	0	0	0	0	0	0	0	0	2	0	0	0	3	0	0
M00595:42:000000000-A5J1T:1:1104:22047:21009	2	0	0	0	0	0	0	0	0	0	0	0	0	2	0	0	0	2	0	0
M00595:42:000000000-A5J1T:1:1103:5564:13405	2	0	0	0	0	0	0	0	0	0	0	0	0	2	0	3	0	6	0	0
M01896:2:000000000-A69JN:1:2112:21789:4929	2	2	0	0	0	0	0	0	0	0	0	2	0	2	0	0	0	2	0	5
M00595:42:000000000-A5J1T:1:1117:10406:12776	2	0	0	0	0	0	0	0	0	0	0	0	0	2	0	0	4	3	0	0
M00595:54:000000000-A7CT0:1:1103:13592:17614	2	2	0	0	2	0	0	0	0	0	0	0	2	2	0	2	2	14	2	8
M00595:42:000000000-A5J1T:1:1110:4420:16445	2	0	0	0	0	0	0	0	0	0	0	0	0	2	0	0	0	2	0	0
M00595:42:000000000-A5J1T:1:2102:6375:12280	2	0	0	0	0	0	0	0	0	0	0	0	0	2	0	0	0	2	0	0
M00595:42:000000000-A5J1T:1:1103:13479:10093	4	3	2	2	2	0	0	0	0	0	2	3	2	4	2	2	6	14	2	5
M00595:42:000000000-A5J1T:1:2105:28634:11921	2	0	0	0	0	0	0	0	0	0	0	0	0	2	0	0	0	3	0	0
M00595:42:000000000-A5J1T:1:2111:17408:18525	2	0	0	0	0	0	0	0	0	0	0	0	0	0	0	0	0	2	0	0
M00595:42:000000000-A5J1T:1:1110:22901:17781	2	0	0	0	0	0	0	0	0	0	0	0	0	2	0	0	0	2	0	0
M00595:42:000000000-A5J1T:1:1115:16124:5853	2	0	0	0	0	0	0	0	0	0	0	0	0	2	0	0	0	2	0	0
M00595:42:000000000-A5J1T:1:2103:12923:19445	2	0	0	0	0	0	0	0	0	0	0	0	0	2	0	0	1	3	0	1
M00595:42:000000000-A5J1T:1:2112:18910:16368	6	0	3	2	0	0	0	0	0	0	0	0	0	6	2	5	13	18	2	12
M00595:42:000000000-A5J1T:1:2112:16928:17313	2	0	0	0	0	0	0	0	0	0	0	0	0	2	0	0	1	2	2	2
M00595:42:000000000-A5J1T:1:1108:15839:3488	2	0	0	0	0	0	0	0	0	0	0	0	0	2	0	1	0	5	0	1
M00595:42:000000000-A5J1T:1:1112:8973:11569	2	0	0	0	0	0	0	0	0	0	0	0	0	2	0	0	1	2	0	0
M00595:42:000000000-A5J1T:1:1109:16280:13898	2	2	0	2	0	0	0	0	0	0	0	2	0	2	2	3	1	4	0	2
M00595:42:000000000-A5J1T:1:2106:21690:10050	2	0	0	0	0	0	0	0	0	0	0	0	0	2	0	3	0	2	1	4
M01896:2:000000000-A69JN:1:2112:14427:15347	2	2	5	17	0	0	0	0	0	0	5	2	0	2	17	32	20	3	0	4
M00595:42:000000000-A5J1T:1:2115:9956:18692	2	0	0	0	0	0	0	0	0	0	0	0	0	2	0	0	0	4	0	0
M00595:42:000000000-A5J1T:1:2104:13059:23110	2	2	0	0	0	0	0	0	0	0	0	2	0	2	0	0	0	4	1	3
M00595:42:000000000-A5J1T:1:1111:9144:13268	2	0	0	0	0	0	0	0	0	0	0	0	0	2	0	0	0	2	0	0
M00595:42:000000000-A5J1T:1:1118:22388:5004	2	2	0	0	0	0	0	0	0	0	0	2	0	2	0	0	0	2	0	2
M00595:42:000000000-A5J1T:1:2118:10707:14323	2	0	0	0	0	0	0	0	0	0	0	0	0	0	0	1	2	5	0	1
M00595:42:000000000-A5J1T:1:2109:10208:9915	2	0	0	0	0	0	0	0	0	0	0	0	0	2	0	0	0	4	2	1
M00595:42:000000000-A5J1T:1:2110:7971:20601	2	0	0	0	0	0	0	0	0	0	0	0	0	2	0	0	0	2	0	0
M00595:42:000000000-A5J1T:1:1102:4014:14314	2	0	0	0	0	0	0	0	0	0	0	0	0	2	0	0	0	2	0	0
M01896:15:000000000-A7EN9:1:1103:16700:19369	2	0	0	0	0	0	0	0	0	0	0	0	0	2	0	2	4	10	2	0
M00595:42:000000000-A5J1T:1:2109:6740:18136	2	0	0	0	0	0	0	0	0	0	0	0	0	2	0	0	0	2	0	0
M01896:14:000000000-A7ERE:1:1116:13391:15326	0	7	11	50	18	0	0	0	0	0	11	7	18	0	50	50	11	1	18	7
M01896:2:000000000-A69JN:1:2105:22593:10764	0	3	0	0	0	0	0	0	0	0	0	3	0	0	0	0	0	0	0	3
M01896:2:000000000-A69JN:1:2104:25591:8291	0	3	0	0	0	0	0	0	0	0	0	3	0	0	0	0	1	1	0	4
M01896:2:000000000-A69JN:1:2116:8054:19431	0	3	0	0	0	0	0	0	0	0	0	3	0	0	0	0	0	0	0	3
M01896:2:000000000-A69JN:1:2103:18765:13196	0	3	0	0	0	0	0	0	0	0	0	3	0	0	0	0	0	0	0	3
M01896:2:000000000-A69JN:1:1101:10588:23857	0	5	2	0	0	0	0	0	0	0	2	5	0	0	0	0	4	4	2	7
M01896:2:000000000-A69JN:1:2105:3685:13918	0	3	0	0	0	0	0	0	0	0	0	3	0	0	0	1	0	1	0	3
M01896:15:000000000-A7EN9:1:1118:9783:6040	0	3	0	2	0	0	0	0	0	0	0	3	0	0	2	2	0	1	1	4
M01896:2:000000000-A69JN:1:2119:15267:24065	0	3	0	0	0	0	0	0	0	0	0	3	0	0	0	0	0	0	0	3
M01896:2:000000000-A69JN:1:1105:6608:8607	0	3	0	0	0	0	0	0	0	0	0	3	0	0	0	0	0	0	0	3
M01896:2:000000000-A69JN:1:2101:8157:20089	0	5	0	0	0	0	0	0	0	0	0	5	0	0	0	2	4	0	1	7
M01896:2:000000000-A69JN:1:2106:24024:18523	0	3	0	0	0	0	0	0	0	0	0	3	0	0	0	0	0	1	0	3
M01896:2:000000000-A69JN:1:2109:24998:10880	0	3	0	0	0	0	0	0	0	0	0	3	0	0	0	0	0	0	0	4
M01896:2:000000000-A69JN:1:2110:22390:23207	0	3	0	0	0	0	0	0	0	0	0	3	0	0	0	0	0	0	0	3
M01896:2:000000000-A69JN:1:1102:9765:4554	0	2	0	0	0	0	0	0	0	0	0	2	0	0	0	0	0	0	0	2
M00595:54:000000000-A7CT0:1:2109:7481:15069	0	2	4	11	0	0	0	0	0	0	4	2	0	0	11	22	9	1	5	2
M01896:2:000000000-A69JN:1:2114:10798:7441	0	2	0	0	0	0	0	0	0	0	0	2	0	0	0	0	0	1	0	3
M01896:2:000000000-A69JN:1:2104:8072:12243	0	2	0	0	0	0	0	0	0	0	0	2	0	0	0	1	1	0	0	3
M01896:2:000000000-A69JN:1:2106:26158:11410	0	2	0	0	0	0	0	0	0	0	0	2	0	0	0	2	0	2	1	2
M01896:2:000000000-A69JN:1:2116:12815:22178	0	2	0	0	0	1	0	0	0	0	0	2	0	0	0	0	0	0	0	2
M01896:2:000000000-A69JN:1:2117:12665:17598	0	2	0	0	0	0	0	0	0	0	0	2	0	0	0	0	0	0	0	4
M01896:2:000000000-A69JN:1:1117:8378:10081	0	2	0	0	0	0	0	0	0	0	0	2	0	0	0	0	1	0	0	3
M01896:2:000000000-A69JN:1:2109:22318:11538	0	2	0	0	0	0	0	0	0	0	0	0	0	0	0	0	0	0	0	2
M01896:2:000000000-A69JN:1:2113:11112:4576	0	2	0	0	0	0	0	0	0	0	0	2	0	0	0	0	0	0	0	2
M01896:2:000000000-A69JN:1:2107:7199:4905	0	2	0	0	0	0	0	0	0	0	0	2	0	0	0	0	0	0	0	2
M01896:2:000000000-A69JN:1:2114:25267:4020	0	2	0	0	0	0	0	0	0	0	0	2	0	0	0	0	0	0	0	2
M01896:2:000000000-A69JN:1:2106:18844:21055	0	2	0	0	0	0	0	0	0	0	0	2	0	0	0	0	0	1	0	2
M01896:2:000000000-A69JN:1:1109:15380:11112	0	2	0	0	0	0	0	0	0	0	0	2	0	0	0	2	0	0	0	2
M01896:2:000000000-A69JN:1:2115:12206:3705	0	2	0	0	0	0	0	0	0	0	0	2	0	0	0	1	0	0	0	2
M01896:2:000000000-A69JN:1:1105:9701:13534	0	2	0	0	0	0	0	0	0	0	0	2	0	0	0	0	0	3	0	2
M01896:2:000000000-A69JN:1:2113:19346:11237	0	2	0	0	0	0	0	0	0	0	0	2	0	0	0	0	0	0	0	4
M01896:15:000000000-A7EN9:1:2106:10329:23276	0	2	0	0	0	0	0	0	0	0	0	2	0	0	0	6	0	0	5	3
M01896:2:000000000-A69JN:1:1115:14533:5516	0	2	0	0	0	0	0	0	0	0	0	2	0	0	0	1	1	0	1	2
M01896:2:000000000-A69JN:1:2113:4572:17611	0	2	0	0	0	0	0	0	0	0	0	2	0	0	0	0	0	0	0	2
M01896:2:000000000-A69JN:1:2114:14172:22378	0	2	0	0	0	1	0	0	0	0	0	2	0	0	0	0	0	0	0	2
M01896:2:000000000-A69JN:1:2114:8760:13777	0	2	0	0	0	0	0	0	0	0	0	2	0	0	0	0	0	0	0	2
M01896:2:000000000-A69JN:1:2112:19697:14899	0	2	0	0	0	0	0	0	0	0	0	2	0	0	0	0	1	3	1	3
M01896:2:000000000-A69JN:1:1102:17727:8798	0	2	0	0	0	0	0	0	0	0	0	2	0	0	0	0	0	0	0	2
M01896:2:000000000-A69JN:1:1117:3744:11340	0	2	0	0	0	0	0	0	0	0	0	2	0	0	0	0	0	0	0	2
M01896:2:000000000-A69JN:1:1119:16024:10899	0	2	0	0	0	0	0	0	0	0	0	2	0	0	0	0	0	0	0	2
M01896:2:000000000-A69JN:1:2111:22326:18739	0	2	0	0	0	0	0	0	0	0	0	0	0	0	0	0	0	0	0	2
M01896:2:000000000-A69JN:1:1115:21252:9690	0	2	0	9	0	0	0	0	0	0	0	2	0	0	9	18	1	1	0	5
M01896:14:000000000-A7ERE:1:2107:17036:24260	0	6	2	2	0	0	0	0	0	0	2	6	0	0	2	9	19	24	9	15
M01896:2:000000000-A69JN:1:2118:4204:19220	0	2	0	0	0	0	0	0	0	0	0	2	0	0	0	0	0	0	0	3
M01896:2:000000000-A69JN:1:1117:17055:3799	0	2	0	0	0	0	0	0	0	0	0	2	0	0	0	0	0	0	0	2
M01896:2:000000000-A69JN:1:2101:23454:13721	0	2	0	0	0	0	0	0	0	0	0	2	0	0	0	1	0	0	0	2
M01896:2:000000000-A69JN:1:1116:14319:4641	0	2	0	0	0	0	0	0	0	0	0	2	0	0	0	0	0	0	0	2
M01896:2:000000000-A69JN:1:1111:11045:7365	0	2	0	0	0	0	0	0	0	0	0	0	0	0	0	0	0	0	0	2
M01896:2:000000000-A69JN:1:1101:11955:24653	0	2	0	0	0	0	0	0	0	0	0	2	0	0	0	0	1	0	0	2
M01896:2:000000000-A69JN:1:2104:12525:12271	0	2	0	0	0	0	0	0	0	0	0	2	0	0	0	3	2	6	1	3
M01896:2:000000000-A69JN:1:2111:23383:12505	0	2	0	0	0	0	0	0	0	0	0	0	0	0	0	0	0	1	0	2
M01896:2:000000000-A69JN:1:1114:10076:22667	0	2	0	0	0	0	0	0	0	0	0	2	0	0	0	0	0	0	0	2
M01896:2:000000000-A69JN:1:2104:27712:9653	0	2	0	0	0	0	0	0	0	0	0	2	0	0	0	0	0	0	0	2
M01896:2:000000000-A69JN:1:1118:18057:18141	0	2	0	0	0	0	0	0	0	0	0	2	0	0	0	1	1	0	0	2
M01896:2:000000000-A69JN:1:1111:18476:14244	0	2	0	0	0	0	0	0	0	0	0	2	0	0	0	0	1	1	1	2
M01896:2:000000000-A69JN:1:1112:12818:16624	0	2	0	0	0	0	0	0	0	0	0	2	0	0	0	0	0	0	0	3
M01896:2:000000000-A69JN:1:2119:20139:6489	0	2	0	0	0	0	0	0	0	0	0	2	0	0	0	0	2	2	3	2
M01896:2:000000000-A69JN:1:2118:16294:6231	0	2	0	0	0	0	0	0	0	0	0	2	0	0	0	0	0	1	0	2
M01896:2:000000000-A69JN:1:2111:20731:14495	0	2	0	0	0	0	0	0	0	0	0	2	0	0	0	0	0	0	0	2
M01896:2:000000000-A69JN:1:1117:7718:3296	0	2	0	0	0	0	0	0	0	0	0	2	0	0	0	0	1	1	1	4
M01896:2:000000000-A69JN:1:2115:25765:18297	0	2	0	0	0	0	0	0	0	0	0	2	0	0	0	2	1	4	1	3
M01896:2:000000000-A69JN:1:2110:9510:6275	0	2	0	0	0	0	0	0	0	0	0	2	0	0	0	1	1	2	0	3
M01896:2:000000000-A69JN:1:1111:9323:10812	0	2	0	0	0	0	0	0	0	0	0	2	0	0	0	0	0	0	0	2
M01896:2:000000000-A69JN:1:1118:14644:2378	0	2	0	0	0	0	0	0	0	0	0	2	0	0	0	0	0	1	1	3
M01896:2:000000000-A69JN:1:1117:7407:23447	0	2	0	0	0	0	0	0	0	0	0	2	0	0	0	0	0	1	0	2
M01896:2:000000000-A69JN:1:2109:6399:18388	0	2	0	0	0	0	0	0	0	0	0	2	0	0	0	0	0	0	0	2
M01896:2:000000000-A69JN:1:2114:21657:7700	0	2	0	0	0	0	0	0	0	0	0	2	0	0	0	0	0	0	0	2
M01896:14:000000000-A7ERE:1:1110:3944:7464	0	2	0	2	0	0	0	0	0	0	0	2	0	0	2	3	2	0	0	2
M01896:2:000000000-A69JN:1:2112:5954:17219	0	2	0	0	0	0	0	0	0	0	0	0	0	0	0	0	0	0	0	2
M01896:2:000000000-A69JN:1:2107:25926:8026	0	2	0	0	0	0	0	0	0	0	0	2	0	0	0	0	0	0	0	2
M01896:2:000000000-A69JN:1:2102:14901:18288	0	2	0	0	0	0	0	0	0	0	0	2	0	0	0	0	0	0	0	2
M01896:2:000000000-A69JN:1:2103:21515:12866	0	2	0	0	0	0	0	0	0	0	0	2	0	0	0	0	0	0	0	2
M01896:2:000000000-A69JN:1:1114:4439:14032	0	2	0	0	0	0	0	0	0	0	0	2	0	0	0	0	0	0	0	2
M01896:2:000000000-A69JN:1:1115:8001:6381	0	2	0	0	0	0	0	0	0	0	0	2	0	0	0	0	0	0	0	2
M01896:2:000000000-A69JN:1:2101:22238:9855	0	4	0	0	0	0	0	0	0	0	0	4	0	0	0	0	0	1	0	4
M01896:2:000000000-A69JN:1:2107:18006:9684	0	2	0	0	0	0	0	0	0	0	0	2	0	0	0	1	0	2	3	2
M01896:2:000000000-A69JN:1:1111:12710:15901	0	2	0	0	0	0	0	0	0	0	0	2	0	0	0	1	0	0	0	2
M01896:2:000000000-A69JN:1:1101:16292:11148	0	2	0	0	0	0	0	0	0	0	0	2	0	0	0	1	2	6	2	3
M01896:2:000000000-A69JN:1:2110:21505:16864	0	4	0	0	0	0	0	0	0	0	0	4	0	0	0	0	0	1	1	4
M01896:2:000000000-A69JN:1:2117:19146:23445	0	2	0	0	0	0	0	0	0	0	0	2	0	0	0	0	2	2	1	3
M01896:2:000000000-A69JN:1:2103:13735:20128	0	2	0	0	0	0	0	0	0	0	0	2	0	0	0	1	1	0	0	2
M01896:2:000000000-A69JN:1:2113:20941:19419	0	2	0	0	0	0	0	0	0	0	0	2	0	0	0	0	0	1	1	3
M01896:2:000000000-A69JN:1:2108:11258:10345	0	2	0	0	0	0	0	0	0	0	0	2	0	0	0	0	0	0	0	2
M01896:2:000000000-A69JN:1:1104:22506:4450	0	2	0	0	0	0	0	0	0	0	0	2	0	0	0	0	0	0	0	2
M01896:2:000000000-A69JN:1:2105:6664:8316	0	2	0	0	0	0	0	0	0	0	0	2	0	0	0	0	0	0	0	2
M01896:2:000000000-A69JN:1:2115:23860:20715	0	2	0	0	0	0	0	0	0	0	0	2	0	0	0	0	0	0	0	2
M01896:2:000000000-A69JN:1:2104:8550:23056	0	2	0	0	0	0	0	0	0	0	0	2	0	0	0	0	0	0	0	3
M01896:2:000000000-A69JN:1:1103:23408:20258	0	2	0	0	0	0	0	0	0	0	0	2	0	0	0	0	0	0	0	2
M01896:2:000000000-A69JN:1:2119:14798:24247	0	2	0	0	0	0	0	0	0	0	0	0	0	0	0	0	0	0	0	2
M01896:2:000000000-A69JN:1:2112:11396:2477	0	2	0	0	0	0	0	0	0	0	0	2	0	0	0	2	2	4	2	2
M01896:2:000000000-A69JN:1:2115:28305:7929	0	2	0	0	0	0	0	0	0	0	0	2	0	0	0	0	0	0	0	2
M01896:2:000000000-A69JN:1:2111:18820:17127	0	2	0	0	0	0	0	0	0	0	0	5	0	0	0	0	0	0	0	5
M01896:2:000000000-A69JN:1:2104:5473:5149	0	2	0	0	0	0	0	0	0	0	0	2	0	0	0	0	3	0	0	2
M01896:2:000000000-A69JN:1:2103:28257:12213	0	4	0	0	0	0	0	0	0	0	0	4	0	0	0	0	0	1	0	4
M01896:2:000000000-A69JN:1:2116:10577:21616	0	2	0	0	0	0	0	0	0	0	0	2	0	0	0	0	0	0	0	2
M01896:2:000000000-A69JN:1:2117:15668:9429	0	2	0	0	0	0	0	0	0	0	0	2	0	0	0	0	0	0	0	2
M01896:2:000000000-A69JN:1:2113:21770:19360	0	2	0	0	0	0	0	0	0	0	0	2	0	0	0	0	0	0	0	2
M00595:42:000000000-A5J1T:1:1111:7757:8456	0	2	0	0	0	0	0	0	0	0	0	0	0	0	0	0	0	2	0	3
M01896:2:000000000-A69JN:1:2115:24897:9288	0	2	0	0	0	0	0	0	0	0	0	2	0	0	0	1	0	0	1	2
M01896:2:000000000-A69JN:1:1107:22090:24225	0	2	0	0	0	0	0	0	0	0	0	2	0	0	0	0	0	0	0	2
M01896:2:000000000-A69JN:1:2106:16557:20696	0	2	0	0	0	1	0	0	0	0	0	0	0	0	0	0	0	1	0	2
M01896:2:000000000-A69JN:1:1113:11810:7608	0	2	0	0	0	0	0	0	0	0	0	2	0	0	0	6	2	0	0	4
M01896:2:000000000-A69JN:1:1117:28135:12890	0	2	0	0	0	0	0	0	0	0	0	2	0	0	0	0	0	0	0	2
M01896:2:000000000-A69JN:1:2105:21474:12402	0	2	0	0	0	0	0	0	0	0	0	2	0	0	0	0	0	0	0	2
M01896:2:000000000-A69JN:1:1116:16145:18723	0	4	0	0	0	0	0	0	0	0	0	4	0	0	0	0	0	1	0	4
M01896:2:000000000-A69JN:1:1111:12373:6221	0	2	0	0	0	0	0	0	0	0	0	0	0	0	0	0	0	0	0	2
M01896:2:000000000-A69JN:1:1117:24052:3995	0	2	0	0	0	0	0	0	0	0	0	2	0	0	3	3	0	1	0	2
M01896:2:000000000-A69JN:1:1116:20247:5752	0	2	0	0	0	0	0	0	0	0	0	2	0	0	0	0	0	4	0	3
M01896:2:000000000-A69JN:1:1104:7735:11167	0	2	0	0	0	0	0	0	0	0	0	2	0	0	0	0	2	1	0	4
M01896:2:000000000-A69JN:1:2101:13582:22887	0	2	0	0	0	0	0	0	0	0	0	2	0	0	0	0	0	0	0	2
M01896:2:000000000-A69JN:1:1106:26151:15665	0	2	0	0	0	1	0	0	0	0	0	2	0	0	0	0	0	0	0	2
M01896:2:000000000-A69JN:1:1107:5512:9317	0	2	0	0	0	0	0	0	0	0	0	2	0	0	0	0	0	0	0	2
M01896:2:000000000-A69JN:1:1118:28968:10845	0	2	0	0	0	0	0	0	0	0	0	2	0	0	0	0	1	2	0	2
M01896:2:000000000-A69JN:1:2110:11767:18975	0	2	0	0	0	0	0	0	0	0	0	2	0	0	0	0	0	0	0	2
M01896:2:000000000-A69JN:1:2101:19230:5586	0	2	0	0	0	0	0	0	0	0	0	0	0	0	0	0	0	0	0	2
M01896:2:000000000-A69JN:1:2104:17320:23758	0	2	0	0	0	0	0	0	0	0	0	2	0	0	0	0	1	0	1	2
M01896:2:000000000-A69JN:1:2113:4172:12965	0	2	0	0	0	0	0	0	0	0	0	2	0	0	0	0	0	0	0	4
M01896:2:000000000-A69JN:1:2102:13603:19770	0	2	0	0	0	0	0	0	0	0	0	2	0	0	0	0	0	0	0	2
M01896:2:000000000-A69JN:1:2116:3527:10226	0	2	0	0	0	0	0	0	0	0	0	2	0	0	0	0	0	0	0	2
M01896:2:000000000-A69JN:1:1106:13704:2774	0	2	0	0	0	0	0	0	0	0	0	2	0	0	0	1	2	0	0	2
M01896:2:000000000-A69JN:1:2115:19635:12310	0	2	0	0	0	0	0	0	0	0	0	2	0	0	0	0	0	0	0	2
M01896:2:000000000-A69JN:1:1113:5029:19019	0	2	0	0	0	0	0	0	0	0	0	2	0	0	0	0	3	0	0	2
M01896:2:000000000-A69JN:1:2114:15212:14579	0	2	0	0	0	1	0	0	0	0	0	2	0	0	0	0	0	0	0	2
M01896:2:000000000-A69JN:1:1101:14003:5263	0	2	0	0	0	0	0	0	0	0	0	2	0	0	0	0	0	2	2	3
M01896:2:000000000-A69JN:1:2107:13964:8587	0	2	0	0	0	0	0	0	0	0	0	2	0	0	0	0	0	0	0	2
M01896:2:000000000-A69JN:1:2109:10502:23762	0	2	0	0	0	0	0	0	0	0	0	2	0	0	0	0	0	0	0	2
M01896:2:000000000-A69JN:1:2105:10427:10047	0	2	0	0	0	0	0	0	0	0	0	2	0	0	0	0	0	0	0	2
M01896:2:000000000-A69JN:1:2119:9461:17493	0	2	0	0	0	0	0	0	0	0	0	2	0	0	0	0	2	2	0	2
M01896:2:000000000-A69JN:1:2106:4661:7583	0	2	0	0	0	0	0	0	0	0	0	2	0	0	0	0	0	0	1	2
M01896:2:000000000-A69JN:1:1105:15640:24003	0	2	0	0	0	0	0	0	0	0	0	2	0	0	0	0	0	1	0	2
M01896:15:000000000-A7EN9:1:2104:7537:16394	0	2	0	0	0	0	0	0	0	0	0	2	0	0	0	2	1	2	2	3
M01896:2:000000000-A69JN:1:2104:12757:6134	0	2	0	0	0	0	0	0	0	0	0	2	0	0	0	0	0	0	0	3
M01896:2:000000000-A69JN:1:2117:15199:18671	0	2	0	0	0	0	0	0	0	0	0	2	0	0	0	0	0	0	0	2
M01896:2:000000000-A69JN:1:1103:14940:14993	0	2	0	0	0	0	0	0	0	0	0	2	0	0	0	0	0	0	1	2
M01896:2:000000000-A69JN:1:2107:14603:14741	0	2	0	0	0	0	0	0	0	0	0	2	0	0	0	0	0	0	0	3
M01896:15:000000000-A7EN9:1:1108:25766:15660	0	0	87	0	0	0	0	0	0	0	0	0	0	0	0	0	1	0	0	1
M00595:42:000000000-A5J1T:1:2112:7943:15915	0	0	21	3	0	0	0	0	0	0	0	0	0	0	0	3	2	6	1	0
M01896:14:000000000-A7ERE:1:2108:11242:3894	0	0	7	13	0	0	0	0	0	0	7	0	0	0	13	36	22	2	9	5
M01896:14:000000000-A7ERE:1:1114:21601:12479	0	0	2	2	0	0	0	0	0	0	2	0	0	0	2	5	5	1	1	0
M00595:54:000000000-A7CT0:1:1111:23610:13144	0	0	2	0	0	0	0	0	0	0	0	0	0	0	0	2	7	8	2	2
M00595:54:000000000-A7CT0:1:2103:16930:6953	0	0	2	0	2	0	0	0	0	0	0	0	2	0	0	0	2	1	2	2
M01896:15:000000000-A7EN9:1:1109:19888:9904	0	0	2	2	0	0	0	0	0	0	2	0	0	0	2	4	3	1	0	2
M01896:15:000000000-A7EN9:1:1104:14840:15580	0	0	2	0	0	0	0	0	0	0	0	0	0	0	0	0	2	1	0	0
M01896:15:000000000-A7EN9:1:1115:3364:7443	0	0	2	0	0	0	0	0	0	0	2	0	0	0	0	0	2	0	0	0
M01896:14:000000000-A7ERE:1:1105:6766:18599	0	0	2	0	0	0	0	0	0	0	2	0	0	0	0	0	2	0	0	0
M01896:2:000000000-A69JN:1:2107:14107:14031	0	0	2	0	2	0	0	0	0	0	2	0	2	0	0	17	32	17	20	11
M01896:14:000000000-A7ERE:1:1107:4732:9216	0	0	2	0	0	0	0	0	0	0	0	0	0	0	0	0	2	0	0	0
M01896:15:000000000-A7EN9:1:2107:10858:9569	0	0	2	0	0	0	0	0	0	0	2	0	0	0	0	3	5	2	1	0
M01896:14:000000000-A7ERE:1:1114:3238:11424	0	0	2	0	0	0	0	0	0	0	0	0	0	0	0	0	1	1	0	0
M00595:42:000000000-A5J1T:1:2113:17580:15417	0	0	2	0	0	0	0	0	0	0	0	0	0	0	0	0	3	10	1	2
M01896:14:000000000-A7ERE:1:1102:22757:14053	0	0	2	0	0	0	0	0	0	0	2	0	0	0	0	0	2	0	0	0
M01896:14:000000000-A7ERE:1:1106:21482:10434	0	0	2	0	0	0	0	0	0	0	2	0	0	0	0	1	4	0	0	0
M01896:14:000000000-A7ERE:1:1106:9379:21911	0	0	2	0	0	0	0	0	0	0	2	0	0	0	0	0	2	0	0	0
M01896:15:000000000-A7EN9:1:1114:11979:10895	0	0	2	0	0	0	0	0	1	0	2	0	0	0	0	0	2	1	0	0
M01896:15:000000000-A7EN9:1:2110:17598:2604	0	0	2	0	0	0	0	0	0	0	2	0	0	0	0	0	2	0	0	0
M01896:14:000000000-A7ERE:1:2119:20273:11816	0	0	2	0	0	0	0	0	0	0	2	0	0	0	0	0	3	1	0	0
M01896:14:000000000-A7ERE:1:2106:23081:18123	0	0	2	0	0	0	0	0	0	0	2	0	0	0	0	1	3	1	1	0
M01896:15:000000000-A7EN9:1:1115:5448:3942	0	0	2	0	0	0	0	0	0	0	0	0	0	0	0	0	2	1	0	0
M01896:15:000000000-A7EN9:1:2102:12193:17530	0	0	2	0	0	0	0	0	0	0	2	0	0	0	0	0	2	0	0	0
M01896:14:000000000-A7ERE:1:2108:3721:17565	0	0	2	0	0	0	0	0	0	0	2	0	0	0	0	0	2	1	0	1
M01896:15:000000000-A7EN9:1:2110:19796:21216	0	0	2	0	0	0	0	0	0	0	2	0	0	0	0	0	2	1	0	0
M01896:14:000000000-A7ERE:1:2104:12143:16484	0	0	2	5	2	0	0	0	0	0	2	0	2	0	5	8	4	0	7	2
M00595:42:000000000-A5J1T:1:1101:17120:17501	0	0	2	0	0	0	0	0	0	0	0	6	0	16	0	4	5	36	1	14
M01896:14:000000000-A7ERE:1:1102:8932:24360	0	0	2	0	0	0	0	0	0	0	0	0	0	0	0	0	2	0	0	0
M00595:42:000000000-A5J1T:1:2117:24734:13976	0	0	2	0	0	0	0	0	0	0	0	0	0	0	0	2	3	17	2	2
M01896:15:000000000-A7EN9:1:2106:9350:24783	0	0	2	0	0	0	0	0	0	0	2	0	0	0	0	0	3	0	0	1
M01896:15:000000000-A7EN9:1:2101:19655:3469	0	0	2	0	0	0	0	0	0	0	2	0	0	0	0	1	2	3	1	0
M01896:15:000000000-A7EN9:1:1106:17987:4182	0	0	2	0	0	0	0	0	0	0	2	0	0	0	0	0	4	4	0	0
M01896:14:000000000-A7ERE:1:1109:5669:9719	0	0	2	2	2	0	0	0	0	0	2	0	2	0	2	8	5	1	2	2
M00595:42:000000000-A5J1T:1:1102:17985:7513	0	0	2	0	0	0	0	0	0	0	5	0	0	0	0	4	7	13	3	4
M01896:15:000000000-A7EN9:1:1118:13184:3340	0	0	2	0	0	0	0	0	0	0	2	0	0	0	0	0	1	0	0	0
M01896:15:000000000-A7EN9:1:2105:12494:18979	0	0	2	0	0	0	0	0	0	0	2	0	0	0	0	0	2	0	0	0
M01896:14:000000000-A7ERE:1:2119:21886:10183	0	0	2	0	0	0	0	0	0	0	2	0	0	0	0	0	3	0	0	0
M01896:15:000000000-A7EN9:1:2108:22187:11965	0	0	2	0	0	0	0	0	0	0	2	0	0	0	0	0	2	0	0	0
M01896:14:000000000-A7ERE:1:1114:16204:11377	0	0	0	11	0	0	0	0	0	0	0	0	0	0	11	12	1	0	0	2
M01896:15:000000000-A7EN9:1:1113:16819:9213	0	0	0	8	0	0	0	0	0	0	0	0	0	0	8	14	3	0	2	0
M01896:15:000000000-A7EN9:1:2109:14694:12276	0	0	0	3	0	0	0	0	0	0	0	0	0	0	3	3	0	0	0	0
M00595:54:000000000-A7CT0:1:1111:17178:3991	0	0	0	3	0	0	0	0	0	0	0	0	0	0	3	5	1	2	2	0
M00595:42:000000000-A5J1T:1:1110:23199:21208	0	0	0	2	0	0	0	0	0	0	0	0	0	0	0	6	1	16	0	2
M01896:15:000000000-A7EN9:1:1107:8505:14274	0	0	0	2	0	0	0	0	0	0	0	0	0	0	2	5	0	0	0	1
M01896:2:000000000-A69JN:1:2119:15300:12783	0	0	0	2	0	0	1	0	0	0	0	0	0	0	0	3	1	1	0	2
M01896:15:000000000-A7EN9:1:2119:8880:10371	0	0	0	2	0	0	0	0	0	0	0	0	0	0	2	2	0	0	0	0
M01896:15:000000000-A7EN9:1:2104:14763:18763	0	0	0	2	0	0	0	0	0	0	0	0	0	0	2	2	3	1	0	1
M01896:14:000000000-A7ERE:1:2118:20826:17163	0	0	0	2	0	0	0	0	0	0	0	0	0	0	0	4	2	2	1	0
M01896:14:000000000-A7ERE:1:2101:13231:21749	0	0	0	2	0	0	0	0	0	0	0	0	0	0	2	2	0	0	0	0
M01896:15:000000000-A7EN9:1:2102:28512:10386	0	0	0	2	0	0	0	0	0	0	0	0	0	0	2	3	0	0	0	0
M01896:14:000000000-A7ERE:1:1106:5667:4333	0	0	0	2	0	0	0	0	0	0	0	0	0	0	2	4	1	0	0	0
M01896:15:000000000-A7EN9:1:2101:17689:3949	0	0	0	2	0	0	0	0	0	0	0	0	0	0	2	2	0	1	0	0
M01896:15:000000000-A7EN9:1:1102:13993:20505	0	0	0	4	0	0	0	0	0	0	0	0	0	0	4	5	0	1	0	0
M01896:15:000000000-A7EN9:1:2101:18954:8392	0	0	0	2	0	0	0	0	0	0	0	0	0	0	2	2	2	0	1	3
M01896:15:000000000-A7EN9:1:1109:8078:23818	0	0	0	2	0	0	0	0	0	0	0	0	0	0	2	2	1	3	0	3
M01896:15:000000000-A7EN9:1:2106:5169:22377	0	0	0	2	0	0	0	0	0	0	0	0	0	0	2	3	0	1	0	1
M01896:15:000000000-A7EN9:1:1116:21775:24262	0	0	0	2	0	0	0	0	0	0	0	0	0	0	2	4	0	0	0	0
M01896:14:000000000-A7ERE:1:2117:18138:10253	0	0	0	2	0	0	0	0	0	0	0	0	0	0	2	2	1	3	0	0
M01896:14:000000000-A7ERE:1:2112:24783:20225	0	0	0	2	0	0	0	0	0	0	0	0	0	0	2	3	5	2	1	3
M01896:14:000000000-A7ERE:1:1108:2236:15359	0	0	0	2	0	0	0	0	0	0	0	0	0	0	2	2	0	0	0	0
M00595:54:000000000-A7CT0:1:1109:13898:20147	0	0	0	2	2	0	0	0	0	0	0	0	2	0	2	2	0	1	2	0
M01896:15:000000000-A7EN9:1:2115:13054:11245	0	0	0	2	0	0	0	0	0	0	0	0	0	0	2	2	0	0	0	0
M01896:14:000000000-A7ERE:1:2113:15248:16285	0	0	0	2	0	0	0	0	0	0	0	0	0	0	2	3	0	1	1	0
M01896:15:000000000-A7EN9:1:1103:6885:19922	0	0	0	2	0	0	0	0	0	0	0	0	0	0	2	2	0	0	0	0
M01896:15:000000000-A7EN9:1:2119:18763:24236	0	0	0	2	0	0	0	0	0	0	0	0	0	0	2	3	0	2	0	2
M01896:14:000000000-A7ERE:1:2107:3862:8110	0	0	0	2	0	0	0	0	0	0	0	0	0	0	2	2	0	0	0	0
M01896:14:000000000-A7ERE:1:2101:10155:3043	0	0	0	2	0	0	0	0	0	0	0	0	0	0	2	2	1	0	2	0
M01896:15:000000000-A7EN9:1:1103:15356:18169	0	0	0	2	0	0	0	0	0	0	0	0	0	0	2	2	0	0	0	0
M01896:14:000000000-A7ERE:1:1108:27511:16682	0	0	0	2	0	0	0	0	0	0	0	0	0	0	2	2	0	1	0	0
M01896:14:000000000-A7ERE:1:1119:11319:5525	0	0	0	2	0	0	0	0	0	0	0	0	0	0	2	2	0	0	0	0
M01896:15:000000000-A7EN9:1:2102:13582:17914	0	0	0	2	0	0	0	0	0	0	0	0	0	0	2	3	1	0	0	0
M01896:15:000000000-A7EN9:1:2107:25106:15040	0	0	0	2	0	0	0	0	0	0	0	0	0	0	2	3	0	0	0	1
M01896:15:000000000-A7EN9:1:2101:14677:11954	0	0	0	2	0	0	0	0	0	0	0	0	0	0	2	2	0	0	0	0
M01896:14:000000000-A7ERE:1:2104:25696:8999	0	0	0	2	0	0	0	0	0	0	0	0	0	0	2	2	0	1	1	1
M01896:15:000000000-A7EN9:1:2109:22309:3974	0	0	0	2	0	0	0	0	0	0	0	0	0	0	2	2	0	0	0	0
M01896:14:000000000-A7ERE:1:2108:22609:19215	0	0	0	2	0	0	0	0	0	0	0	0	0	0	2	2	0	0	0	0
M01896:14:000000000-A7ERE:1:1113:11399:2685	0	0	0	2	0	0	0	0	0	0	0	0	0	0	2	2	0	0	0	0
M01896:14:000000000-A7ERE:1:1113:6948:15262	0	0	0	2	0	0	0	0	0	0	0	0	0	0	2	2	0	0	0	0
M01896:14:000000000-A7ERE:1:1104:23793:15067	0	0	0	2	0	0	0	0	0	0	0	0	0	0	2	2	0	0	0	0
M01896:14:000000000-A7ERE:1:2116:4363:5364	0	0	0	2	2	0	0	0	0	0	0	0	2	0	2	6	1	0	2	0
M01896:14:000000000-A7ERE:1:2103:16939:24739	0	0	0	2	0	0	0	0	0	0	0	0	0	0	2	3	2	2	1	4
M01896:15:000000000-A7EN9:1:2114:6964:12144	0	0	0	2	0	0	0	0	0	0	0	0	0	0	2	2	0	0	0	0
M01896:14:000000000-A7ERE:1:2104:3680:10205	0	0	0	2	0	0	0	0	0	0	0	0	0	0	0	3	3	3	0	1
M01896:15:000000000-A7EN9:1:1111:14124:15136	0	0	0	2	0	0	0	0	0	0	0	0	0	0	2	2	0	1	1	1
M01896:14:000000000-A7ERE:1:2115:26028:20463	0	0	0	2	0	0	0	0	0	0	0	0	0	0	2	2	0	1	0	0
M01896:15:000000000-A7EN9:1:2104:20869:7944	0	0	0	2	0	0	0	0	0	0	0	0	0	0	2	3	0	0	0	0
M00595:54:000000000-A7CT0:1:2102:13983:15452	0	0	0	0	4	0	0	0	0	0	0	0	4	0	0	0	0	3	4	1
M00595:54:000000000-A7CT0:1:1104:13922:10847	0	0	0	0	3	0	0	0	0	0	0	0	3	0	0	0	0	0	3	0
M00595:54:000000000-A7CT0:1:2109:13500:2699	0	0	0	0	3	0	0	0	0	0	0	0	3	0	0	0	1	1	3	0
M00595:54:000000000-A7CT0:1:2118:12825:14296	0	0	0	0	2	0	0	0	0	0	0	0	2	0	0	1	0	2	4	1
M00595:54:000000000-A7CT0:1:1119:17416:2902	0	0	0	0	2	0	0	0	0	0	0	0	0	0	0	0	0	0	2	0
M00595:54:000000000-A7CT0:1:1111:11467:18354	0	0	0	0	2	0	0	0	0	0	0	0	2	0	0	0	0	0	2	0
M00595:54:000000000-A7CT0:1:2107:11491:17723	0	0	0	0	2	0	0	0	0	0	0	0	2	0	0	1	0	0	3	1
M00595:54:000000000-A7CT0:1:1102:19680:15701	0	0	0	0	2	0	0	0	0	0	0	0	2	0	0	3	1	3	2	1
M00595:54:000000000-A7CT0:1:1115:17662:18792	0	0	0	0	2	0	0	0	0	0	0	0	2	0	0	1	2	0	2	0
M00595:54:000000000-A7CT0:1:2104:11492:20354	0	0	0	0	2	0	0	0	0	0	0	0	2	0	0	0	0	0	2	0
M00595:54:000000000-A7CT0:1:1109:27225:10799	0	0	0	0	2	0	0	0	0	0	0	0	0	0	0	1	0	1	2	0
M00595:54:000000000-A7CT0:1:1115:24355:13635	0	0	0	0	2	0	0	0	0	0	0	0	2	0	0	0	0	0	3	0
M00595:54:000000000-A7CT0:1:1115:17960:17709	0	0	0	0	2	0	0	0	0	0	0	0	2	0	0	1	1	0	2	0
M00595:54:000000000-A7CT0:1:2109:6018:15920	0	0	0	0	2	0	0	0	0	0	0	0	2	0	0	0	2	1	3	0
M00595:54:000000000-A7CT0:1:1109:9046:9241	0	0	0	0	2	0	0	0	0	0	0	0	2	0	0	0	0	0	2	0
M00595:54:000000000-A7CT0:1:1102:14872:21127	0	0	0	0	2	0	0	0	0	0	0	0	2	0	0	0	0	0	2	0
M00595:54:000000000-A7CT0:1:2111:7889:15171	0	0	0	0	2	0	0	0	0	0	0	0	2	0	0	0	0	1	2	0
M00595:54:000000000-A7CT0:1:1110:27321:5985	0	0	0	0	2	0	0	0	0	0	0	0	2	0	0	0	0	0	2	0
M00595:54:000000000-A7CT0:1:1108:12308:6744	0	0	0	0	2	0	0	1	0	0	0	0	2	0	0	0	0	0	2	0
M00595:54:000000000-A7CT0:1:1105:14079:19779	0	0	0	0	2	0	0	1	0	0	0	0	2	0	0	1	0	0	2	0
M00595:54:000000000-A7CT0:1:2105:16858:5116	0	0	0	0	2	0	0	0	0	0	0	0	2	0	0	0	1	0	2	0
M00595:54:000000000-A7CT0:1:1112:20841:20904	0	0	0	0	2	0	0	0	0	0	0	0	0	0	0	0	0	0	2	0
M00595:54:000000000-A7CT0:1:1117:26349:10756	0	0	0	0	2	0	0	0	0	0	0	0	2	0	0	0	0	0	2	0
M00595:54:000000000-A7CT0:1:1106:12016:21848	0	0	0	0	2	0	0	0	0	0	0	0	2	0	0	0	0	0	3	0
M00595:54:000000000-A7CT0:1:1104:13834:10091	0	0	0	0	2	0	0	0	0	0	0	0	2	0	0	0	0	0	2	0
M00595:54:000000000-A7CT0:1:1110:19340:11819	0	0	0	0	2	0	0	0	0	0	0	0	2	0	0	0	1	3	3	2
M00595:54:000000000-A7CT0:1:2103:6543:19860	0	0	0	0	2	0	0	0	0	0	0	0	2	0	0	0	0	0	2	0
M00595:54:000000000-A7CT0:1:1108:27242:18151	0	0	0	0	2	0	0	0	0	0	0	0	2	0	0	0	0	0	2	0
M00595:54:000000000-A7CT0:1:1103:23922:18530	0	0	0	0	2	0	0	0	0	0	0	0	2	0	0	3	0	1	3	0
M01896:14:000000000-A7ERE:1:2112:26774:19864	0	0	0	0	2	0	0	0	0	0	0	0	2	0	0	1	1	0	2	0
M00595:54:000000000-A7CT0:1:2106:21212:17561	0	0	0	0	2	0	0	0	0	0	0	0	2	0	0	1	2	0	2	0
M00595:54:000000000-A7CT0:1:1112:18039:8281	0	0	0	0	2	0	0	0	0	0	0	0	2	0	0	0	1	6	5	3
M00595:54:000000000-A7CT0:1:2104:23021:15427	0	0	0	0	2	0	0	0	0	0	0	0	2	0	0	0	0	0	2	0
M00595:54:000000000-A7CT0:1:2102:5918:13994	0	0	0	0	2	0	0	0	0	0	0	0	2	0	0	2	2	5	4	1
M00595:54:000000000-A7CT0:1:2113:12626:3783	0	0	0	0	2	0	0	0	0	0	0	0	2	0	0	0	0	0	2	0
M00595:54:000000000-A7CT0:1:2110:6069:7765	0	0	0	0	2	0	0	0	0	0	0	0	2	0	0	0	0	0	2	0
M00595:54:000000000-A7CT0:1:2106:6904:4894	0	0	0	0	2	0	0	0	0	0	0	0	2	0	0	0	1	5	2	2
M00595:54:000000000-A7CT0:1:1119:16441:15459	0	0	0	0	2	0	0	0	0	0	0	0	2	0	0	0	0	0	2	0
M00595:54:000000000-A7CT0:1:2107:24270:5536	0	0	0	0	2	0	0	0	0	0	0	0	2	0	0	0	0	0	2	0
M00595:42:000000000-A5J1T:1:2113:16453:4077	0	0	0	0	2	0	0	0	0	0	0	0	2	0	0	0	1	3	2	0
M00595:54:000000000-A7CT0:1:2108:18371:12114	0	0	0	0	2	0	0	0	0	0	0	0	2	0	0	0	0	0	2	0
M01896:2:000000000-A69JN:1:2112:26064:6085	0	0	0	0	0	1	0	0	0	0	0	2	0	0	0	0	0	0	0	2
M01896:2:000000000-A69JN:1:2103:13073:10388	0	0	0	0	0	0	1	0	0	0	0	0	0	0	0	2	0	0	1	1
M01896:14:000000000-A7ERE:1:2105:24830:20309	0	0	0	0	0	0	0	0	0	0	7	0	0	0	0	0	1	0	0	0
M00595:42:000000000-A5J1T:1:1112:19149:23322	0	0	0	0	0	0	0	0	0	0	3	0	0	2	0	0	4	6	0	1
M01896:14:000000000-A7ERE:1:2107:8445:14742	0	0	0	0	0	0	0	0	0	0	2	0	0	0	0	0	2	0	0	0
M01896:14:000000000-A7ERE:1:2103:22258:5010	0	0	0	0	0	0	0	0	0	0	2	0	0	0	0	0	2	0	0	0
M01896:15:000000000-A7EN9:1:1104:12329:20321	0	0	0	0	0	0	0	0	0	0	2	0	0	0	0	0	2	0	0	0
M00595:42:000000000-A5J1T:1:1114:17468:8720	0	0	0	0	0	0	0	0	0	0	2	0	0	0	0	2	5	3	1	1
M01896:15:000000000-A7EN9:1:1112:26784:18711	0	0	0	0	0	0	0	0	0	0	4	0	0	0	0	4	6	17	2	2
M00595:42:000000000-A5J1T:1:2104:11137:23037	0	0	0	0	0	0	0	0	0	0	4	0	0	0	0	0	6	4	0	0
M01896:14:000000000-A7ERE:1:1108:19523:3962	0	0	0	0	0	0	0	0	0	0	2	0	0	0	0	0	2	0	0	0
M01896:14:000000000-A7ERE:1:2101:22229:7890	0	0	0	0	0	0	0	0	0	0	2	0	0	0	0	0	2	0	0	0
M01896:15:000000000-A7EN9:1:2106:22656:7206	0	0	0	0	0	0	0	0	0	0	2	0	0	0	0	0	2	0	0	0
M01896:15:000000000-A7EN9:1:1112:8331:24365	0	0	0	0	0	0	0	0	0	0	2	0	0	0	0	1	2	0	0	0
M01896:15:000000000-A7EN9:1:2110:24392:3310	0	0	0	0	0	0	0	0	0	0	2	0	0	0	0	0	2	0	0	0
M01896:14:000000000-A7ERE:1:1104:14106:14567	0	0	0	0	0	0	0	0	0	0	2	0	0	0	0	0	2	0	0	0
M01896:2:000000000-A69JN:1:1115:19879:6367	0	0	0	0	0	0	0	0	0	0	4	0	0	0	0	0	4	0	1	1
M01896:15:000000000-A7EN9:1:2107:17878:17707	0	0	0	0	0	0	0	0	0	0	2	0	0	0	0	0	2	0	0	0
M01896:14:000000000-A7ERE:1:2107:26880:14264	0	0	0	0	0	0	0	0	0	0	2	0	0	0	0	0	2	0	0	0
M01896:15:000000000-A7EN9:1:2105:15554:11897	0	0	0	0	0	0	0	0	0	0	2	0	0	0	0	0	3	0	0	3
M01896:14:000000000-A7ERE:1:2101:13341:2223	0	0	0	0	0	0	0	0	0	0	2	0	0	0	0	0	2	0	0	0
M01896:15:000000000-A7EN9:1:1115:22540:9466	0	0	0	0	0	0	0	0	0	0	2	0	0	0	0	0	2	0	0	0
M01896:2:000000000-A69JN:1:1115:15104:8388	0	0	0	0	0	0	0	0	0	0	0	3	0	0	0	0	0	0	0	1
M01896:2:000000000-A69JN:1:2109:24155:13602	0	0	0	0	0	0	0	0	0	0	0	3	0	5	0	2	4	9	0	4
M01896:2:000000000-A69JN:1:2107:18903:12613	0	0	0	0	0	0	0	0	0	0	0	3	0	0	0	0	0	0	0	3
M00595:42:000000000-A5J1T:1:1119:12943:11914	0	0	0	0	0	0	0	0	0	0	0	5	5	14	0	4	6	44	7	8
M01896:2:000000000-A69JN:1:2102:21112:9787	0	0	0	0	0	0	0	0	0	0	0	5	0	0	0	0	0	1	0	6
M01896:2:000000000-A69JN:1:2112:8012:8250	0	0	0	0	0	0	0	0	0	0	0	3	0	0	0	0	0	0	0	3
M01896:2:000000000-A69JN:1:2114:13498:23198	0	0	0	0	0	0	0	0	0	0	0	5	0	0	0	6	2	24	5	6
M01896:2:000000000-A69JN:1:2107:14978:5970	0	0	0	0	0	0	0	0	0	0	0	2	0	0	0	0	0	0	0	2
M00595:42:000000000-A5J1T:1:2106:23128:20725	0	0	0	0	0	0	0	0	0	0	0	4	0	0	0	1	2	6	0	6
M01896:2:000000000-A69JN:1:1115:16794:4874	0	0	0	0	0	0	0	0	0	0	0	4	0	0	0	0	0	0	0	4
M01896:2:000000000-A69JN:1:2111:13157:4340	0	0	0	0	0	0	0	0	0	0	0	2	0	0	0	1	0	1	0	2
M01896:2:000000000-A69JN:1:1115:5217:14438	0	0	0	0	0	0	0	0	0	0	0	4	0	0	0	1	0	3	0	6
M01896:2:000000000-A69JN:1:1117:12361:19782	0	0	0	0	0	0	0	0	0	0	0	4	0	0	0	0	0	0	0	4
M01896:2:000000000-A69JN:1:2115:9032:8317	0	0	0	0	0	0	0	0	0	0	0	2	2	0	0	0	1	1	2	3
M01896:2:000000000-A69JN:1:1103:14991:11011	0	0	0	0	0	0	0	0	0	0	0	2	0	0	0	0	0	0	0	2
M01896:2:000000000-A69JN:1:2113:21699:13724	0	0	0	0	0	0	0	0	0	0	0	2	0	2	0	4	0	8	0	3
M00595:42:000000000-A5J1T:1:1111:22582:16964	0	0	0	0	0	0	0	0	0	0	0	2	0	0	0	3	2	11	5	8
M01896:2:000000000-A69JN:1:2102:6080:19008	0	0	0	0	0	0	0	0	0	0	0	2	0	0	0	0	0	0	0	3
M01896:14:000000000-A7ERE:1:1104:4992:6827	0	0	0	0	0	0	0	0	0	0	0	2	0	3	0	1	6	23	2	6
M01896:2:000000000-A69JN:1:1110:8681:22850	0	0	0	0	0	0	0	0	0	0	0	2	0	0	0	0	0	0	0	2
M01896:2:000000000-A69JN:1:2114:26583:21274	0	0	0	0	0	0	0	0	0	0	0	2	0	0	0	0	1	0	0	3
M01896:2:000000000-A69JN:1:2112:23244:5705	0	0	0	0	0	0	0	0	0	0	0	2	0	0	0	0	0	0	0	2
M01896:2:000000000-A69JN:1:2114:25639:14179	0	0	0	0	0	0	0	0	0	0	0	2	0	0	0	0	0	0	0	2
M01896:2:000000000-A69JN:1:2117:12179:4879	0	0	0	0	0	0	0	0	0	0	0	2	0	0	0	0	0	0	0	2
M01896:2:000000000-A69JN:1:2114:15370:18475	0	0	0	0	0	0	0	0	0	0	0	2	0	0	0	0	1	1	0	3
M01896:2:000000000-A69JN:1:2111:7567:8861	0	0	0	0	0	0	0	0	0	0	0	2	0	0	0	0	0	0	0	3
M01896:2:000000000-A69JN:1:2115:19727:14212	0	0	0	0	0	0	0	0	0	0	0	2	0	0	0	0	0	0	0	2
M01896:2:000000000-A69JN:1:2110:28673:16641	0	0	0	0	0	0	0	0	0	0	0	2	0	0	0	0	0	0	0	2
M01896:2:000000000-A69JN:1:2101:14575:9242	0	0	0	0	0	0	0	0	0	0	0	2	0	0	0	0	0	0	0	2
M01896:2:000000000-A69JN:1:2117:20717:19046	0	0	0	0	0	0	0	0	0	0	0	2	0	0	0	0	0	0	0	2
M01896:2:000000000-A69JN:1:2102:15950:22792	0	0	0	0	0	0	0	0	0	0	0	2	0	0	0	0	0	0	0	2
M01896:2:000000000-A69JN:1:2101:16846:15162	0	0	0	0	0	0	0	0	0	0	0	2	0	0	0	0	0	0	0	2
M01896:2:000000000-A69JN:1:2118:23813:6617	0	0	0	0	0	0	0	0	0	0	0	2	0	0	0	0	0	0	0	2
M01896:2:000000000-A69JN:1:1103:6291:12761	0	0	0	0	0	0	0	0	0	0	0	2	0	4	0	0	2	9	2	6
M01896:2:000000000-A69JN:1:1113:5297:16222	0	0	0	0	0	0	0	0	0	0	0	2	0	0	0	4	3	8	1	7
M01896:2:000000000-A69JN:1:2106:12079:21421	0	0	0	0	0	0	0	0	0	0	0	2	0	0	0	0	1	2	0	3
M01896:2:000000000-A69JN:1:1108:3686:8727	0	0	0	0	0	0	0	0	0	0	0	2	0	0	0	0	0	0	0	2
M01896:2:000000000-A69JN:1:2103:20142:5923	0	0	0	0	0	0	0	0	0	0	0	2	0	0	0	0	1	0	0	2
M01896:2:000000000-A69JN:1:1114:11094:20907	0	0	0	0	0	0	0	0	0	0	0	2	0	0	0	0	0	0	0	2
M00595:42:000000000-A5J1T:1:1104:7421:17126	0	0	0	0	0	0	0	0	0	0	0	4	0	17	5	11	9	28	5	9
M01896:2:000000000-A69JN:1:2115:28179:15354	0	0	0	0	0	0	0	0	0	0	0	2	0	0	0	0	1	0	0	2
M01896:2:000000000-A69JN:1:1102:7367:9412	0	0	0	0	0	0	0	0	0	0	0	2	0	0	0	0	0	0	0	2
M01896:2:000000000-A69JN:1:2107:16965:17819	0	0	0	0	0	0	0	0	0	0	0	2	0	0	0	2	6	13	1	6
M00595:54:000000000-A7CT0:1:1102:23243:10833	0	0	0	0	0	0	0	0	0	0	0	0	3	0	0	1	3	0	3	0
M00595:54:000000000-A7CT0:1:1113:20210:22530	0	0	0	0	0	0	0	0	0	0	0	0	3	0	0	0	0	0	4	0
M00595:54:000000000-A7CT0:1:1106:25342:7302	0	0	0	0	0	0	0	0	0	0	0	0	5	0	0	0	1	0	5	0
M00595:54:000000000-A7CT0:1:2112:9047:12431	0	0	0	0	0	0	0	0	0	0	0	0	2	0	0	0	0	0	2	0
M00595:54:000000000-A7CT0:1:2115:15876:16444	0	0	0	0	0	0	0	0	0	0	0	0	2	0	0	0	0	0	2	0
M01896:14:000000000-A7ERE:1:2113:17790:19404	0	0	0	0	0	0	0	0	0	0	0	0	2	0	0	4	2	3	3	1
M00595:54:000000000-A7CT0:1:1103:6338:20091	0	0	0	0	0	0	0	0	0	0	0	0	2	0	0	0	0	0	2	0
M00595:54:000000000-A7CT0:1:2117:16746:5483	0	0	0	0	0	0	0	0	0	0	0	0	2	0	0	0	0	1	2	0
M00595:54:000000000-A7CT0:1:1112:13430:10929	0	0	0	0	0	0	0	0	0	0	0	0	4	0	0	8	2	7	4	3
M00595:54:000000000-A7CT0:1:1111:14400:8751	0	0	0	0	0	0	0	0	0	0	0	0	2	0	0	0	0	0	2	0
M00595:54:000000000-A7CT0:1:1106:10529:6391	0	0	0	0	0	0	0	0	0	0	0	0	2	0	0	0	0	0	2	0
M00595:54:000000000-A7CT0:1:1103:24636:16601	0	0	0	0	0	0	0	0	0	0	0	0	2	0	0	0	0	0	2	0
M00595:54:000000000-A7CT0:1:2114:22967:13054	0	0	0	0	0	0	0	0	0	0	0	0	2	0	0	0	0	2	2	0
M00595:54:000000000-A7CT0:1:2110:24885:13952	0	0	0	0	0	0	0	0	0	0	0	0	2	0	0	0	0	0	2	0
M00595:42:000000000-A5J1T:1:1117:10375:11305	0	0	0	0	0	0	0	0	0	0	0	0	2	0	0	4	5	27	3	9
M00595:54:000000000-A7CT0:1:1113:6228:13828	0	0	0	0	0	0	0	0	0	0	0	0	2	0	0	0	0	0	2	0
M00595:54:000000000-A7CT0:1:1101:17326:8859	0	0	0	0	0	0	0	0	0	0	0	0	2	0	0	0	0	0	2	0
M00595:42:000000000-A5J1T:1:1119:19087:16982	0	0	0	0	0	0	0	0	0	0	0	0	0	11	0	6	10	30	1	14
M00595:42:000000000-A5J1T:1:1111:11370:16403	0	0	0	0	0	0	0	0	0	0	0	0	0	8	0	2	0	11	2	1
M01896:15:000000000-A7EN9:1:1102:13664:10852	0	0	0	0	0	0	0	0	0	0	0	0	0	10	0	7	3	15	2	7
M00595:42:000000000-A5J1T:1:2115:18643:15057	0	0	0	0	0	0	0	0	0	0	0	0	0	9	0	1	6	10	1	3
M00595:42:000000000-A5J1T:1:2103:15941:13449	0	0	0	0	0	0	0	0	0	0	0	0	0	4	0	1	3	11	1	1
M00595:42:000000000-A5J1T:1:1107:22371:20290	0	0	0	0	0	0	0	0	0	0	0	0	0	11	0	5	5	23	4	3
M00595:42:000000000-A5J1T:1:2106:25092:23081	0	0	0	0	0	0	0	0	0	0	0	0	0	7	0	2	1	14	0	1
M00595:42:000000000-A5J1T:1:1119:22976:18454	0	0	0	0	0	0	0	0	0	0	0	0	0	9	0	5	2	22	0	4
M00595:42:000000000-A5J1T:1:2109:12824:12323	0	0	0	0	0	0	0	0	0	0	0	0	0	6	0	1	2	11	1	2
M00595:42:000000000-A5J1T:1:2103:18434:14808	0	0	0	0	0	0	0	0	0	0	0	0	0	6	0	1	3	13	1	3
M01896:2:000000000-A69JN:1:1108:26966:18907	0	0	0	0	0	0	0	0	0	0	0	0	0	4	0	1	1	6	1	2
M00595:42:000000000-A5J1T:1:2118:25182:14273	0	0	0	0	0	0	0	0	0	0	0	0	0	6	0	1	3	11	0	3
M00595:42:000000000-A5J1T:1:1117:8560:17897	0	0	0	0	0	0	0	0	0	0	0	0	0	3	0	0	0	4	0	0
M01896:15:000000000-A7EN9:1:1108:17500:23857	0	0	0	0	0	0	0	0	0	0	0	0	0	3	0	2	2	4	0	0
M00595:42:000000000-A5J1T:1:2105:26982:20036	0	0	0	0	0	0	0	0	0	0	0	0	0	5	0	0	2	8	0	0
M00595:42:000000000-A5J1T:1:2118:16711:19943	0	0	0	0	0	0	0	0	0	0	0	0	0	6	0	3	6	11	4	3
M00595:42:000000000-A5J1T:1:2112:14018:3692	0	0	0	0	0	0	0	0	0	0	0	0	0	3	0	6	1	12	2	0
M01896:2:000000000-A69JN:1:2106:4159:17733	0	0	0	0	0	0	0	0	0	0	0	0	0	2	0	4	6	23	4	7
M00595:42:000000000-A5J1T:1:1113:9815:12577	0	0	0	0	0	0	0	0	0	0	0	0	0	2	0	0	0	2	0	0
M00595:42:000000000-A5J1T:1:1109:9619:22712	0	0	0	0	0	0	0	0	0	0	0	0	0	2	0	0	2	8	0	0
M00595:42:000000000-A5J1T:1:2104:4583:9403	0	0	0	0	0	0	0	0	0	0	0	0	0	2	0	0	0	2	0	0
M00595:54:000000000-A7CT0:1:1112:19580:13056	0	0	0	0	0	0	0	0	0	0	0	0	0	2	0	4	3	5	3	1
M00595:42:000000000-A5J1T:1:2109:17373:1705	0	0	0	0	0	0	0	0	0	0	0	0	0	2	0	1	2	3	0	1
M01896:14:000000000-A7ERE:1:2115:11698:15477	0	0	0	0	0	0	0	0	0	0	0	0	0	2	0	1	1	7	0	1
M00595:42:000000000-A5J1T:1:2112:13400:9196	0	0	0	0	0	0	0	0	0	0	0	0	0	2	0	0	0	2	0	0
M00595:42:000000000-A5J1T:1:2102:7900:21203	0	0	0	0	0	0	0	0	0	0	0	0	0	2	0	0	2	2	0	3
M00595:42:000000000-A5J1T:1:1119:13315:7986	0	0	0	0	0	0	0	0	0	0	0	0	0	2	0	2	0	4	1	1
M00595:42:000000000-A5J1T:1:1107:18243:21964	0	0	0	0	0	0	0	0	0	0	0	0	0	2	0	0	0	2	0	0
M00595:42:000000000-A5J1T:1:2111:10617:20919	0	0	0	0	0	0	0	0	0	0	0	0	0	2	0	0	0	2	0	0
M00595:42:000000000-A5J1T:1:2103:6684:16723	0	0	0	0	0	0	0	0	0	0	0	0	0	2	0	1	4	8	1	2
M00595:42:000000000-A5J1T:1:2103:15814:13872	0	0	0	0	0	0	0	0	0	0	0	0	0	2	0	0	0	2	0	0
M00595:42:000000000-A5J1T:1:1111:6680:23280	0	0	0	0	0	0	0	0	0	0	0	0	0	2	0	0	1	2	0	0
M00595:42:000000000-A5J1T:1:2113:15935:21295	0	0	0	0	0	0	0	0	0	0	0	0	0	2	0	1	0	4	1	1
M00595:42:000000000-A5J1T:1:2117:9568:13560	0	0	0	0	0	0	0	0	0	0	0	0	0	2	0	0	3	2	0	1
M00595:42:000000000-A5J1T:1:2116:17595:2713	0	0	0	0	0	0	0	0	0	0	0	0	0	2	0	1	4	10	0	3
M00595:42:000000000-A5J1T:1:2110:22091:20816	0	0	0	0	0	0	0	0	0	0	0	0	0	2	0	3	3	6	0	1
M00595:42:000000000-A5J1T:1:2114:15732:20776	0	0	0	0	0	0	0	0	0	0	0	0	0	2	0	0	0	2	0	0
M00595:42:000000000-A5J1T:1:2110:10441:14123	0	0	0	0	0	0	0	0	0	0	0	0	0	2	0	2	2	3	0	0
M00595:42:000000000-A5J1T:1:1112:7240:19166	0	0	0	0	0	0	0	0	0	0	0	0	0	2	0	0	0	2	0	0
M01896:2:000000000-A69JN:1:1102:9480:8766	0	0	0	0	0	0	0	0	0	0	0	0	0	4	0	0	0	5	0	1
M00595:42:000000000-A5J1T:1:1115:5897:14962	0	0	0	0	0	0	0	0	0	0	0	0	0	2	0	0	0	2	0	0
M00595:42:000000000-A5J1T:1:2108:11679:12128	0	0	0	0	0	0	0	0	0	0	0	0	0	2	0	0	0	2	0	0
M00595:42:000000000-A5J1T:1:1111:16412:18783	0	0	0	0	0	0	0	0	0	0	0	0	0	2	0	1	4	9	0	1
M01896:14:000000000-A7ERE:1:1103:29388:14778	0	0	0	0	0	0	0	0	0	0	0	0	0	0	3	3	0	0	0	0
M01896:15:000000000-A7EN9:1:2102:5946:18554	0	0	0	0	0	0	0	0	0	0	0	0	0	0	2	2	0	0	0	1
M01896:15:000000000-A7EN9:1:2109:16222:22316	0	0	0	0	0	0	0	0	0	0	0	0	0	0	2	2	0	0	0	0
M01896:15:000000000-A7EN9:1:1112:8975:20680	0	0	0	0	0	0	0	0	0	0	0	0	0	0	2	2	0	0	0	0
M01896:15:000000000-A7EN9:1:2114:14513:3033	0	0	0	0	0	0	0	0	0	0	0	0	0	0	2	2	0	0	0	0
M01896:15:000000000-A7EN9:1:2102:4863:10843	0	0	0	0	0	0	0	0	0	0	0	0	0	0	2	2	0	0	0	0
M01896:15:000000000-A7EN9:1:1103:19604:15724	0	0	0	0	0	0	0	0	0	0	0	0	0	0	2	2	0	0	0	0
M01896:15:000000000-A7EN9:1:2110:11004:19787	0	0	0	0	0	0	0	0	0	0	0	0	0	0	2	2	0	0	0	0
M01896:14:000000000-A7ERE:1:1106:5446:8248	0	0	0	0	0	0	0	0	0	0	0	0	0	0	0	1	2	2	1	0
M01896:14:000000000-A7ERE:1:1101:19817:19321	0	0	0	0	0	0	0	0	0	0	0	0	0	0	0	3	0	1	0	0
M01896:2:000000000-A69JN:1:2109:19892:24135	0	0	0	0	0	0	0	0	0	0	0	0	0	0	0	5	10	24	0	9
M01896:2:000000000-A69JN:1:2108:14092:22107	0	0	0	0	0	0	0	0	0	0	0	0	0	0	0	5	5	13	8	5
M00595:42:000000000-A5J1T:1:2109:18123:6214	0	0	0	0	0	0	0	0	0	0	0	0	0	0	0	4	0	10	3	4
M00595:42:000000000-A5J1T:1:2114:21857:14897	0	0	0	0	0	0	0	0	0	0	0	0	0	0	0	2	0	2	0	1
M00595:42:000000000-A5J1T:1:1112:27029:14395	0	0	0	0	0	0	0	0	0	0	0	0	0	0	0	8	17	31	3	11
M01896:2:000000000-A69JN:1:1117:8956:20352	0	0	0	0	0	0	0	0	0	0	0	0	0	0	0	2	2	3	1	3
M01896:2:000000000-A69JN:1:2103:4388:14773	0	0	0	0	0	0	0	0	0	0	0	0	0	0	0	10	6	21	3	4
M01896:14:000000000-A7ERE:1:1103:6517:21898	0	0	0	0	0	0	0	0	0	0	0	0	0	0	0	3	3	6	0	2
M00595:42:000000000-A5J1T:1:2114:26004:6628	0	0	0	0	0	0	0	0	0	0	0	0	0	0	0	3	2	2	1	2
M00595:42:000000000-A5J1T:1:1113:25756:21929	0	0	0	0	0	0	0	0	0	0	0	0	0	0	0	3	0	3	0	0
M01896:14:000000000-A7ERE:1:1104:15651:16638	0	0	0	0	0	0	0	0	0	0	0	0	0	0	0	2	1	3	3	3
M00595:42:000000000-A5J1T:1:2115:15124:7816	0	0	0	0	0	0	0	0	0	0	0	0	0	0	0	1	5	11	2	1
M01896:2:000000000-A69JN:1:1115:17559:10816	0	0	0	0	0	0	0	0	0	0	0	0	0	0	0	1	0	1	1	1
M00595:42:000000000-A5J1T:1:1109:18091:3597	0	0	0	0	0	0	0	0	0	0	0	0	0	0	0	3	4	2	0	0
M01896:2:000000000-A69JN:1:2113:21587:9388	0	0	0	0	0	0	0	0	0	0	0	0	0	0	0	2	6	16	3	3
M00595:42:000000000-A5J1T:1:1111:15109:4414	0	0	0	0	0	0	0	0	0	0	0	0	0	0	0	1	1	3	0	0
M01896:15:000000000-A7EN9:1:2101:22901:19637	0	0	0	0	0	0	0	0	0	0	0	0	0	0	0	5	2	10	3	1
M01896:14:000000000-A7ERE:1:1105:22988:22148	0	0	0	0	0	0	0	0	0	0	0	0	0	0	0	1	0	0	0	0
M01896:14:000000000-A7ERE:1:2102:18171:23953	0	0	0	0	0	0	0	0	0	0	0	0	0	0	0	2	2	3	2	3
M01896:2:000000000-A69JN:1:1102:14969:6645	0	0	0	0	0	0	0	0	0	0	0	0	0	0	0	4	4	5	5	2
M01896:14:000000000-A7ERE:1:2108:7743:2129	0	0	0	0	0	0	0	0	0	0	0	0	0	0	0	3	0	0	0	0
M01896:2:000000000-A69JN:1:1101:7533:23551	0	0	0	0	0	0	0	0	0	0	0	0	0	0	0	1	0	1	0	2
M00595:42:000000000-A5J1T:1:2112:26164:14693	0	0	0	0	0	0	0	0	0	0	0	0	0	0	0	1	2	6	0	1
M01896:14:000000000-A7ERE:1:1107:13753:23846	0	0	0	0	0	0	0	0	0	0	0	0	0	0	0	2	0	0	0	1
M00595:42:000000000-A5J1T:1:2116:13649:17770	0	0	0	0	0	0	0	0	0	0	0	0	0	0	0	2	3	7	0	3
M01896:14:000000000-A7ERE:1:1110:20740:5382	0	0	0	0	0	0	0	0	0	0	0	0	0	0	0	1	1	3	0	0
M00595:42:000000000-A5J1T:1:2117:13723:8907	0	0	0	0	0	0	0	0	0	0	0	0	0	0	0	2	0	4	0	0
M01896:15:000000000-A7EN9:1:2106:23983:4261	0	0	0	0	0	0	0	0	0	0	0	0	0	0	0	2	2	3	0	0
M01896:2:000000000-A69JN:1:2115:23976:2384	0	0	0	0	0	0	0	0	0	0	0	0	0	0	0	4	2	4	0	4
M01896:14:000000000-A7ERE:1:1111:20897:11206	0	0	0	0	0	0	0	0	0	0	0	0	0	0	0	3	3	5	0	0
M00595:42:000000000-A5J1T:1:1113:24971:12403	0	0	0	0	0	0	0	0	0	0	0	0	0	0	0	1	0	2	0	0
M01896:14:000000000-A7ERE:1:1112:24941:9642	0	0	0	0	0	0	0	0	0	0	0	0	0	0	0	1	0	2	0	0
M00595:42:000000000-A5J1T:1:1103:14979:16082	0	0	0	0	0	0	0	0	0	0	0	0	0	0	0	1	0	2	0	0
M00595:42:000000000-A5J1T:1:1113:20988:16199	0	0	0	0	0	0	0	0	0	0	0	0	0	0	0	2	0	4	0	0
M01896:14:000000000-A7ERE:1:1114:20068:24900	0	0	0	0	0	0	0	0	0	0	0	0	0	0	0	4	5	2	1	1
M01896:2:000000000-A69JN:1:2108:6273:19034	0	0	0	0	0	0	0	0	0	0	0	0	0	0	0	2	1	4	2	3
M01896:2:000000000-A69JN:1:1111:15914:14325	0	0	0	0	0	0	0	0	0	0	0	0	0	0	0	1	1	2	0	2
M01896:14:000000000-A7ERE:1:1118:23103:14234	0	0	0	0	0	0	0	0	0	0	0	0	0	0	0	1	1	4	0	1
M00595:42:000000000-A5J1T:1:2113:18641:15793	0	0	0	0	0	0	0	0	0	0	0	0	0	0	0	3	1	4	0	2
M00595:42:000000000-A5J1T:1:1118:23985:8433	0	0	0	0	0	0	0	0	0	0	0	0	0	0	0	1	2	2	0	1
M01896:2:000000000-A69JN:1:2107:7152:5484	0	0	0	0	0	0	0	0	0	0	0	0	0	0	0	1	2	3	0	2
M01896:14:000000000-A7ERE:1:2118:19025:17301	0	0	0	0	0	0	0	0	0	0	0	0	0	0	0	2	1	0	1	1
M00595:42:000000000-A5J1T:1:1113:18157:9364	0	0	0	0	0	0	0	0	0	0	0	0	0	0	0	1	0	2	0	0
M01896:2:000000000-A69JN:1:2101:12019:15217	0	0	0	0	0	0	0	0	0	0	0	0	0	0	0	2	3	3	4	9
M00595:42:000000000-A5J1T:1:1115:16055:20451	0	0	0	0	0	0	0	0	0	0	0	0	0	0	0	2	2	1	0	0
M00595:42:000000000-A5J1T:1:1110:24224:17487	0	0	0	0	0	0	0	0	0	0	0	0	0	0	0	3	2	6	1	4
M00595:54:000000000-A7CT0:1:2119:18289:17995	0	0	0	0	0	0	0	0	0	0	0	0	0	0	0	1	0	1	1	0
M01896:2:000000000-A69JN:1:1116:7942:10678	0	0	0	0	0	0	0	0	0	0	0	0	0	0	0	1	0	3	0	2
M00595:42:000000000-A5J1T:1:1102:17723:16892	0	0	0	0	0	0	0	0	0	0	0	0	0	0	0	1	3	2	0	0
M00595:42:000000000-A5J1T:1:1104:16542:4728	0	0	0	0	0	0	0	0	0	0	0	0	0	0	0	2	2	5	2	0
M00595:54:000000000-A7CT0:1:1110:10776:6038	0	0	0	0	0	0	0	0	0	0	0	0	0	0	0	1	1	3	1	2
M00595:42:000000000-A5J1T:1:1114:7885:8994	0	0	0	0	0	0	0	0	0	0	0	0	0	0	0	2	2	4	2	1
M00595:42:000000000-A5J1T:1:2104:13879:6856	0	0	0	0	0	0	0	0	0	0	0	0	0	0	0	2	0	5	0	0
M01896:14:000000000-A7ERE:1:2108:13261:20101	0	0	0	0	0	0	0	0	0	0	0	0	0	0	0	1	0	1	1	0
M00595:42:000000000-A5J1T:1:1119:8264:14837	0	0	0	0	0	0	0	0	0	0	0	0	0	0	0	1	0	2	1	1
M01896:2:000000000-A69JN:1:2111:7730:17185	0	0	0	0	0	0	0	0	0	0	0	0	0	0	0	2	1	11	0	5
M00595:42:000000000-A5J1T:1:2119:5735:19521	0	0	0	0	0	0	0	0	0	0	0	0	0	0	0	3	2	3	0	1
M01896:15:000000000-A7EN9:1:2115:12897:11581	0	0	0	0	0	0	0	0	0	0	0	0	0	0	0	4	1	2	0	2
M01896:14:000000000-A7ERE:1:2104:5485:19274	0	0	0	0	0	0	0	0	0	0	0	0	0	0	0	1	2	7	0	2
M00595:42:000000000-A5J1T:1:1106:19380:23516	0	0	0	0	0	0	0	0	0	0	0	0	0	0	0	7	5	11	1	0
M00595:42:000000000-A5J1T:1:1102:15177:19395	0	0	0	0	0	0	0	0	0	0	0	0	0	0	0	1	1	1	0	0
M01896:2:000000000-A69JN:1:1101:12512:13195	0	0	0	0	0	0	0	0	0	0	0	0	0	0	0	2	0	3	2	2
M00595:42:000000000-A5J1T:1:1109:17012:10864	0	0	0	0	0	0	0	0	0	0	0	0	0	0	0	1	0	1	2	0
M00595:54:000000000-A7CT0:1:2116:13914:7315	0	0	0	0	0	0	0	0	0	0	0	0	0	0	0	1	0	0	2	0
M01896:15:000000000-A7EN9:1:1109:25041:21785	0	0	0	0	0	0	0	0	0	0	0	0	0	0	0	1	2	8	1	1
M01896:2:000000000-A69JN:1:2110:11557:11590	0	0	0	0	0	0	0	0	0	0	0	0	0	0	0	1	1	0	0	3
M00595:42:000000000-A5J1T:1:1114:14083:4152	0	0	0	0	0	0	0	0	0	0	0	0	0	0	0	2	1	4	0	0
M01896:2:000000000-A69JN:1:1107:15067:16645	0	0	0	0	0	0	0	0	0	0	0	0	0	0	0	1	0	1	0	2
M01896:2:000000000-A69JN:1:2117:28278:16731	0	0	0	0	0	0	0	0	0	0	0	0	0	0	0	3	2	7	0	4
M00595:42:000000000-A5J1T:1:2110:5443:18184	0	0	0	0	0	0	0	0	0	0	0	0	0	0	0	3	4	3	1	4
M00595:42:000000000-A5J1T:1:1117:23262:7532	0	0	0	0	0	0	0	0	0	0	0	0	0	0	0	1	0	1	1	0
M01896:2:000000000-A69JN:1:2109:3646:8276	0	0	0	0	0	0	0	0	0	0	0	0	0	0	0	1	1	1	0	3
M01896:2:000000000-A69JN:1:2115:26242:15631	0	0	0	0	0	0	0	0	0	0	0	0	0	0	0	1	0	4	1	3
M01896:2:000000000-A69JN:1:1111:6501:8423	0	0	0	0	0	0	0	0	0	0	0	0	0	0	0	3	1	2	0	2
M01896:2:000000000-A69JN:1:2105:13309:11051	0	0	0	0	0	0	0	0	0	0	0	0	0	0	0	1	1	2	0	1
M01896:15:000000000-A7EN9:1:1104:16870:19937	0	0	0	0	0	0	0	0	0	0	0	0	0	0	0	2	0	2	0	0
M01896:15:000000000-A7EN9:1:1105:6219:16219	0	0	0	0	0	0	0	0	0	0	0	0	0	0	0	2	0	1	1	0
M00595:42:000000000-A5J1T:1:1109:15093:5256	0	0	0	0	0	0	0	0	0	0	0	0	0	0	0	3	5	10	1	6
M01896:15:000000000-A7EN9:1:1107:24152:2041	0	0	0	0	0	0	0	0	0	0	0	0	0	0	0	4	4	1	1	0
M00595:42:000000000-A5J1T:1:2105:19381:20345	0	0	0	0	0	0	0	0	0	0	0	0	0	0	0	1	0	4	0	0
M01896:2:000000000-A69JN:1:2113:18444:20384	0	0	0	0	0	0	0	0	0	0	0	0	0	0	0	1	1	8	4	3
M00595:42:000000000-A5J1T:1:1108:17366:19672	0	0	0	0	0	0	0	0	0	0	0	0	0	0	0	2	1	4	0	1
M00595:42:000000000-A5J1T:1:1112:17240:6262	0	0	0	0	0	0	0	0	0	0	0	0	0	0	0	1	1	4	0	0
M01896:2:000000000-A69JN:1:1102:20921:12098	0	0	0	0	0	0	0	0	0	0	0	0	0	0	0	1	1	2	0	4
M01896:2:000000000-A69JN:1:2118:5526:4358	0	0	0	0	0	0	0	0	0	0	0	0	0	0	0	4	2	5	2	3
M01896:15:000000000-A7EN9:1:1113:4730:15729	0	0	0	0	0	0	0	0	0	0	0	0	0	0	0	2	0	0	0	0
M01896:15:000000000-A7EN9:1:1102:6606:23086	0	0	0	0	0	0	0	0	0	0	0	0	0	0	0	1	2	4	0	2
M00595:42:000000000-A5J1T:1:1111:9215:20364	0	0	0	0	0	0	0	0	0	0	0	0	0	0	0	1	0	5	1	4
M00595:42:000000000-A5J1T:1:1104:27161:10639	0	0	0	0	0	0	0	0	0	0	0	0	0	0	0	1	1	5	0	2
M01896:2:000000000-A69JN:1:1109:10283:24780	0	0	0	0	0	0	0	0	0	0	0	0	0	0	0	1	0	1	0	2
M01896:15:000000000-A7EN9:1:1116:9556:6762	0	0	0	0	0	0	0	0	0	0	0	0	0	0	0	3	0	0	0	0
M01896:2:000000000-A69JN:1:2108:20938:12382	0	0	0	0	0	0	0	0	0	0	0	0	0	0	0	1	4	6	1	1
M00595:42:000000000-A5J1T:1:1107:23572:15891	0	0	0	0	0	0	0	0	0	0	0	0	0	0	0	1	2	9	0	3
M00595:42:000000000-A5J1T:1:1105:15430:13026	0	0	0	0	0	0	0	0	0	0	0	0	0	0	0	1	2	7	2	5
M00595:42:000000000-A5J1T:1:1108:16107:22374	0	0	0	0	0	0	0	0	0	0	0	0	0	0	0	1	0	2	0	0
M00595:42:000000000-A5J1T:1:1106:19040:2903	0	0	0	0	0	0	0	0	0	0	0	0	0	0	0	1	1	6	0	1
M01896:15:000000000-A7EN9:1:2102:27600:10391	0	0	0	0	0	0	0	0	0	0	0	0	0	0	0	1	2	5	2	1
M00595:42:000000000-A5J1T:1:1102:22624:19827	0	0	0	0	0	0	0	0	0	0	0	0	0	0	0	2	3	2	0	1
M00595:42:000000000-A5J1T:1:2118:14755:10792	0	0	0	0	0	0	0	0	0	0	0	0	0	0	0	2	8	11	4	3
M01896:2:000000000-A69JN:1:1104:17771:2174	0	0	0	0	0	0	0	0	0	0	0	0	0	0	0	1	2	11	0	2
M01896:2:000000000-A69JN:1:2116:13683:4592	0	0	0	0	0	0	0	0	0	0	0	0	0	0	0	2	5	5	2	5
M01896:15:000000000-A7EN9:1:2105:23500:19305	0	0	0	0	0	0	0	0	0	0	0	0	0	0	0	2	1	0	1	0
M00595:42:000000000-A5J1T:1:2112:18007:15493	0	0	0	0	0	0	0	0	0	0	0	0	0	0	0	1	0	3	0	0
M00595:42:000000000-A5J1T:1:1107:15726:12167	0	0	0	0	0	0	0	0	0	0	0	0	0	0	0	4	1	25	3	1
M01896:14:000000000-A7ERE:1:2101:27387:10347	0	0	0	0	0	0	0	0	0	0	0	0	0	0	0	5	1	0	0	2
M00595:42:000000000-A5J1T:1:2101:23390:4875	0	0	0	0	0	0	0	0	0	0	0	0	0	0	0	1	2	7	0	1
M01896:2:000000000-A69JN:1:1109:21152:6485	0	0	0	0	0	0	0	0	0	0	0	0	0	0	0	1	3	13	0	2
M01896:15:000000000-A7EN9:1:2107:14839:12565	0	0	0	0	0	0	0	0	0	0	0	0	0	0	0	2	0	0	0	0
M00595:54:000000000-A7CT0:1:2114:21476:12525	0	0	0	0	0	0	0	0	0	0	0	0	0	0	0	3	3	5	2	0
M00595:42:000000000-A5J1T:1:2118:11392:10108	0	0	0	0	0	0	0	0	0	0	0	0	0	0	0	1	2	3	1	2
M01896:15:000000000-A7EN9:1:2111:18467:15393	0	0	0	0	0	0	0	0	0	0	0	0	0	0	0	2	0	0	0	0
M01896:2:000000000-A69JN:1:1104:14076:22432	0	0	0	0	0	0	0	0	0	0	0	0	0	0	0	4	3	9	1	3
M01896:2:000000000-A69JN:1:2102:24456:10584	0	0	0	0	0	0	0	0	0	0	0	0	0	0	0	1	0	2	0	3
M01896:15:000000000-A7EN9:1:1109:17511:20354	0	0	0	0	0	0	0	0	0	0	0	0	0	0	0	1	1	0	0	0
M01896:15:000000000-A7EN9:1:2114:15958:17296	0	0	0	0	0	0	0	0	0	0	0	0	0	0	0	2	0	0	0	0
M00595:42:000000000-A5J1T:1:1115:6454:7207	0	0	0	0	0	0	0	0	0	0	0	0	0	0	0	1	2	4	1	2
M00595:42:000000000-A5J1T:1:1104:9864:12695	0	0	0	0	0	0	0	0	0	0	0	0	0	0	0	1	0	6	0	1
M00595:42:000000000-A5J1T:1:1104:24239:17732	0	0	0	0	0	0	0	0	0	0	0	0	0	0	0	1	0	3	0	1
M01896:2:000000000-A69JN:1:2116:8942:23972	0	0	0	0	0	0	0	0	0	0	0	0	0	0	0	1	1	3	1	6
M00595:42:000000000-A5J1T:1:1117:20195:22191	0	0	0	0	0	0	0	0	0	0	0	0	0	0	0	2	0	9	0	8
M00595:42:000000000-A5J1T:1:2114:23307:2964	0	0	0	0	0	0	0	0	0	0	0	0	0	0	0	3	7	16	2	0
M00595:42:000000000-A5J1T:1:2110:18165:11607	0	0	0	0	0	0	0	0	0	0	0	0	0	0	0	1	4	12	1	1
M00595:42:000000000-A5J1T:1:1117:7587:20082	0	0	0	0	0	0	0	0	0	0	0	0	0	0	0	1	0	3	0	0
M00595:42:000000000-A5J1T:1:1103:20454:17496	0	0	0	0	0	0	0	0	0	0	0	0	0	0	0	2	1	4	1	2
M00595:42:000000000-A5J1T:1:2110:28177:12908	0	0	0	0	0	0	0	0	0	0	0	0	0	0	0	1	1	5	0	2
M00595:42:000000000-A5J1T:1:2115:15774:8453	0	0	0	0	0	0	0	0	0	0	0	0	0	0	0	1	0	5	0	1
M01896:2:000000000-A69JN:1:2108:7135:20808	0	0	0	0	0	0	0	0	0	0	0	0	0	0	0	1	0	0	0	2
M01896:15:000000000-A7EN9:1:2116:7290:23093	0	0	0	0	0	0	0	0	0	0	0	0	0	0	0	2	2	13	3	7
M00595:42:000000000-A5J1T:1:2106:14023:23190	0	0	0	0	0	0	0	0	0	0	0	0	0	0	0	1	4	11	0	3
M01896:14:000000000-A7ERE:1:2109:10922:22076	0	0	0	0	0	0	0	0	0	0	0	0	0	0	0	1	1	0	0	0
M01896:2:000000000-A69JN:1:1118:16028:7466	0	0	0	0	0	0	0	0	0	0	0	0	0	0	0	1	1	2	0	1
M01896:2:000000000-A69JN:1:1118:13016:6469	0	0	0	0	0	0	0	0	0	0	0	0	0	0	0	1	0	3	1	2
M01896:2:000000000-A69JN:1:1102:22725:16078	0	0	0	0	0	0	0	0	0	0	0	0	0	0	0	1	1	2	1	1
M01896:15:000000000-A7EN9:1:2104:3691:8506	0	0	0	0	0	0	0	0	0	0	0	0	0	0	0	3	0	12	3	2
M00595:42:000000000-A5J1T:1:1103:14226:18520	0	0	0	0	0	0	0	0	0	0	0	0	0	0	0	1	0	2	0	0
M00595:42:000000000-A5J1T:1:1119:9759:8944	0	0	0	0	0	0	0	0	0	0	0	0	0	0	0	1	0	2	0	0
M00595:42:000000000-A5J1T:1:2111:19600:21067	0	0	0	0	0	0	0	0	0	0	0	0	0	0	0	1	1	12	1	2
M01896:14:000000000-A7ERE:1:1112:29527:12253	0	0	0	0	0	0	0	0	0	0	0	0	0	0	0	1	1	2	0	1
M01896:14:000000000-A7ERE:1:1112:10468:13043	0	0	0	0	0	0	0	0	0	0	0	0	0	0	0	1	1	1	1	1
M01896:14:000000000-A7ERE:1:1113:24216:6106	0	0	0	0	0	0	0	0	0	0	0	0	0	0	0	1	1	1	0	1
M01896:14:000000000-A7ERE:1:1111:8472:10175	0	0	0	0	0	0	0	0	0	0	0	0	0	0	0	1	0	3	1	1
M01896:2:000000000-A69JN:1:1113:14320:18315	0	0	0	0	0	0	0	0	0	0	0	0	0	0	0	1	2	0	0	4
M00595:42:000000000-A5J1T:1:1102:15301:13006	0	0	0	0	0	0	0	0	0	0	0	0	0	0	0	1	1	5	4	1
M00595:42:000000000-A5J1T:1:2103:4191:17549	0	0	0	0	0	0	0	0	0	0	0	0	0	0	0	1	1	2	0	0
M00595:42:000000000-A5J1T:1:1110:13983:7291	0	0	0	0	0	0	0	0	0	0	0	0	0	0	0	1	1	5	1	0
M00595:42:000000000-A5J1T:1:2104:18243:20922	0	0	0	0	0	0	0	0	0	0	0	0	0	0	0	2	1	10	2	2
M00595:42:000000000-A5J1T:1:1108:23090:13423	0	0	0	0	0	0	0	0	0	0	0	0	0	0	0	2	1	2	0	1
M00595:54:000000000-A7CT0:1:1115:23371:5301	0	0	0	0	0	0	0	0	0	0	0	0	0	0	0	2	1	6	1	0
M00595:42:000000000-A5J1T:1:1102:23068:22183	0	0	0	0	0	0	0	0	0	0	0	0	0	0	0	1	1	7	1	1
M01896:14:000000000-A7ERE:1:1118:16619:16724	0	0	0	0	0	0	0	0	0	0	0	0	0	0	0	2	0	0	0	0
M01896:14:000000000-A7ERE:1:1105:19597:7690	0	0	0	0	0	0	0	0	0	0	0	0	0	0	0	1	2	2	0	0
M00595:42:000000000-A5J1T:1:1119:6995:4325	0	0	0	0	0	0	0	0	0	0	0	0	0	0	0	1	0	2	0	0
M01896:14:000000000-A7ERE:1:2101:20901:18183	0	0	0	0	0	0	0	0	0	0	0	0	0	0	0	2	0	0	0	0
M00595:54:000000000-A7CT0:1:1113:18160:10172	0	0	0	0	0	0	0	0	0	0	0	0	0	0	0	1	0	5	1	1
M01896:14:000000000-A7ERE:1:2102:12087:10618	0	0	0	0	0	0	0	0	0	0	0	0	0	0	0	2	0	0	0	0
M01896:2:000000000-A69JN:1:2111:20230:21856	0	0	0	0	0	0	0	0	0	0	0	0	0	0	0	1	0	7	1	5
M00595:42:000000000-A5J1T:1:1112:8454:10664	0	0	0	0	0	0	0	0	0	0	0	0	0	0	0	1	2	4	1	3
M01896:14:000000000-A7ERE:1:2103:28451:12823	0	0	0	0	0	0	0	0	0	0	0	0	0	0	0	1	0	1	0	3
M00595:42:000000000-A5J1T:1:1115:18388:22892	0	0	0	0	0	0	0	0	0	0	0	0	0	0	0	1	1	2	0	0
M00595:42:000000000-A5J1T:1:2115:9137:5598	0	0	0	0	0	0	0	0	0	0	0	0	0	0	0	1	1	3	0	0
M01896:2:000000000-A69JN:1:1118:14320:14515	0	0	0	0	0	0	0	0	0	0	0	0	0	0	0	2	0	2	0	3
M01896:14:000000000-A7ERE:1:1117:9455:6640	0	0	0	0	0	0	0	0	0	0	0	0	0	0	0	4	6	8	4	1
M01896:14:000000000-A7ERE:1:2106:8729:8382	0	0	0	0	0	0	0	0	0	0	0	0	0	0	0	1	3	0	0	0
M00595:42:000000000-A5J1T:1:1107:9499:22578	0	0	0	0	0	0	0	0	0	0	0	0	0	0	0	1	4	9	1	0
M00595:42:000000000-A5J1T:1:2111:22367:10575	0	0	0	0	0	0	0	0	0	0	0	0	0	0	0	1	0	2	1	1
M00595:54:000000000-A7CT0:1:2105:7915:11324	0	0	0	0	0	0	0	0	0	0	0	0	0	0	0	1	0	3	2	1
M01896:2:000000000-A69JN:1:2105:24315:20184	0	0	0	0	0	0	0	0	0	0	0	0	0	0	0	1	3	4	0	6
M01896:14:000000000-A7ERE:1:2108:17563:2118	0	0	0	0	0	0	0	0	0	0	0	0	0	0	0	1	0	1	0	0
M01896:2:000000000-A69JN:1:2110:8367:5729	0	0	0	0	0	0	0	0	0	0	0	0	0	0	0	1	0	1	0	3
M01896:15:000000000-A7EN9:1:2106:19058:8300	0	0	0	0	0	0	0	0	0	0	0	0	0	0	0	2	1	3	0	2
M00595:54:000000000-A7CT0:1:2116:17403:4922	0	0	0	0	0	0	0	0	0	0	0	0	0	0	0	1	6	13	2	2
M00595:42:000000000-A5J1T:1:1117:10251:19904	0	0	0	0	0	0	0	0	0	0	0	0	0	0	0	1	0	4	0	0
M01896:14:000000000-A7ERE:1:2112:15837:12640	0	0	0	0	0	0	0	0	0	0	0	0	0	0	0	2	0	0	0	0
M01896:15:000000000-A7EN9:1:2119:10799:18733	0	0	0	0	0	0	0	0	0	0	0	0	0	0	0	1	2	0	1	0
M00595:54:000000000-A7CT0:1:2111:17378:15252	0	0	0	0	0	0	0	0	0	0	0	0	0	0	0	1	1	1	1	0
M01896:14:000000000-A7ERE:1:2115:5944:22487	0	0	0	0	0	0	0	0	0	0	0	0	0	0	0	1	0	0	1	0
M00595:42:000000000-A5J1T:1:1115:18434:19064	0	0	0	0	0	0	0	0	0	0	0	0	0	0	0	1	0	10	1	3
M00595:42:000000000-A5J1T:1:2116:14095:12558	0	0	0	0	0	0	0	0	0	0	0	0	0	0	0	1	0	6	0	2
M01896:14:000000000-A7ERE:1:2116:2111:14936	0	0	0	0	0	0	0	0	0	0	0	0	0	0	0	1	0	2	0	1
M00595:42:000000000-A5J1T:1:1116:24069:17498	0	0	0	0	0	0	0	0	0	0	0	0	0	0	0	1	1	3	0	0
M01896:15:000000000-A7EN9:1:2115:10558:24903	0	0	0	0	0	0	0	0	0	0	0	0	0	0	0	2	3	2	0	0
M00595:42:000000000-A5J1T:1:1104:7953:7804	0	0	0	0	0	0	0	0	0	0	0	0	0	0	0	1	1	6	0	2
M00595:54:000000000-A7CT0:1:1109:28620:14400	0	0	0	0	0	0	0	0	0	0	0	0	0	0	0	1	0	0	2	0
M01896:14:000000000-A7ERE:1:2119:18383:11356	0	0	0	0	0	0	0	0	0	0	0	0	0	0	0	1	2	2	0	1
M00595:42:000000000-A5J1T:1:2111:17850:5386	0	0	0	0	0	0	0	0	0	0	0	0	0	0	0	1	1	5	2	0
M00595:42:000000000-A5J1T:1:2110:12370:4598	0	0	0	0	0	0	0	0	0	0	0	0	0	0	0	1	3	3	1	1
M00595:42:000000000-A5J1T:1:2111:15366:17024	0	0	0	0	0	0	0	0	0	0	0	0	0	0	0	1	2	8	0	4
M00595:42:000000000-A5J1T:1:2118:24623:3431	0	0	0	0	0	0	0	0	0	0	0	0	0	0	0	1	2	7	3	2
M01896:14:000000000-A7ERE:1:1113:9350:12267	0	0	0	0	0	0	0	0	0	0	0	0	0	0	0	1	1	3	0	0
M01896:2:000000000-A69JN:1:2108:5774:15173	0	0	0	0	0	0	0	0	0	0	0	0	0	0	0	1	1	3	0	5
M01896:2:000000000-A69JN:1:1108:11626:15907	0	0	0	0	0	0	0	0	0	0	0	0	0	0	0	1	2	2	0	2
M00595:54:000000000-A7CT0:1:1110:16290:13519	0	0	0	0	0	0	0	0	0	0	0	0	0	0	0	1	0	0	2	1
M00595:42:000000000-A5J1T:1:1107:13732:4393	0	0	0	0	0	0	0	0	0	0	0	0	0	0	0	1	0	5	0	0
M01896:15:000000000-A7EN9:1:1112:16815:10017	0	0	0	0	0	0	0	0	0	0	0	0	0	0	0	1	2	4	0	1
M00595:42:000000000-A5J1T:1:2113:10924:13229	0	0	0	0	0	0	0	0	0	0	0	0	0	0	0	1	5	6	0	2
M01896:15:000000000-A7EN9:1:1109:11385:3281	0	0	0	0	0	0	0	0	0	0	0	0	0	0	0	1	0	1	0	0
M00595:42:000000000-A5J1T:1:2103:21732:5014	0	0	0	0	0	0	0	0	0	0	0	0	0	0	0	1	1	2	0	0
M00595:42:000000000-A5J1T:1:1109:14220:12812	0	0	0	0	0	0	0	0	0	0	0	0	0	0	0	1	0	1	0	0
M00595:42:000000000-A5J1T:1:2107:9112:9995	0	0	0	0	0	0	0	0	0	0	0	0	0	0	0	1	0	4	0	0
M01896:15:000000000-A7EN9:1:1112:26366:18025	0	0	0	0	0	0	0	0	0	0	0	0	0	0	0	1	0	3	0	0
M01896:15:000000000-A7EN9:1:1112:22207:19513	0	0	0	0	0	0	0	0	0	0	0	0	0	0	0	1	0	0	0	1
M01896:2:000000000-A69JN:1:1117:11235:23244	0	0	0	0	0	0	0	0	0	0	0	0	0	0	0	1	0	2	0	1
M01896:2:000000000-A69JN:1:2117:28934:17356	0	0	0	0	0	0	0	0	0	0	0	0	0	0	0	1	0	0	0	2
M01896:15:000000000-A7EN9:1:1113:20293:15526	0	0	0	0	0	0	0	0	0	0	0	0	0	0	0	2	0	1	0	0
M00595:42:000000000-A5J1T:1:2114:11248:3212	0	0	0	0	0	0	0	0	0	0	0	0	0	0	0	1	1	1	0	2
M01896:2:000000000-A69JN:1:2112:11621:24025	0	0	0	0	0	0	0	0	0	0	0	0	0	0	0	1	0	6	0	2
M01896:15:000000000-A7EN9:1:1111:14052:13270	0	0	0	0	0	0	0	0	0	0	0	0	0	0	0	1	5	2	1	1
M01896:15:000000000-A7EN9:1:1115:9357:7450	0	0	0	0	0	0	0	0	0	0	0	0	0	0	0	1	0	0	0	0
M01896:2:000000000-A69JN:1:1103:21371:20139	0	0	0	0	0	0	0	0	0	0	0	0	0	0	0	1	0	2	0	3
M01896:15:000000000-A7EN9:1:1116:17243:3897	0	0	0	0	0	0	0	0	0	0	0	0	0	0	0	2	0	0	0	0
M01896:2:000000000-A69JN:1:2112:3864:14147	0	0	0	0	0	0	0	0	0	0	0	0	0	0	0	1	3	4	1	4
M00595:42:000000000-A5J1T:1:1106:17472:17872	0	0	0	0	0	0	0	0	0	0	0	0	0	0	0	1	0	4	0	1
M01896:2:000000000-A69JN:1:2115:12141:5690	0	0	0	0	0	0	0	0	0	0	0	0	0	0	0	1	0	0	0	2
M00595:42:000000000-A5J1T:1:2103:13677:17291	0	0	0	0	0	0	0	0	0	0	0	0	0	0	0	1	0	6	1	0
M01896:2:000000000-A69JN:1:2117:26789:10845	0	0	0	0	0	0	0	0	0	0	0	0	0	0	0	1	0	1	0	2
M00595:42:000000000-A5J1T:1:1104:8678:16682	0	0	0	0	0	0	0	0	0	0	0	0	0	0	0	1	1	3	1	3
M00595:42:000000000-A5J1T:1:2117:15677:1886	0	0	0	0	0	0	0	0	0	0	0	0	0	0	0	1	2	5	0	0
M01896:2:000000000-A69JN:1:1104:28458:18286	0	0	0	0	0	0	0	0	0	0	0	0	0	0	0	2	6	11	0	1
M01896:14:000000000-A7ERE:1:1106:21842:21190	0	0	0	0	0	0	0	0	0	0	0	0	0	0	0	1	1	7	0	3
M00595:54:000000000-A7CT0:1:2109:17058:9280	0	0	0	0	0	0	0	0	0	0	0	0	0	0	0	1	1	0	2	0
M00595:42:000000000-A5J1T:1:1116:21308:5156	0	0	0	0	0	0	0	0	0	0	0	0	0	0	0	1	0	2	0	0
M01896:15:000000000-A7EN9:1:2110:4078:19126	0	0	0	0	0	0	0	0	0	0	0	0	0	0	0	1	0	1	0	0
M00595:42:000000000-A5J1T:1:1104:13450:22715	0	0	0	0	0	0	0	0	0	0	0	0	0	0	0	1	0	1	0	2
M01896:15:000000000-A7EN9:1:2116:18475:20813	0	0	0	0	0	0	0	0	0	0	0	0	0	0	0	2	1	1	0	0
M00595:42:000000000-A5J1T:1:2105:16195:6053	0	0	0	0	0	0	0	0	0	0	0	0	0	0	0	1	3	3	3	1
M00595:42:000000000-A5J1T:1:2115:9186:12451	0	0	0	0	0	0	0	0	0	0	0	0	0	0	0	0	1	2	0	1
M01896:2:000000000-A69JN:1:1106:14392:5546	0	0	0	0	0	0	0	0	0	0	0	0	0	0	0	0	3	0	1	2
M01896:14:000000000-A7ERE:1:1102:6268:3426	0	0	0	0	0	0	0	0	0	0	0	0	0	0	0	0	1	3	0	0
M00595:42:000000000-A5J1T:1:2109:11948:13219	0	0	0	0	0	0	0	0	0	0	0	0	0	0	0	0	3	9	1	2
M01896:14:000000000-A7ERE:1:1104:28326:9929	0	0	0	0	0	0	0	0	0	0	0	0	0	0	0	0	1	1	0	0
M01896:14:000000000-A7ERE:1:1105:26767:11634	0	0	0	0	0	0	0	0	0	0	0	0	0	0	0	0	2	0	0	0
M00595:42:000000000-A5J1T:1:1107:17435:2702	0	0	0	0	0	0	0	0	0	0	0	0	0	0	0	0	2	2	0	1
M01896:2:000000000-A69JN:1:2105:12306:5094	0	0	0	0	0	0	0	0	0	0	0	0	0	0	0	0	2	2	0	2
M01896:14:000000000-A7ERE:1:1116:23095:2479	0	0	0	0	0	0	0	0	0	0	0	0	0	0	0	0	5	0	3	2
M00595:42:000000000-A5J1T:1:1101:18506:11958	0	0	0	0	0	0	0	0	0	0	0	0	0	0	0	0	1	6	0	1
M01896:14:000000000-A7ERE:1:1107:10023:24574	0	0	0	0	0	0	0	0	0	0	0	0	0	0	0	0	2	2	0	1
M01896:2:000000000-A69JN:1:2106:5189:11509	0	0	0	0	0	0	0	0	0	0	0	0	0	0	0	0	2	7	0	6
M00595:42:000000000-A5J1T:1:1118:9939:4406	0	0	0	0	0	0	0	0	0	0	0	0	0	0	0	0	1	1	0	0
M00595:42:000000000-A5J1T:1:2104:25831:11284	0	0	0	0	0	0	0	0	0	0	0	0	0	0	0	0	1	1	0	0
M00595:42:000000000-A5J1T:1:2117:5164:10490	0	0	0	0	0	0	0	0	0	0	0	0	0	0	0	0	1	2	0	0
M00595:42:000000000-A5J1T:1:2105:14121:22042	0	0	0	0	0	0	0	0	0	0	0	0	0	0	0	0	4	1	0	0
M00595:42:000000000-A5J1T:1:2110:12805:14589	0	0	0	0	0	0	0	0	0	0	0	0	0	0	0	0	1	4	0	0
M01896:14:000000000-A7ERE:1:1115:7452:23005	0	0	0	0	0	0	0	0	0	0	0	0	0	0	0	0	2	0	0	0
M01896:14:000000000-A7ERE:1:1116:5972:16412	0	0	0	0	0	0	0	0	0	0	0	0	0	0	0	0	1	4	1	1
M01896:14:000000000-A7ERE:1:1117:24378:6694	0	0	0	0	0	0	0	0	0	0	0	0	0	0	0	0	1	1	0	1
M01896:2:000000000-A69JN:1:1102:3964:20526	0	0	0	0	0	0	0	0	0	0	0	0	0	0	0	0	4	2	0	3
M00595:42:000000000-A5J1T:1:2106:22796:19085	0	0	0	0	0	0	0	0	0	0	0	0	0	0	0	0	1	13	1	1
M00595:42:000000000-A5J1T:1:2107:17412:6606	0	0	0	0	0	0	0	0	0	0	0	0	0	0	0	0	1	3	0	0
M01896:15:000000000-A7EN9:1:1105:18051:20257	0	0	0	0	0	0	0	0	0	0	0	0	0	0	0	0	2	3	0	1
M01896:15:000000000-A7EN9:1:1111:23963:17404	0	0	0	0	0	0	0	0	0	0	0	0	0	0	0	0	6	0	0	0
M01896:15:000000000-A7EN9:1:2110:19417:6500	0	0	0	0	0	0	0	0	0	0	0	0	0	0	0	0	2	5	0	0
M00595:42:000000000-A5J1T:1:2110:15141:8849	0	0	0	0	0	0	0	0	0	0	0	0	0	0	0	0	1	2	1	0
M00595:42:000000000-A5J1T:1:1117:12484:21018	0	0	0	0	0	0	0	0	0	0	0	0	0	0	0	0	1	3	0	0
M00595:42:000000000-A5J1T:1:1111:20576:11831	0	0	0	0	0	0	0	0	0	0	0	0	0	0	0	0	2	2	1	2
M00595:42:000000000-A5J1T:1:2110:15482:12777	0	0	0	0	0	0	0	0	0	0	0	0	0	0	0	0	2	4	0	1
M00595:42:000000000-A5J1T:1:1107:18484:2587	0	0	0	0	0	0	0	0	0	0	0	0	0	0	0	0	2	3	0	0
M01896:14:000000000-A7ERE:1:2108:7387:2058	0	0	0	0	0	0	0	0	0	0	0	0	0	0	0	0	2	0	0	0
M01896:14:000000000-A7ERE:1:2103:18002:24144	0	0	0	0	0	0	0	0	0	0	0	0	0	0	0	0	2	1	1	0
M01896:14:000000000-A7ERE:1:2103:12984:10620	0	0	0	0	0	0	0	0	0	0	0	0	0	0	0	0	3	1	0	2
M00595:54:000000000-A7CT0:1:1101:14346:3001	0	0	0	0	0	0	0	0	0	0	0	0	0	0	0	0	1	0	1	0
M00595:42:000000000-A5J1T:1:1104:16942:10133	0	0	0	0	0	0	0	0	0	0	0	0	0	0	0	0	1	3	0	0
M01896:15:000000000-A7EN9:1:2115:10549:12443	0	0	0	0	0	0	0	0	0	0	0	0	0	0	0	0	3	3	1	1
M00595:54:000000000-A7CT0:1:1101:10843:5962	0	0	0	0	0	0	0	0	0	0	0	0	0	0	0	0	1	1	2	0
M00595:54:000000000-A7CT0:1:1115:15304:13300	0	0	0	0	0	0	0	0	0	0	0	0	0	0	0	0	2	1	3	1
M00595:42:000000000-A5J1T:1:2112:25173:5764	0	0	0	0	0	0	0	0	0	0	0	0	0	0	0	0	1	2	1	0
M00595:42:000000000-A5J1T:1:2109:8154:8297	0	0	0	0	0	0	0	0	0	0	0	0	0	0	0	0	1	1	0	0
M01896:2:000000000-A69JN:1:2114:20237:4314	0	0	0	0	0	0	0	0	0	0	0	0	0	0	0	0	3	1	1	1
M01896:2:000000000-A69JN:1:2103:17489:16901	0	0	0	0	0	0	0	0	0	0	0	0	0	0	0	0	2	1	0	2
M00595:42:000000000-A5J1T:1:1102:26611:17089	0	0	0	0	0	0	0	0	0	0	0	0	0	0	0	0	6	10	0	0
M01896:14:000000000-A7ERE:1:2118:23227:19997	0	0	0	0	0	0	0	0	0	0	0	0	0	0	0	0	2	0	0	0
M01896:15:000000000-A7EN9:1:1101:8522:11723	0	0	0	0	0	0	0	0	0	0	0	0	0	0	0	0	1	0	0	2
M00595:42:000000000-A5J1T:1:1113:25719:14348	0	0	0	0	0	0	0	0	0	0	0	0	0	0	0	0	1	1	0	0
M01896:15:000000000-A7EN9:1:1103:17368:4217	0	0	0	0	0	0	0	0	0	0	0	0	0	0	0	0	2	0	0	0
M01896:15:000000000-A7EN9:1:1103:13409:11120	0	0	0	0	0	0	0	0	0	0	0	0	0	0	0	0	2	0	0	0
M00595:42:000000000-A5J1T:1:1110:21328:19519	0	0	0	0	0	0	0	0	0	0	0	0	0	0	0	0	2	4	0	0
M01896:2:000000000-A69JN:1:2101:15683:19386	0	0	0	0	0	0	0	0	0	0	0	0	0	0	0	0	3	4	0	7
M01896:15:000000000-A7EN9:1:1104:4285:11908	0	0	0	0	0	0	0	0	0	0	0	0	0	0	0	0	1	5	0	0
M00595:54:000000000-A7CT0:1:1105:17482:21742	0	0	0	0	0	0	0	0	0	0	0	0	0	0	0	0	2	3	2	2
M00595:42:000000000-A5J1T:1:1103:20293:8755	0	0	0	0	0	0	0	0	0	0	0	0	0	0	0	0	4	6	2	1
M01896:2:000000000-A69JN:1:1118:21750:17367	0	0	0	0	0	0	0	0	0	0	0	0	0	0	0	0	2	1	0	2
M00595:42:000000000-A5J1T:1:2104:13276:2820	0	0	0	0	0	0	0	0	0	0	0	0	0	0	0	0	2	3	0	0
M00595:42:000000000-A5J1T:1:2114:4780:12984	0	0	0	0	0	0	0	0	0	0	0	0	0	0	0	0	3	5	1	1
M01896:15:000000000-A7EN9:1:1107:11752:2101	0	0	0	0	0	0	0	0	0	0	0	0	0	0	0	0	2	0	0	0
M00595:42:000000000-A5J1T:1:1118:9946:24410	0	0	0	0	0	0	0	0	0	0	0	0	0	0	0	0	1	2	0	0
M01896:15:000000000-A7EN9:1:1108:23667:13552	0	0	0	0	0	0	0	0	0	0	0	0	0	0	0	0	2	0	0	0
M00595:42:000000000-A5J1T:1:1115:16203:15695	0	0	0	0	0	0	0	0	0	0	0	0	0	0	0	0	2	3	0	2
M01896:15:000000000-A7EN9:1:1112:25379:6572	0	0	0	0	0	0	0	0	0	0	0	0	0	0	0	0	2	0	0	0
M01896:15:000000000-A7EN9:1:1112:23201:16549	0	0	0	0	0	0	0	0	0	0	0	0	0	0	0	0	1	0	0	1
M00595:42:000000000-A5J1T:1:2114:4136:15691	0	0	0	0	0	0	0	0	0	0	0	0	0	0	0	0	1	4	0	3
M01896:15:000000000-A7EN9:1:1115:17111:2208	0	0	0	0	0	0	0	0	0	0	0	0	0	0	0	0	2	0	0	0
M01896:15:000000000-A7EN9:1:1116:4783:11234	0	0	0	0	0	0	0	0	0	0	0	0	0	0	0	0	1	0	0	0
M01896:2:000000000-A69JN:1:2103:6510:16773	0	0	0	0	0	0	0	0	0	0	0	0	0	0	0	0	2	0	0	3
M01896:15:000000000-A7EN9:1:2102:6931:4275	0	0	0	0	0	0	0	0	0	0	0	0	0	0	0	0	2	1	0	0
M01896:2:000000000-A69JN:1:2110:5759:19679	0	0	0	0	0	0	0	0	0	0	0	0	0	0	0	0	1	2	1	3
M01896:15:000000000-A7EN9:1:2104:9508:8624	0	0	0	0	0	0	0	0	0	0	0	0	0	0	0	0	2	0	0	0
M00595:42:000000000-A5J1T:1:1113:11967:12785	0	0	0	0	0	0	0	0	0	0	0	0	0	0	0	0	2	3	0	0
M01896:15:000000000-A7EN9:1:2107:16776:4529	0	0	0	0	0	0	0	0	0	0	0	0	0	0	0	0	2	5	4	1
M00595:42:000000000-A5J1T:1:1119:6825:10584	0	0	0	0	0	0	0	0	0	0	0	0	0	0	0	0	1	3	0	1
M01896:15:000000000-A7EN9:1:2107:12007:11543	0	0	0	0	0	0	0	0	0	0	0	0	0	0	0	0	3	0	0	0
M01896:15:000000000-A7EN9:1:2108:6786:16487	0	0	0	0	0	0	0	0	0	0	0	0	0	0	0	0	2	0	0	0
M01896:15:000000000-A7EN9:1:2109:17737:7540	0	0	0	0	0	0	0	0	0	0	0	0	0	0	0	0	2	1	0	0
M00595:42:000000000-A5J1T:1:2113:20509:19059	0	0	0	0	0	0	0	0	0	0	0	0	0	0	0	0	2	5	2	2
M01896:2:000000000-A69JN:1:2106:25190:4665	0	0	0	0	0	0	0	0	0	0	0	0	0	0	0	0	1	0	0	2
M01896:15:000000000-A7EN9:1:2111:17217:10732	0	0	0	0	0	0	0	0	0	0	0	0	0	0	0	0	2	3	0	0
M00595:42:000000000-A5J1T:1:1111:8210:3174	0	0	0	0	0	0	0	0	0	0	0	0	0	0	0	0	1	3	0	2
M01896:14:000000000-A7ERE:1:1102:6371:2876	0	0	0	0	0	0	0	0	0	0	0	0	0	0	0	0	3	0	0	0
M00595:42:000000000-A5J1T:1:1107:20557:10168	0	0	0	0	0	0	0	0	0	0	0	0	0	0	0	0	2	3	1	2
M01896:14:000000000-A7ERE:1:1102:16549:2116	0	0	0	0	0	0	0	0	0	0	0	0	0	0	0	0	3	1	1	0
M01896:2:000000000-A69JN:1:1101:8601:18650	0	0	0	0	0	0	0	0	0	0	0	0	0	0	0	0	2	6	0	4
M00595:42:000000000-A5J1T:1:1105:15289:14657	0	0	0	0	0	0	0	0	0	0	0	0	0	0	0	0	1	1	0	0
M01896:2:000000000-A69JN:1:1119:6437:16772	0	0	0	0	0	0	0	0	0	0	0	0	0	0	0	0	5	2	3	2
M00595:42:000000000-A5J1T:1:1119:20013:20603	0	0	0	0	0	0	0	0	0	0	0	0	0	0	0	0	3	6	0	2
M00595:54:000000000-A7CT0:1:2109:9483:16736	0	0	0	0	0	0	0	0	0	0	0	0	0	0	0	0	1	1	1	0
M00595:42:000000000-A5J1T:1:2102:10339:4287	0	0	0	0	0	0	0	0	0	0	0	0	0	0	0	0	2	8	1	2
M00595:54:000000000-A7CT0:1:1107:23813:11031	0	0	0	0	0	0	0	0	0	0	0	0	0	0	0	0	3	21	1	3
M00595:42:000000000-A5J1T:1:2112:15801:23963	0	0	0	0	0	0	0	0	0	0	0	0	0	0	0	0	1	1	0	0
M01896:2:000000000-A69JN:1:2107:18251:19832	0	0	0	0	0	0	0	0	0	0	0	0	0	0	0	0	1	0	0	1
M01896:14:000000000-A7ERE:1:1110:18846:17855	0	0	0	0	0	0	0	0	0	0	0	0	0	0	0	0	2	0	0	0
M00595:42:000000000-A5J1T:1:1113:24427:22165	0	0	0	0	0	0	0	0	0	0	0	0	0	0	0	0	1	2	0	0
M00595:42:000000000-A5J1T:1:1101:17959:15391	0	0	0	0	0	0	0	0	0	0	0	0	0	0	0	0	1	3	1	0
M00595:54:000000000-A7CT0:1:2114:8030:7912	0	0	0	0	0	0	0	0	0	0	0	0	0	0	0	0	2	0	1	0
M01896:14:000000000-A7ERE:1:1116:14496:20233	0	0	0	0	0	0	0	0	0	0	0	0	0	0	0	0	2	0	0	0
M00595:42:000000000-A5J1T:1:1112:22727:18441	0	0	0	0	0	0	0	0	0	0	0	0	0	0	0	0	1	3	0	0
M00595:42:000000000-A5J1T:1:1103:26032:21721	0	0	0	0	0	0	0	0	0	0	0	0	0	0	0	0	3	4	1	1
M01896:2:000000000-A69JN:1:2114:6454:19140	0	0	0	0	0	0	0	0	0	0	0	0	0	0	0	0	2	0	0	1
M01896:14:000000000-A7ERE:1:2104:25953:13179	0	0	0	0	0	0	0	0	0	0	0	0	0	0	0	0	2	0	0	0
M00595:42:000000000-A5J1T:1:2117:18679:9491	0	0	0	0	0	0	0	0	0	0	0	0	0	0	0	0	1	5	0	2
M00595:54:000000000-A7CT0:1:2109:22876:12687	0	0	0	0	0	0	0	0	0	0	0	0	0	0	0	0	2	2	2	0
M00595:42:000000000-A5J1T:1:1118:15095:7916	0	0	0	0	0	0	0	0	0	0	0	0	0	0	0	0	1	3	0	2
M01896:14:000000000-A7ERE:1:2115:11757:12967	0	0	0	0	0	0	0	0	0	0	0	0	0	0	0	0	1	4	0	2
M00595:54:000000000-A7CT0:1:2103:7594:15462	0	0	0	0	0	0	0	0	0	0	0	0	0	0	0	0	1	3	4	0
M01896:2:000000000-A69JN:1:2113:7793:13249	0	0	0	0	0	0	0	0	0	0	0	0	0	0	0	0	1	1	0	3
M01896:2:000000000-A69JN:1:2114:24247:6374	0	0	0	0	0	0	0	0	0	0	0	0	0	0	0	0	1	2	0	1
M01896:15:000000000-A7EN9:1:1102:12671:11952	0	0	0	0	0	0	0	0	0	0	0	0	0	0	0	0	2	0	1	0
M00595:42:000000000-A5J1T:1:1111:9372:9597	0	0	0	0	0	0	0	0	0	0	0	0	0	0	0	0	1	3	0	1
M01896:2:000000000-A69JN:1:2111:26193:19383	0	0	0	0	0	0	0	0	0	0	0	0	0	0	0	0	1	1	0	1
M01896:15:000000000-A7EN9:1:1105:3466:12721	0	0	0	0	0	0	0	0	0	0	0	0	0	0	0	0	1	2	0	0
M00595:42:000000000-A5J1T:1:1109:7177:13272	0	0	0	0	0	0	0	0	0	0	0	0	0	0	0	0	1	1	0	0
M00595:42:000000000-A5J1T:1:2105:13721:14176	0	0	0	0	0	0	0	0	0	0	0	0	0	0	0	0	1	2	0	2
M01896:15:000000000-A7EN9:1:1109:17433:15641	0	0	0	0	0	0	0	0	0	0	0	0	0	0	0	0	1	1	0	0
M00595:42:000000000-A5J1T:1:2103:25060:14714	0	0	0	0	0	0	0	0	0	0	0	0	0	0	0	0	1	2	0	2
M00595:42:000000000-A5J1T:1:2112:21480:19500	0	0	0	0	0	0	0	0	0	0	0	0	0	0	0	0	1	6	0	1
M01896:2:000000000-A69JN:1:2109:15588:7319	0	0	0	0	0	0	0	0	0	0	0	0	0	0	0	0	1	3	1	1
M01896:15:000000000-A7EN9:1:1115:22119:16843	0	0	0	0	0	0	0	0	0	0	0	0	0	0	0	0	2	0	0	1
M00595:54:000000000-A7CT0:1:1105:25782:18741	0	0	0	0	0	0	0	0	0	0	0	0	0	0	0	0	1	5	3	1
M00595:42:000000000-A5J1T:1:1104:18922:11193	0	0	0	0	0	0	0	0	0	0	0	0	0	0	0	0	1	3	0	0
M00595:42:000000000-A5J1T:1:2102:10579:5298	0	0	0	0	0	0	0	0	0	0	0	0	0	0	0	0	1	2	0	0
M00595:42:000000000-A5J1T:1:2104:14126:11543	0	0	0	0	0	0	0	0	0	0	0	0	0	0	0	0	1	5	1	0
M00595:42:000000000-A5J1T:1:2109:17853:18239	0	0	0	0	0	0	0	0	0	0	0	0	0	0	0	0	0	2	0	0
M00595:42:000000000-A5J1T:1:1101:15102:17998	0	0	0	0	0	0	0	0	0	0	0	0	0	0	0	0	0	2	0	1
M00595:42:000000000-A5J1T:1:2104:9728:20657	0	0	0	0	0	0	0	0	0	0	0	0	0	0	0	0	0	8	1	2
M00595:42:000000000-A5J1T:1:2115:26240:15449	0	0	0	0	0	0	0	0	0	0	0	0	0	0	0	0	0	5	0	0
M00595:42:000000000-A5J1T:1:1117:5210:16144	0	0	0	0	0	0	0	0	0	0	0	0	0	0	0	0	0	4	0	0
M00595:42:000000000-A5J1T:1:1102:11033:16413	0	0	0	0	0	0	0	0	0	0	0	0	0	0	0	0	0	2	0	0
M01896:2:000000000-A69JN:1:1103:14345:24281	0	0	0	0	0	0	0	0	0	0	0	0	0	0	0	0	0	5	1	2
M00595:54:000000000-A7CT0:1:2111:12492:13991	0	0	0	0	0	0	0	0	0	0	0	0	0	0	0	0	0	1	3	0
M01896:2:000000000-A69JN:1:1102:13532:23091	0	0	0	0	0	0	0	0	0	0	0	0	0	0	0	0	0	1	0	1
M00595:42:000000000-A5J1T:1:1104:23015:12724	0	0	0	0	0	0	0	0	0	0	0	0	0	0	0	0	0	3	0	0
M00595:42:000000000-A5J1T:1:1110:26095:18170	0	0	0	0	0	0	0	0	0	0	0	0	0	0	0	0	0	2	0	1
M00595:42:000000000-A5J1T:1:1104:17566:13405	0	0	0	0	0	0	0	0	0	0	0	0	0	0	0	0	0	3	1	0
M00595:42:000000000-A5J1T:1:1104:4118:15817	0	0	0	0	0	0	0	0	0	0	0	0	0	0	0	0	0	4	3	0
M00595:42:000000000-A5J1T:1:2109:20779:17871	0	0	0	0	0	0	0	0	0	0	0	0	0	0	0	0	0	3	0	0
M00595:42:000000000-A5J1T:1:1116:21664:8031	0	0	0	0	0	0	0	0	0	0	0	0	0	0	0	0	0	5	0	0
M01896:2:000000000-A69JN:1:2116:18810:6984	0	0	0	0	0	0	0	0	0	0	0	0	0	0	0	0	0	1	0	2
M00595:42:000000000-A5J1T:1:1105:16086:18815	0	0	0	0	0	0	0	0	0	0	0	0	0	0	0	0	0	2	0	0
M00595:42:000000000-A5J1T:1:2104:19825:6455	0	0	0	0	0	0	0	0	0	0	0	0	0	0	0	0	0	5	0	0
M00595:42:000000000-A5J1T:1:2110:7839:15626	0	0	0	0	0	0	0	0	0	0	0	0	0	0	0	0	0	3	0	0
M01896:2:000000000-A69JN:1:1110:5376:15868	0	0	0	0	0	0	0	0	0	0	0	0	0	0	0	0	0	1	0	3
M00595:42:000000000-A5J1T:1:2113:12950:12262	0	0	0	0	0	0	0	0	0	0	0	0	0	0	0	0	0	5	0	2
M00595:42:000000000-A5J1T:1:1107:12422:13106	0	0	0	0	0	0	0	0	0	0	0	0	0	0	0	0	0	2	0	1
M00595:42:000000000-A5J1T:1:1107:5535:17966	0	0	0	0	0	0	0	0	0	0	0	0	0	0	0	0	0	3	0	0
M00595:42:000000000-A5J1T:1:1107:12553:20357	0	0	0	0	0	0	0	0	0	0	0	0	0	0	0	0	0	2	0	0
M01896:2:000000000-A69JN:1:2105:10905:5186	0	0	0	0	0	0	0	0	0	0	0	0	0	0	0	0	0	5	0	2
M00595:42:000000000-A5J1T:1:1111:18461:17301	0	0	0	0	0	0	0	0	0	0	0	0	0	0	0	0	0	5	0	0
M01896:2:000000000-A69JN:1:2101:10750:15253	0	0	0	0	0	0	0	0	0	0	0	0	0	0	0	0	0	2	0	4
M00595:42:000000000-A5J1T:1:2103:8221:16189	0	0	0	0	0	0	0	0	0	0	0	0	0	0	0	0	0	11	0	1
M01896:2:000000000-A69JN:1:1103:8400:18099	0	0	0	0	0	0	0	0	0	0	0	0	0	0	0	0	0	2	0	3
M00595:42:000000000-A5J1T:1:2117:14471:6822	0	0	0	0	0	0	0	0	0	0	0	0	0	0	0	0	0	6	0	2
M00595:42:000000000-A5J1T:1:1110:19401:19385	0	0	0	0	0	0	0	0	0	0	0	0	0	0	0	0	0	2	0	0
M01896:2:000000000-A69JN:1:1113:25137:13065	0	0	0	0	0	0	0	0	0	0	0	0	0	0	0	0	0	2	0	2
M01896:2:000000000-A69JN:1:1103:9384:19139	0	0	0	0	0	0	0	0	0	0	0	0	0	0	0	0	0	2	1	1
M00595:42:000000000-A5J1T:1:1112:26733:10009	0	0	0	0	0	0	0	0	0	0	0	0	0	0	0	0	0	2	0	1
M01896:2:000000000-A69JN:1:2116:25294:15092	0	0	0	0	0	0	0	0	0	0	0	0	0	0	0	0	0	2	0	1
M00595:42:000000000-A5J1T:1:1112:13534:19858	0	0	0	0	0	0	0	0	0	0	0	0	0	0	0	0	0	1	1	0
M00595:42:000000000-A5J1T:1:1113:19603:6422	0	0	0	0	0	0	0	0	0	0	0	0	0	0	0	0	0	4	0	0
M00595:42:000000000-A5J1T:1:1113:9016:15546	0	0	0	0	0	0	0	0	0	0	0	0	0	0	0	0	0	4	0	1
M00595:42:000000000-A5J1T:1:1105:8293:23323	0	0	0	0	0	0	0	0	0	0	0	0	0	0	0	0	0	3	0	0
M00595:42:000000000-A5J1T:1:1113:23184:16493	0	0	0	0	0	0	0	0	0	0	0	0	0	0	0	0	0	2	0	0
M00595:42:000000000-A5J1T:1:1113:9153:19615	0	0	0	0	0	0	0	0	0	0	0	0	0	0	0	0	0	2	0	0
M00595:42:000000000-A5J1T:1:2112:9091:6057	0	0	0	0	0	0	0	0	0	0	0	0	0	0	0	0	0	2	0	0
M00595:54:000000000-A7CT0:1:1113:7816:15722	0	0	0	0	0	0	0	0	0	0	0	0	0	0	0	0	0	2	1	1
M01896:2:000000000-A69JN:1:2114:22056:3131	0	0	0	0	0	0	0	0	0	0	0	0	0	0	0	0	0	1	0	2
M00595:42:000000000-A5J1T:1:1118:15444:13713	0	0	0	0	0	0	0	0	0	0	0	0	0	0	0	0	0	6	0	1
M00595:42:000000000-A5J1T:1:2104:8628:6387	0	0	0	0	0	0	0	0	0	0	0	0	0	0	0	0	0	4	0	0
M00595:42:000000000-A5J1T:1:1114:13623:21084	0	0	0	0	0	0	0	0	0	0	0	0	0	0	0	0	0	1	0	0
M01896:2:000000000-A69JN:1:1116:16575:19866	0	0	0	0	0	0	0	0	0	0	0	0	0	0	0	0	0	1	0	1
M00595:42:000000000-A5J1T:1:1116:15384:13640	0	0	0	0	0	0	0	0	0	0	0	0	0	0	0	0	0	2	1	0
M00595:42:000000000-A5J1T:1:1118:12710:9270	0	0	0	0	0	0	0	0	0	0	0	0	0	0	0	0	0	2	1	2
M00595:42:000000000-A5J1T:1:1119:15226:13258	0	0	0	0	0	0	0	0	0	0	0	0	0	0	0	0	0	1	0	0
M00595:42:000000000-A5J1T:1:1112:12166:5314	0	0	0	0	0	0	0	0	0	0	0	0	0	0	0	0	0	4	0	0
M00595:42:000000000-A5J1T:1:2101:21219:11917	0	0	0	0	0	0	0	0	0	0	0	0	0	0	0	0	0	3	0	1
M01896:2:000000000-A69JN:1:2102:18564:17187	0	0	0	0	0	0	0	0	0	0	0	0	0	0	0	0	0	1	0	1
M00595:42:000000000-A5J1T:1:2103:10512:23611	0	0	0	0	0	0	0	0	0	0	0	0	0	0	0	0	0	1	1	1
M00595:42:000000000-A5J1T:1:2104:11792:5331	0	0	0	0	0	0	0	0	0	0	0	0	0	0	0	0	0	2	0	0
M00595:42:000000000-A5J1T:1:2104:17121:12492	0	0	0	0	0	0	0	0	0	0	0	0	0	0	0	0	0	2	0	0
M00595:42:000000000-A5J1T:1:2105:20466:4113	0	0	0	0	0	0	0	0	0	0	0	0	0	0	0	0	0	2	0	1
M00595:42:000000000-A5J1T:1:2105:14594:10056	0	0	0	0	0	0	0	0	0	0	0	0	0	0	0	0	0	4	0	0
M01896:2:000000000-A69JN:1:2114:14022:4167	0	0	0	0	0	0	0	0	0	0	0	0	0	0	0	0	0	1	1	2
M01896:2:000000000-A69JN:1:2110:10502:4416	0	0	0	0	0	0	0	0	0	0	0	0	0	0	0	0	0	2	0	2
M00595:42:000000000-A5J1T:1:2108:14254:5407	0	0	0	0	0	0	0	0	0	0	0	0	0	0	0	0	0	2	0	1
M00595:42:000000000-A5J1T:1:2108:10269:17177	0	0	0	0	0	0	0	0	0	0	0	0	0	0	0	0	0	2	2	0
M01896:2:000000000-A69JN:1:2108:19731:22221	0	0	0	0	0	0	0	0	0	0	0	0	0	0	0	0	0	1	1	2
M00595:42:000000000-A5J1T:1:2109:13476:16312	0	0	0	0	0	0	0	0	0	0	0	0	0	0	0	0	0	2	0	0
M01896:2:000000000-A69JN:1:1101:16212:19825	0	0	0	0	0	0	0	0	0	0	0	0	0	0	0	0	0	5	0	1
M00595:54:000000000-A7CT0:1:1112:23858:18215	0	0	0	0	0	0	0	0	0	0	0	0	0	0	0	0	0	3	2	0
M01896:2:000000000-A69JN:1:2112:19171:7231	0	0	0	0	0	0	0	0	0	0	0	0	0	0	0	0	0	2	0	2
M00595:42:000000000-A5J1T:1:2110:20013:21942	0	0	0	0	0	0	0	0	0	0	0	0	0	0	0	0	0	5	0	0
M00595:42:000000000-A5J1T:1:2111:25009:6087	0	0	0	0	0	0	0	0	0	0	0	0	0	0	0	0	0	2	0	0
M00595:42:000000000-A5J1T:1:2111:9640:20469	0	0	0	0	0	0	0	0	0	0	0	0	0	0	0	0	0	2	0	0
M00595:54:000000000-A7CT0:1:1112:19979:12486	0	0	0	0	0	0	0	0	0	0	0	0	0	0	0	0	0	2	1	0
M00595:42:000000000-A5J1T:1:2113:23567:18042	0	0	0	0	0	0	0	0	0	0	0	0	0	0	0	0	0	2	0	0
M00595:42:000000000-A5J1T:1:2114:19464:11182	0	0	0	0	0	0	0	0	0	0	0	0	0	0	0	0	0	2	0	0
M00595:42:000000000-A5J1T:1:2114:13186:17123	0	0	0	0	0	0	0	0	0	0	0	0	0	0	0	0	0	3	0	1
M00595:42:000000000-A5J1T:1:2115:16748:22096	0	0	0	0	0	0	0	0	0	0	0	0	0	0	0	0	0	2	0	2
M00595:42:000000000-A5J1T:1:2119:27108:15331	0	0	0	0	0	0	0	0	0	0	0	0	0	0	0	0	0	2	1	0
M00595:42:000000000-A5J1T:1:2103:22865:6574	0	0	0	0	0	0	0	0	0	0	0	0	0	0	0	0	0	2	0	0
M00595:42:000000000-A5J1T:1:2116:11665:22412	0	0	0	0	0	0	0	0	0	0	0	0	0	0	0	0	0	2	1	0
M00595:42:000000000-A5J1T:1:2117:16118:10818	0	0	0	0	0	0	0	0	0	0	0	0	0	0	0	0	0	2	0	0
M01896:2:000000000-A69JN:1:2106:12467:14252	0	0	0	0	0	0	0	0	0	0	0	0	0	0	0	0	0	3	2	1
M00595:42:000000000-A5J1T:1:2118:25081:17311	0	0	0	0	0	0	0	0	0	0	0	0	0	0	0	0	0	5	1	0
M00595:42:000000000-A5J1T:1:2119:24763:3463	0	0	0	0	0	0	0	0	0	0	0	0	0	0	0	0	0	1	0	0
M00595:42:000000000-A5J1T:1:2119:25311:18784	0	0	0	0	0	0	0	0	0	0	0	0	0	0	0	0	0	2	0	0
M00595:42:000000000-A5J1T:1:2119:14492:17081	0	0	0	0	0	0	0	0	0	0	0	0	0	0	0	0	0	2	0	3
M00595:42:000000000-A5J1T:1:1101:16029:16734	0	0	0	0	0	0	0	0	0	0	0	0	0	0	0	0	0	2	0	0
M00595:42:000000000-A5J1T:1:2111:14589:17110	0	0	0	0	0	0	0	0	0	0	0	0	0	0	0	0	0	3	0	0
M01896:2:000000000-A69JN:1:1119:15742:11683	0	0	0	0	0	0	0	0	0	0	0	0	0	0	0	0	0	1	0	1
M01896:2:000000000-A69JN:1:1104:24598:10545	0	0	0	0	0	0	0	0	0	0	0	0	0	0	0	0	0	2	0	2
M00595:42:000000000-A5J1T:1:1106:16985:8494	0	0	0	0	0	0	0	0	0	0	0	0	0	0	0	0	0	1	0	0
M00595:42:000000000-A5J1T:1:1106:18793:10806	0	0	0	0	0	0	0	0	0	0	0	0	0	0	0	0	0	2	0	0
M00595:42:000000000-A5J1T:1:1107:27117:17815	0	0	0	0	0	0	0	0	0	0	0	0	0	0	0	0	0	2	0	0
M01896:2:000000000-A69JN:1:2104:22806:11475	0	0	0	0	0	0	0	0	0	0	0	0	0	0	0	0	0	1	1	1
M01896:2:000000000-A69JN:1:2112:10480:8078	0	0	0	0	0	0	0	0	0	0	0	0	0	0	0	0	0	2	0	3
M01896:2:000000000-A69JN:1:1108:10803:19741	0	0	0	0	0	0	0	0	0	0	0	0	0	0	0	0	0	2	0	1
M00595:42:000000000-A5J1T:1:1111:11051:4402	0	0	0	0	0	0	0	0	0	0	0	0	0	0	0	0	0	2	0	0
M00595:42:000000000-A5J1T:1:1112:16836:7896	0	0	0	0	0	0	0	0	0	0	0	0	0	0	0	0	0	1	0	1
M01896:2:000000000-A69JN:1:2116:22478:5084	0	0	0	0	0	0	0	0	0	0	0	0	0	0	0	0	0	2	0	1
M00595:42:000000000-A5J1T:1:2111:6417:15570	0	0	0	0	0	0	0	0	0	0	0	0	0	0	0	0	0	2	0	0
M00595:42:000000000-A5J1T:1:1114:23853:15009	0	0	0	0	0	0	0	0	0	0	0	0	0	0	0	0	0	1	0	0
M00595:42:000000000-A5J1T:1:1114:24998:17795	0	0	0	0	0	0	0	0	0	0	0	0	0	0	0	0	0	2	0	0
M00595:42:000000000-A5J1T:1:1116:19958:11721	0	0	0	0	0	0	0	0	0	0	0	0	0	0	0	0	0	2	0	0
M00595:42:000000000-A5J1T:1:2119:14653:6618	0	0	0	0	0	0	0	0	0	0	0	0	0	0	0	0	0	2	1	0
M01896:2:000000000-A69JN:1:1102:7775:3643	0	0	0	0	0	0	0	0	0	0	0	0	0	0	0	0	0	1	1	2
M01896:2:000000000-A69JN:1:2112:24134:7885	0	0	0	0	0	0	0	0	0	0	0	0	0	0	0	0	0	1	0	4
M00595:42:000000000-A5J1T:1:2105:19674:7189	0	0	0	0	0	0	0	0	0	0	0	0	0	0	0	0	0	1	0	0
M00595:42:000000000-A5J1T:1:2105:10588:13443	0	0	0	0	0	0	0	0	0	0	0	0	0	0	0	0	0	2	0	2
M01896:2:000000000-A69JN:1:2105:26429:20585	0	0	0	0	0	0	0	0	0	0	0	0	0	0	0	0	0	3	0	1
M00595:42:000000000-A5J1T:1:2110:18076:6038	0	0	0	0	0	0	0	0	0	0	0	0	0	0	0	0	0	2	0	0
M00595:42:000000000-A5J1T:1:2106:19522:3523	0	0	0	0	0	0	0	0	0	0	0	0	0	0	0	0	0	3	0	0
M01896:2:000000000-A69JN:1:2103:27724:14295	0	0	0	0	0	0	0	0	0	0	0	0	0	0	0	0	0	1	0	2
M00595:42:000000000-A5J1T:1:2108:17032:9201	0	0	0	0	0	0	0	0	0	0	0	0	0	0	0	0	0	2	1	0
M00595:42:000000000-A5J1T:1:2110:12400:17742	0	0	0	0	0	0	0	0	0	0	0	0	0	0	0	0	0	2	1	0
M00595:42:000000000-A5J1T:1:2113:17524:3902	0	0	0	0	0	0	0	0	0	0	0	0	0	0	0	0	0	2	0	0
M00595:42:000000000-A5J1T:1:2114:13935:11363	0	0	0	0	0	0	0	0	0	0	0	0	0	0	0	0	0	3	0	0
M00595:42:000000000-A5J1T:1:2117:10922:21801	0	0	0	0	0	0	0	0	0	0	0	0	0	0	0	0	0	2	0	0
M00595:42:000000000-A5J1T:1:2117:23956:9779	0	0	0	0	0	0	0	0	0	0	0	0	0	0	0	0	0	2	0	0
M00595:42:000000000-A5J1T:1:2118:21451:10252	0	0	0	0	0	0	0	0	0	0	0	0	0	0	0	0	0	1	0	2
M00595:42:000000000-A5J1T:1:2118:12533:15521	0	0	0	0	0	0	0	0	0	0	0	0	0	0	0	0	0	2	0	0
M00595:54:000000000-A7CT0:1:1102:8664:15130	0	0	0	0	0	0	0	0	0	0	0	0	0	0	0	0	0	0	2	0
M01896:2:000000000-A69JN:1:1118:5032:12288	0	0	0	0	0	0	0	0	0	0	0	0	0	0	0	0	0	0	2	1
M00595:54:000000000-A7CT0:1:1106:20103:6247	0	0	0	0	0	0	0	0	0	0	0	0	0	0	0	0	0	0	2	0
M00595:54:000000000-A7CT0:1:1109:16878:11114	0	0	0	0	0	0	0	0	0	0	0	0	0	0	0	0	0	0	2	1
M00595:54:000000000-A7CT0:1:1110:23728:14929	0	0	0	0	0	0	0	0	0	0	0	0	0	0	0	0	0	0	2	0
M00595:54:000000000-A7CT0:1:1110:11632:21683	0	0	0	0	0	0	0	0	0	0	0	0	0	0	0	0	0	0	2	0
M00595:54:000000000-A7CT0:1:1111:12003:5757	0	0	0	0	0	0	0	0	0	0	0	0	0	0	0	0	0	0	2	0
M00595:54:000000000-A7CT0:1:1114:8149:20930	0	0	0	0	0	0	0	0	0	0	0	0	0	0	0	0	0	0	3	0
M00595:54:000000000-A7CT0:1:2101:16604:11980	0	0	0	0	0	0	0	0	0	0	0	0	0	0	0	0	0	0	1	1
M00595:54:000000000-A7CT0:1:2108:17336:5016	0	0	0	0	0	0	0	0	0	0	0	0	0	0	0	0	0	0	2	0
M00595:54:000000000-A7CT0:1:2113:24632:7420	0	0	0	0	0	0	0	0	0	0	0	0	0	0	0	0	0	0	2	0
M00595:54:000000000-A7CT0:1:2116:18845:15724	0	0	0	0	0	0	0	0	0	0	0	0	0	0	0	0	0	0	2	0
M01896:2:000000000-A69JN:1:2114:20048:8719	0	0	0	0	0	0	0	0	0	0	0	0	0	0	0	0	0	0	2	2
M00595:54:000000000-A7CT0:1:1102:24585:22561	0	0	0	0	0	0	0	0	0	0	0	0	0	0	0	0	0	0	2	0
M00595:54:000000000-A7CT0:1:1104:24650:20783	0	0	0	0	0	0	0	0	0	0	0	0	0	0	0	0	0	0	2	0
M00595:54:000000000-A7CT0:1:1105:14819:14931	0	0	0	0	0	0	0	0	0	0	0	0	0	0	0	0	0	0	1	0
M00595:54:000000000-A7CT0:1:1109:28464:11995	0	0	0	0	0	0	0	0	0	0	0	0	0	0	0	0	0	0	2	0
M00595:54:000000000-A7CT0:1:1112:22546:9099	0	0	0	0	0	0	0	0	0	0	0	0	0	0	0	0	0	0	2	0
M00595:54:000000000-A7CT0:1:1117:16655:5155	0	0	0	0	0	0	0	0	0	0	0	0	0	0	0	0	0	0	2	0
M00595:54:000000000-A7CT0:1:1118:23331:8398	0	0	0	0	0	0	0	0	0	0	0	0	0	0	0	0	0	0	2	0
M00595:54:000000000-A7CT0:1:2104:22291:12649	0	0	0	0	0	0	0	0	0	0	0	0	0	0	0	0	0	0	2	0
M00595:54:000000000-A7CT0:1:2106:19913:10434	0	0	0	0	0	0	0	0	0	0	0	0	0	0	0	0	0	0	2	0
M00595:54:000000000-A7CT0:1:2111:18301:4758	0	0	0	0	0	0	0	0	0	0	0	0	0	0	0	0	0	0	2	0
M00595:54:000000000-A7CT0:1:2111:18204:17073	0	0	0	0	0	0	0	0	0	0	0	0	0	0	0	0	0	0	2	0
M00595:54:000000000-A7CT0:1:2112:19801:7132	0	0	0	0	0	0	0	0	0	0	0	0	0	0	0	0	0	0	2	0
M00595:54:000000000-A7CT0:1:2113:17407:11610	0	0	0	0	0	0	0	0	0	0	0	0	0	0	0	0	0	0	2	0
M01896:2:000000000-A69JN:1:1102:13893:5678	0	0	0	0	0	0	0	0	0	0	0	0	0	0	0	0	0	0	0	2
M01896:2:000000000-A69JN:1:1104:14341:14109	0	0	0	0	0	0	0	0	0	0	0	0	0	0	0	0	0	0	0	2
M01896:2:000000000-A69JN:1:1107:11836:7411	0	0	0	0	0	0	0	0	0	0	0	0	0	0	0	0	0	0	0	2
M01896:2:000000000-A69JN:1:1107:5142:12490	0	0	0	0	0	0	0	0	0	0	0	0	0	0	0	0	0	0	0	3
M01896:2:000000000-A69JN:1:1108:6591:19986	0	0	0	0	0	0	0	0	0	0	0	0	0	0	0	0	0	0	0	2
M01896:2:000000000-A69JN:1:1109:10541:18765	0	0	0	0	0	0	0	0	0	0	0	0	0	0	0	0	0	0	0	2
M01896:2:000000000-A69JN:1:1109:12059:23306	0	0	0	0	0	0	0	0	0	0	0	0	0	0	0	0	0	0	0	2
M01896:2:000000000-A69JN:1:1112:11036:6680	0	0	0	0	0	0	0	0	0	0	0	0	0	0	0	0	0	0	0	2
M01896:2:000000000-A69JN:1:1116:23193:7703	0	0	0	0	0	0	0	0	0	0	0	0	0	0	0	0	0	0	0	2
M01896:2:000000000-A69JN:1:1116:24905:11032	0	0	0	0	0	0	0	0	0	0	0	0	0	0	0	0	0	0	0	2
M01896:2:000000000-A69JN:1:1118:14300:17355	0	0	0	0	0	0	0	0	0	0	0	0	0	0	0	0	0	0	0	3
M01896:2:000000000-A69JN:1:2102:28705:9014	0	0	0	0	0	0	0	0	0	0	0	0	0	0	0	0	0	0	0	3
M01896:2:000000000-A69JN:1:2102:20711:10668	0	0	0	0	0	0	0	0	0	0	0	0	0	0	0	0	0	0	0	3
M01896:2:000000000-A69JN:1:2117:20288:16986	0	0	0	0	0	0	0	0	0	0	0	0	0	0	0	0	0	0	0	2
M01896:2:000000000-A69JN:1:2104:16124:11954	0	0	0	0	0	0	0	0	0	0	0	0	0	0	0	0	0	0	0	3
M01896:2:000000000-A69JN:1:2104:28807:17848	0	0	0	0	0	0	0	0	0	0	0	0	0	0	0	0	0	0	0	2
M01896:2:000000000-A69JN:1:2105:19767:7222	0	0	0	0	0	0	0	0	0	0	0	0	0	0	0	0	0	0	0	2
M01896:2:000000000-A69JN:1:2107:24533:3681	0	0	0	0	0	0	0	0	0	0	0	0	0	0	0	0	0	0	0	2
M01896:2:000000000-A69JN:1:2107:6327:14292	0	0	0	0	0	0	0	0	0	0	0	0	0	0	0	0	0	0	0	2
M01896:2:000000000-A69JN:1:2108:27072:15521	0	0	0	0	0	0	0	0	0	0	0	0	0	0	0	0	0	0	0	2
M01896:2:000000000-A69JN:1:2115:16622:8058	0	0	0	0	0	0	0	0	0	0	0	0	0	0	0	0	0	0	0	3
M01896:2:000000000-A69JN:1:2110:10340:8068	0	0	0	0	0	0	0	0	0	0	0	0	0	0	0	0	0	0	0	3
M01896:2:000000000-A69JN:1:2112:18078:13551	0	0	0	0	0	0	0	0	0	0	0	0	0	0	0	0	0	0	0	2
M01896:2:000000000-A69JN:1:2112:25572:14325	0	0	0	0	0	0	0	0	0	0	0	0	0	0	0	0	0	0	0	2
M01896:2:000000000-A69JN:1:2113:6196:6980	0	0	0	0	0	0	0	0	0	0	0	0	0	0	0	0	0	0	0	2
M01896:2:000000000-A69JN:1:2113:20875:8534	0	0	0	0	0	0	0	0	0	0	0	0	0	0	0	0	0	0	0	2
M01896:2:000000000-A69JN:1:2113:20594:19681	0	0	0	0	0	0	0	0	0	0	0	0	0	0	0	0	0	0	0	2
M01896:2:000000000-A69JN:1:2114:14618:14198	0	0	0	0	0	0	0	0	0	0	0	0	0	0	0	0	0	0	0	2
M01896:2:000000000-A69JN:1:2116:23490:15074	0	0	0	0	0	0	0	0	0	0	0	0	0	0	0	0	0	0	0	2
M01896:2:000000000-A69JN:1:2118:24465:14046	0	0	0	0	0	0	0	0	0	0	0	0	0	0	0	0	0	0	0	2
M01896:2:000000000-A69JN:1:2112:15449:9043	0	0	0	0	0	0	0	0	0	0	0	0	0	0	0	0	0	0	0	3
M01896:2:000000000-A69JN:1:1102:22911:17713	0	0	0	0	0	0	0	0	0	0	0	0	0	0	0	0	0	0	0	2
M01896:2:000000000-A69JN:1:1105:8156:12976	0	0	0	0	0	0	0	0	0	0	0	0	0	0	0	0	0	0	0	2
M01896:2:000000000-A69JN:1:1107:14467:6055	0	0	0	0	0	0	0	0	0	0	0	0	0	0	0	0	0	0	0	2
M01896:2:000000000-A69JN:1:1109:4626:9081	0	0	0	0	0	0	0	0	0	0	0	0	0	0	0	0	0	0	0	2
M01896:2:000000000-A69JN:1:1109:10188:20908	0	0	0	0	0	0	0	0	0	0	0	0	0	0	0	0	0	0	0	2
M01896:2:000000000-A69JN:1:1111:12823:16023	0	0	0	0	0	0	0	0	0	0	0	0	0	0	0	0	0	0	0	2
M01896:2:000000000-A69JN:1:1113:7089:15024	0	0	0	0	0	0	0	0	0	0	0	0	0	0	0	0	0	0	0	2
M01896:2:000000000-A69JN:1:1119:2300:12619	0	0	0	0	0	0	0	0	0	0	0	0	0	0	0	0	0	0	0	2
M01896:2:000000000-A69JN:1:1119:9178:13373	0	0	0	0	0	0	0	0	0	0	0	0	0	0	0	0	0	0	0	2
M01896:2:000000000-A69JN:1:2101:9189:14728	0	0	0	0	0	0	0	0	0	0	0	0	0	0	0	0	0	0	0	2
M01896:2:000000000-A69JN:1:2105:5867:7041	0	0	0	0	0	0	0	0	0	0	0	0	0	0	0	0	0	0	0	2
M01896:2:000000000-A69JN:1:2110:7156:11180	0	0	0	0	0	0	0	0	0	0	0	0	0	0	0	0	0	0	0	3
M01896:2:000000000-A69JN:1:2110:28232:15116	0	0	0	0	0	0	0	0	0	0	0	0	0	0	0	0	0	0	0	2
M01896:2:000000000-A69JN:1:2110:26359:18850	0	0	0	0	0	0	0	0	0	0	0	0	0	0	0	0	0	0	0	2
M01896:2:000000000-A69JN:1:2111:6507:6075	0	0	0	0	0	0	0	0	0	0	0	0	0	0	0	0	0	0	0	2
M01896:2:000000000-A69JN:1:2111:7187:6525	0	0	0	0	0	0	0	0	0	0	0	0	0	0	0	0	0	0	0	2
M01896:2:000000000-A69JN:1:2111:5884:10125	0	0	0	0	0	0	0	0	0	0	0	0	0	0	0	0	0	0	0	2
M01896:2:000000000-A69JN:1:2115:11818:4084	0	0	0	0	0	0	0	0	0	0	0	0	0	0	0	0	0	0	0	2
M01896:2:000000000-A69JN:1:2116:4930:17075	0	0	0	0	0	0	0	0	0	0	0	0	0	0	0	0	0	0	0	2
M01896:2:000000000-A69JN:1:2117:16410:24390	0	0	0	0	0	0	0	0	0	0	0	0	0	0	0	0	0	0	0	3
M01896:2:000000000-A69JN:1:2118:15314:20135	0	0	0	0	0	0	0	0	0	0	0	0	0	0	0	0	0	0	0	2
M01896:2:000000000-A69JN:1:2119:9538:21815	0	0	0	0	0	0	0	0	0	0	0	0	0	0	0	0	0	0	0	2
