#OTU ID	PDD2.MID47-47.P2.apr13_ncdenovo	S1DD2.MID103-103.P2.nov13_ncdenovo	S1DD2.MID110-110.P4.jan14_ncdenovo	S1DD2.MID109-109.P2.jan14_ncdenovo	S1DD2.MID97-97.P2.dec13_ncdenovo	S1DD2.MID103-103.P2.nov13_otuclust	S1DD2.MID109-109.P2.jan14_otuclust	S1DD2.MID97-97.P2.dec13_otuclust	S1DD2.MID110-110.P4.jan14_otuclust	PDD2.MID47-47.P2.apr13_otuclust	S1DD2.MID110-110.P4.jan14_ncref	S1DD2.MID103-103.P2.nov13_ncref	S1DD2.MID97-97.P2.dec13_ncref	PDD2.MID47-47.P2.apr13_ncref	S1DD2.MID109-109.P2.jan14_ncref	S1DD2.MID109-109.P2.jan14	S1DD2.MID110-110.P4.jan14	PDD2.MID47-47.P2.apr13	S1DD2.MID97-97.P2.dec13	S1DD2.MID103-103.P2.nov13
M01896:14:000000000-A7ERE:1:1106:13350:9617	3211	1759	1809	1999	1381	1	1	1	1	1	1805	1759	1379	3197	1999	3071	2789	4449	2372	2573
M01896:14:000000000-A7ERE:1:2117:14496:24430	1842	997	972	922	1114	1	1	1	1	1	970	997	1114	1842	922	1683	1738	2765	1997	1575
M00595:42:000000000-A5J1T:1:2116:15237:12084	2646	1074	668	681	518	1	1	1	1	1	668	1077	518	2646	681	1321	1349	3890	1127	1801
M00595:42:000000000-A5J1T:1:2118:26937:7215	1230	638	364	367	375	1	1	1	1	1	364	638	383	1244	367	770	788	1991	789	1095
M01896:2:000000000-A69JN:1:1107:12949:22053	1651	814	718	1163	841	1	1	1	1	1	718	814	841	1651	1163	1994	1306	2358	1519	1303
M01896:14:000000000-A7ERE:1:1113:4092:11043	1735	852	733	1643	784	1	1	1	1	1	733	852	784	1735	1643	2685	1311	2514	1385	1374
M00595:42:000000000-A5J1T:1:2109:14970:23966	1518	752	490	418	500	1	1	1	1	1	490	750	500	1518	418	861	962	2338	980	1196
M01896:2:000000000-A69JN:1:2106:6750:17275	1934	522	563	454	408	1	1	1	1	1	563	531	413	1941	454	876	1009	2827	771	863
M01896:2:000000000-A69JN:1:1101:21868:10786	40	27	12	14	21	1	1	1	1	1	12	27	21	40	14	36	27	85	54	54
M00595:42:000000000-A5J1T:1:1112:23343:11856	1484	625	381	339	383	1	1	1	1	1	381	625	383	1488	337	781	848	2334	845	1087
M01896:2:000000000-A69JN:1:1104:22275:4570	1295	696	590	607	369	1	1	1	1	1	590	700	371	1316	613	1326	1266	2180	878	1188
M00595:42:000000000-A5J1T:1:2108:28567:12243	1281	732	638	559	529	1	1	1	1	1	638	734	529	1281	559	1099	1181	1896	1016	1142
M01896:15:000000000-A7EN9:1:2101:16163:10967	2148	1149	673	709	663	1	1	1	1	1	673	1147	663	2151	709	1564	1533	3561	1500	2017
M01896:14:000000000-A7ERE:1:1103:13337:10005	1144	495	318	392	287	1	1	1	1	1	320	495	287	1144	390	790	702	1866	653	909
M00595:42:000000000-A5J1T:1:2117:21474:11486	1210	1644	718	692	529	1	1	1	1	1	715	1644	529	1210	692	1477	1485	2003	1290	2638
M00595:42:000000000-A5J1T:1:1119:16330:23966	1167	334	297	245	165	1	1	1	1	1	297	334	165	1167	245	576	652	1863	416	656
M01896:15:000000000-A7EN9:1:1114:13795:22573	32	21	27	42	14	1	1	1	1	1	27	21	14	32	42	95	51	62	48	34
M00595:54:000000000-A7CT0:1:2116:4799:5713	27	56	61	165	116	1	1	1	1	1	61	56	116	27	165	372	156	60	252	105
M00595:42:000000000-A5J1T:1:1102:18660:12665	1031	496	312	278	250	1	1	1	1	1	312	494	250	1031	278	651	714	1657	595	913
M00595:42:000000000-A5J1T:1:2105:17494:3196	1179	1625	784	718	487	2	1	1	1	1	784	1625	487	1179	718	1514	1728	2025	1157	2626
M01896:15:000000000-A7EN9:1:2109:18176:2424	34	24	35	101	32	1	1	1	1	1	37	24	32	34	101	194	69	74	82	55
M01896:14:000000000-A7ERE:1:2108:8853:22075	1226	631	526	483	430	1	1	1	1	1	526	631	430	1226	483	997	1024	1897	880	1036
M01896:2:000000000-A69JN:1:2101:20082:17056	27	44	61	114	78	1	1	1	1	1	61	44	80	27	114	254	131	72	175	93
M00595:42:000000000-A5J1T:1:2107:12392:12487	1271	443	400	336	238	1	1	1	1	1	400	443	238	1271	336	825	929	2202	650	849
M00595:54:000000000-A7CT0:1:1104:18924:13974	199	122	30	26	38	1	1	1	1	1	28	122	38	199	26	129	96	479	96	306
M00595:54:000000000-A7CT0:1:2106:21047:6992	916	491	232	280	252	1	1	1	1	1	232	491	252	916	280	599	568	1488	581	870
M00595:42:000000000-A5J1T:1:2116:8416:5908	1063	572	350	224	244	1	1	1	1	1	350	572	244	1063	224	491	713	1693	541	979
M00595:42:000000000-A5J1T:1:2103:8503:10001	519	185	179	385	198	1	1	1	1	1	179	185	198	519	385	890	448	934	473	409
M00595:42:000000000-A5J1T:1:2110:8600:6912	836	253	157	157	106	1	1	1	1	1	155	251	106	840	157	416	399	1480	285	524
M01896:14:000000000-A7ERE:1:2105:10223:11783	21	16	9	12	19	1	1	1	1	1	9	16	19	21	12	48	34	38	48	29
M00595:54:000000000-A7CT0:1:2111:14863:5535	740	362	242	225	217	1	1	1	1	1	242	362	217	740	225	524	516	1294	565	714
M01896:2:000000000-A69JN:1:1118:28968:10845	42	18	9	5	2	0	0	0	0	0	9	20	2	42	5	19	15	82	6	32
M00595:42:000000000-A5J1T:1:2103:7647:15998	621	310	152	101	151	1	1	1	1	1	152	310	151	621	101	395	479	1381	432	800
M01896:2:000000000-A69JN:1:2102:7724:14045	54	24	2	2	0	1	1	0	1	1	0	24	0	57	2	34	18	214	19	120
M00595:42:000000000-A5J1T:1:1116:14382:8111	394	140	71	56	58	1	1	1	1	1	71	138	58	392	56	248	269	872	190	389
M01896:2:000000000-A69JN:1:2115:14667:8607	190	90	29	50	21	1	1	1	1	1	29	88	21	190	50	183	167	437	96	270
M00595:54:000000000-A7CT0:1:1107:11133:18782	932	695	325	223	215	1	1	1	1	1	325	695	215	932	223	545	728	1632	558	1174
M00595:42:000000000-A5J1T:1:2107:27584:12198	181	69	4	13	5	1	1	1	1	1	4	69	5	179	13	51	34	481	37	236
M00595:42:000000000-A5J1T:1:1119:23021:11990	11	7	8	19	4	1	1	1	1	1	8	7	4	11	19	40	27	22	13	22
M01896:14:000000000-A7ERE:1:1107:10337:14813	743	398	162	142	224	1	1	1	1	1	164	398	224	743	142	376	422	1337	513	751
M00595:42:000000000-A5J1T:1:1104:23026:15266	335	390	249	250	104	1	1	1	1	1	247	390	104	332	250	712	605	699	328	774
M00595:54:000000000-A7CT0:1:2107:15783:13545	12	0	2	0	2	0	0	1	1	0	5	0	5	12	0	11	16	32	12	19
M00595:42:000000000-A5J1T:1:1111:13547:9195	188	52	49	35	35	1	1	1	1	1	49	54	35	188	35	80	117	388	97	113
M01896:2:000000000-A69JN:1:1118:13016:6469	6	0	0	0	2	0	0	0	0	0	0	0	2	6	0	1	4	18	3	8
M00595:54:000000000-A7CT0:1:1101:18305:4114	98	302	243	189	263	1	1	1	1	1	243	302	263	98	189	401	512	193	537	562
M01896:14:000000000-A7ERE:1:1118:19297:9769	52	49	43	155	34	1	1	1	1	1	43	49	34	52	155	309	102	107	73	85
M01896:2:000000000-A69JN:1:2107:18903:12613	5	0	2	0	0	0	0	0	0	0	2	3	0	5	0	3	4	10	2	3
M00595:54:000000000-A7CT0:1:1110:18804:15128	3	6	8	4	3	1	1	1	1	1	8	6	0	3	4	28	22	11	15	13
M00595:42:000000000-A5J1T:1:2104:29039:12979	3	0	0	0	0	0	0	0	0	1	0	0	0	0	0	1	3	6	2	4
M00595:42:000000000-A5J1T:1:2103:12609:12256	2	0	0	0	0	0	0	0	0	0	0	0	0	0	0	1	2	4	0	0
M01896:14:000000000-A7ERE:1:1114:22205:8633	2	0	0	0	0	0	0	0	0	0	2	0	0	2	0	2	5	7	1	3
M00595:42:000000000-A5J1T:1:1103:24503:18151	2	0	0	0	0	0	0	0	0	0	0	0	0	0	0	0	0	2	0	0
M00595:42:000000000-A5J1T:1:2108:19655:7494	2	0	0	0	0	0	0	0	0	0	0	0	0	0	0	0	1	2	0	0
M00595:42:000000000-A5J1T:1:1119:26698:12847	2	0	0	0	0	0	0	0	0	0	0	0	0	0	0	0	1	11	0	1
M00595:42:000000000-A5J1T:1:1117:8169:15649	2	0	0	0	0	0	0	0	0	0	0	0	0	2	0	1	0	4	0	0
M00595:42:000000000-A5J1T:1:2103:19752:5866	2	0	0	0	0	0	0	0	0	0	0	0	0	0	0	0	0	3	0	0
M01896:15:000000000-A7EN9:1:1115:3727:9324	4	0	0	2	0	0	0	0	0	0	0	0	0	4	2	3	4	15	1	5
M00595:42:000000000-A5J1T:1:1104:24422:6958	2	0	0	0	0	0	0	0	0	0	0	0	0	0	0	0	1	10	1	2
M00595:42:000000000-A5J1T:1:1103:20293:8755	2	0	0	0	0	0	0	0	0	0	0	0	0	2	0	3	5	12	4	3
M00595:42:000000000-A5J1T:1:1107:10174:11946	2	0	0	0	0	0	0	0	0	0	0	0	0	0	0	1	0	4	0	1
M00595:42:000000000-A5J1T:1:2114:7294:15759	2	0	0	0	0	0	0	0	0	0	3	0	0	4	0	0	7	13	2	3
M00595:42:000000000-A5J1T:1:2116:13649:17770	2	0	0	0	0	0	0	0	0	0	0	0	0	2	0	3	7	19	6	4
M00595:42:000000000-A5J1T:1:2111:17408:18525	2	0	0	0	0	0	0	0	0	0	0	0	0	0	0	0	0	2	0	1
M00595:42:000000000-A5J1T:1:2104:13879:6856	2	0	0	0	0	0	0	0	0	0	0	0	0	0	0	3	4	16	3	1
M01896:2:000000000-A69JN:1:2105:22593:10764	0	3	0	0	0	0	0	0	0	0	0	3	0	0	0	0	0	0	0	3
M00595:42:000000000-A5J1T:1:1119:19087:16982	0	2	0	0	0	0	0	0	0	0	0	0	0	11	0	11	17	45	2	23
M01896:2:000000000-A69JN:1:2106:18844:21055	0	2	0	0	0	0	0	0	0	0	0	2	0	0	0	1	0	2	0	3
M01896:2:000000000-A69JN:1:2114:14172:22378	0	2	0	0	0	1	0	0	0	0	0	2	0	0	0	0	1	4	0	2
M01896:2:000000000-A69JN:1:1117:3744:11340	0	2	0	0	0	0	0	0	0	0	0	2	0	0	0	1	2	1	0	8
M01896:2:000000000-A69JN:1:2106:4159:17733	0	2	0	0	0	0	0	0	0	0	0	0	0	2	0	7	8	33	6	11
M01896:2:000000000-A69JN:1:1116:14319:4641	0	2	0	0	0	0	0	0	0	0	0	2	0	0	0	0	0	0	0	2
M01896:2:000000000-A69JN:1:1111:11045:7365	0	2	0	0	0	0	0	0	0	0	0	0	0	0	0	1	1	3	0	3
M01896:2:000000000-A69JN:1:1111:9323:10812	0	2	0	0	0	0	0	0	0	0	0	2	0	0	0	0	0	0	0	2
M01896:2:000000000-A69JN:1:2109:6399:18388	0	2	0	0	0	0	0	0	0	0	0	4	0	0	0	2	2	4	0	4
M01896:2:000000000-A69JN:1:1115:8001:6381	0	2	0	0	0	0	0	0	0	0	0	2	0	0	0	0	0	0	0	2
M01896:2:000000000-A69JN:1:2119:14798:24247	0	2	0	0	0	0	0	0	0	0	0	0	0	0	0	0	0	3	0	2
M01896:2:000000000-A69JN:1:2111:18820:17127	0	2	0	0	0	0	0	0	0	0	0	2	0	0	0	0	0	2	0	3
M01896:2:000000000-A69JN:1:2104:5473:5149	0	2	0	0	0	0	0	0	0	0	0	2	0	0	0	3	6	11	3	7
M01896:2:000000000-A69JN:1:2116:10577:21616	0	2	0	0	0	0	0	0	0	0	0	2	0	0	0	0	0	0	0	2
M00595:42:000000000-A5J1T:1:1111:7757:8456	0	2	0	0	0	0	0	0	0	0	0	0	0	0	0	0	0	3	0	3
M01896:2:000000000-A69JN:1:2106:16557:20696	0	2	0	0	0	1	0	0	0	0	0	0	0	0	0	0	0	1	0	2
M01896:2:000000000-A69JN:1:1111:12373:6221	0	2	0	0	0	0	0	0	0	0	0	0	0	0	0	0	1	1	0	2
M01896:2:000000000-A69JN:1:1106:26151:15665	0	2	0	0	0	1	0	0	0	0	0	2	0	0	0	0	0	0	0	2
M01896:2:000000000-A69JN:1:2110:11767:18975	0	2	0	0	0	0	0	0	0	0	0	2	0	0	0	0	0	0	0	2
M01896:2:000000000-A69JN:1:2101:19230:5586	0	2	0	0	0	0	0	0	0	0	0	0	0	0	0	0	2	4	1	5
M01896:15:000000000-A7EN9:1:1114:11979:10895	0	2	2	0	0	1	0	0	1	0	2	2	0	0	0	0	3	1	0	2
M01896:15:000000000-A7EN9:1:2104:3691:8506	0	2	0	0	0	0	0	0	0	0	0	2	0	0	0	3	0	13	6	5
M01896:2:000000000-A69JN:1:2106:4661:7583	0	2	0	0	0	0	0	0	0	0	0	2	0	0	0	3	3	8	1	4
M01896:15:000000000-A7EN9:1:1108:25766:15660	0	0	87	0	0	0	0	0	0	0	0	0	0	0	0	0	1	0	0	1
M00595:42:000000000-A5J1T:1:2112:7943:15915	0	0	21	3	0	0	0	0	0	0	0	0	0	0	0	3	2	7	1	0
M00595:42:000000000-A5J1T:1:2112:15801:23963	0	0	3	0	0	0	0	0	0	0	3	0	0	0	0	3	12	2	0	0
M01896:15:000000000-A7EN9:1:1115:9357:7450	0	0	2	0	0	0	0	0	0	0	2	0	0	0	0	2	36	0	0	4
M00595:54:000000000-A7CT0:1:2103:16930:6953	0	0	2	0	2	0	0	0	0	0	0	0	2	0	0	3	7	3	2	3
M01896:14:000000000-A7ERE:1:1114:3238:11424	0	0	2	0	0	0	0	0	0	0	0	0	0	0	0	1	2	5	0	1
M00595:42:000000000-A5J1T:1:2113:17580:15417	0	0	2	0	0	0	0	0	0	0	0	0	0	0	0	1	5	18	5	3
M01896:14:000000000-A7ERE:1:1106:9379:21911	0	0	2	0	0	0	0	0	0	0	2	0	0	0	0	0	2	0	1	0
M01896:15:000000000-A7EN9:1:2102:12193:17530	0	0	2	0	0	0	0	0	0	0	2	0	0	0	0	0	2	0	0	0
M00595:42:000000000-A5J1T:1:1101:17120:17501	0	0	4	0	0	0	0	0	0	0	0	6	2	16	0	12	15	53	6	25
M00595:42:000000000-A5J1T:1:2117:24734:13976	0	0	2	0	0	0	0	0	0	0	0	0	0	0	0	3	3	20	2	2
M00595:42:000000000-A5J1T:1:1102:17985:7513	0	0	2	0	0	0	0	0	0	0	5	0	0	0	0	4	8	21	8	4
M01896:14:000000000-A7ERE:1:2119:21886:10183	0	0	2	0	0	0	0	0	0	0	2	0	0	0	0	1	4	7	1	0
M01896:2:000000000-A69JN:1:1104:28458:18286	0	0	0	2	0	0	0	0	0	0	0	0	0	0	0	11	8	29	1	4
M01896:2:000000000-A69JN:1:2119:15300:12783	0	0	0	2	0	0	1	0	0	0	0	0	0	0	0	3	2	1	1	3
M01896:14:000000000-A7ERE:1:2104:3680:10205	0	0	0	2	0	0	0	0	0	0	0	0	0	0	0	5	16	23	2	6
M00595:54:000000000-A7CT0:1:1119:17416:2902	0	0	0	0	2	0	0	0	0	0	0	0	0	0	0	0	0	0	2	0
M00595:54:000000000-A7CT0:1:1109:27225:10799	0	0	0	0	2	0	0	0	0	0	0	0	0	0	0	1	0	2	3	0
M00595:54:000000000-A7CT0:1:2109:6018:15920	0	0	0	0	2	0	0	0	0	0	0	0	2	0	0	3	1	0	4	0
M00595:54:000000000-A7CT0:1:1108:12308:6744	0	0	0	0	2	0	0	1	0	0	0	0	2	0	0	0	0	0	2	0
M00595:54:000000000-A7CT0:1:1105:14079:19779	0	0	0	0	2	0	0	1	0	0	0	0	2	0	0	3	0	2	2	0
M00595:54:000000000-A7CT0:1:1112:20841:20904	0	0	0	0	2	0	0	0	0	0	0	0	0	0	0	0	0	0	2	0
M00595:54:000000000-A7CT0:1:1106:12016:21848	0	0	0	0	2	0	0	0	0	0	0	0	2	0	0	0	0	0	3	0
M00595:54:000000000-A7CT0:1:1107:23813:11031	0	0	0	0	2	0	0	0	0	0	0	0	2	0	0	0	8	31	6	9
M01896:2:000000000-A69JN:1:2112:26064:6085	0	0	0	0	0	1	0	0	0	0	0	2	0	0	0	0	0	0	0	2
M01896:2:000000000-A69JN:1:2103:13073:10388	0	0	0	0	0	0	1	0	0	0	0	0	0	0	0	2	0	0	1	1
M01896:14:000000000-A7ERE:1:2105:24830:20309	0	0	0	0	0	0	0	0	0	0	7	0	0	0	0	0	1	0	0	0
M01896:14:000000000-A7ERE:1:2107:8445:14742	0	0	0	0	0	0	0	0	0	0	2	0	0	0	0	0	2	0	0	0
M01896:2:000000000-A69JN:1:2102:21112:9787	0	0	0	0	0	0	0	0	0	0	2	5	0	0	0	0	2	2	0	6
M01896:2:000000000-A69JN:1:1117:8956:20352	0	0	0	0	0	0	0	0	0	0	2	0	0	0	0	3	6	10	2	7
M00595:42:000000000-A5J1T:1:1114:17468:8720	0	0	0	0	0	0	0	0	0	0	4	0	0	0	0	4	8	6	1	1
M01896:15:000000000-A7EN9:1:1112:26784:18711	0	0	0	0	0	0	0	0	0	0	4	0	0	0	0	5	10	20	2	3
M00595:42:000000000-A5J1T:1:2104:11137:23037	0	0	0	0	0	0	0	0	0	0	4	0	0	0	0	0	6	4	2	0
M01896:14:000000000-A7ERE:1:1108:19523:3962	0	0	0	0	0	0	0	0	0	0	2	0	0	0	0	0	2	2	0	0
M01896:15:000000000-A7EN9:1:2106:22656:7206	0	0	0	0	0	0	0	0	0	0	2	0	0	0	0	0	2	0	0	0
M01896:15:000000000-A7EN9:1:1112:8331:24365	0	0	0	0	0	0	0	0	0	0	2	0	0	0	0	2	3	2	0	0
M01896:15:000000000-A7EN9:1:2110:24392:3310	0	0	0	0	0	0	0	0	0	0	2	0	0	0	0	0	2	0	0	0
M01896:2:000000000-A69JN:1:2114:13498:23198	0	0	0	0	0	0	0	0	0	0	2	5	0	0	0	6	5	24	7	8
M01896:2:000000000-A69JN:1:1115:19879:6367	0	0	0	0	0	0	0	0	0	0	4	0	0	0	0	4	8	5	3	3
M01896:14:000000000-A7ERE:1:2107:26880:14264	0	0	0	0	0	0	0	0	0	0	2	0	0	0	0	3	2	6	0	0
M01896:15:000000000-A7EN9:1:2105:15554:11897	0	0	0	0	0	0	0	0	0	0	2	0	0	0	0	2	4	6	1	4
M01896:15:000000000-A7EN9:1:1115:22540:9466	0	0	0	0	0	0	0	0	0	0	2	0	0	0	0	1	3	0	0	1
M01896:2:000000000-A69JN:1:1115:15104:8388	0	0	0	0	0	0	0	0	0	0	0	3	0	0	0	0	0	0	0	1
M01896:2:000000000-A69JN:1:1110:8681:22850	0	0	0	0	0	0	0	0	0	0	0	5	0	3	0	2	1	4	0	7
M01896:2:000000000-A69JN:1:2112:8012:8250	0	0	0	0	0	0	0	0	0	0	0	3	0	0	0	0	0	0	0	4
M00595:42:000000000-A5J1T:1:2106:23128:20725	0	0	0	0	0	0	0	0	0	0	0	4	0	0	0	2	3	7	0	6
M01896:2:000000000-A69JN:1:2107:14978:5970	0	0	0	0	0	0	0	0	0	0	0	2	0	0	0	0	0	0	0	2
M01896:2:000000000-A69JN:1:1115:16794:4874	0	0	0	0	0	0	0	0	0	0	0	4	0	0	0	0	0	0	0	4
M01896:2:000000000-A69JN:1:1115:5217:14438	0	0	0	0	0	0	0	0	0	0	0	4	0	0	0	2	0	8	0	6
M01896:2:000000000-A69JN:1:1103:6291:12761	0	0	0	0	0	0	0	0	0	0	0	4	3	4	0	2	4	10	3	9
M01896:2:000000000-A69JN:1:1117:12361:19782	0	0	0	0	0	0	0	0	0	0	0	4	0	0	0	0	1	1	0	4
M01896:2:000000000-A69JN:1:2115:9032:8317	0	0	0	0	0	0	0	0	0	0	0	2	2	0	0	1	3	8	2	3
M01896:14:000000000-A7ERE:1:1104:4992:6827	0	0	0	0	0	0	0	0	0	0	0	4	0	3	0	1	7	28	4	9
M00595:42:000000000-A5J1T:1:1111:22582:16964	0	0	0	0	0	0	0	0	0	0	0	2	0	0	0	4	4	15	7	11
M01896:15:000000000-A7EN9:1:1108:17500:23857	0	0	0	0	0	0	0	0	0	0	0	2	0	3	0	2	2	5	0	2
M01896:2:000000000-A69JN:1:2114:26583:21274	0	0	0	0	0	0	0	0	0	0	0	2	0	0	0	2	2	3	2	11
M01896:2:000000000-A69JN:1:2112:23244:5705	0	0	0	0	0	0	0	0	0	0	0	2	0	0	0	0	0	0	0	2
M01896:2:000000000-A69JN:1:2117:12179:4879	0	0	0	0	0	0	0	0	0	0	0	2	0	0	0	0	2	3	2	2
M01896:2:000000000-A69JN:1:2111:7567:8861	0	0	0	0	0	0	0	0	0	0	0	2	0	0	0	0	0	0	0	3
M01896:2:000000000-A69JN:1:2115:19727:14212	0	0	0	0	0	0	0	0	0	0	0	2	0	0	0	0	0	0	0	2
M01896:2:000000000-A69JN:1:2110:28673:16641	0	0	0	0	0	0	0	0	0	0	0	2	0	0	0	0	0	0	0	2
M01896:2:000000000-A69JN:1:2101:14575:9242	0	0	0	0	0	0	0	0	0	0	0	2	0	0	0	0	1	2	0	2
M01896:2:000000000-A69JN:1:2102:15950:22792	0	0	0	0	0	0	0	0	0	0	0	2	0	0	0	0	0	0	0	5
M01896:2:000000000-A69JN:1:2118:23813:6617	0	0	0	0	0	0	0	0	0	0	0	2	0	0	0	0	0	0	0	2
M01896:2:000000000-A69JN:1:1113:5297:16222	0	0	0	0	0	0	0	0	0	0	0	2	0	0	0	4	4	15	1	9
M01896:2:000000000-A69JN:1:2106:12079:21421	0	0	0	0	0	0	0	0	0	0	0	2	0	0	0	2	3	7	0	4
M01896:2:000000000-A69JN:1:1108:3686:8727	0	0	0	0	0	0	0	0	0	0	0	2	0	0	0	0	0	0	0	2
M01896:2:000000000-A69JN:1:2103:20142:5923	0	0	0	0	0	0	0	0	0	0	0	2	0	0	0	2	4	4	0	5
M01896:2:000000000-A69JN:1:1114:11094:20907	0	0	0	0	0	0	0	0	0	0	0	2	0	0	0	0	0	0	0	2
M00595:42:000000000-A5J1T:1:1104:7421:17126	0	0	0	0	0	0	0	0	0	0	0	4	0	17	5	13	15	40	10	10
M00595:42:000000000-A5J1T:1:1104:9081:13381	0	0	0	0	0	0	0	0	0	0	0	2	0	0	0	2	1	6	0	6
M01896:2:000000000-A69JN:1:1102:7367:9412	0	0	0	0	0	0	0	0	0	0	0	2	0	0	0	0	0	0	0	2
M01896:2:000000000-A69JN:1:2107:16965:17819	0	0	0	0	0	0	0	0	0	0	0	2	0	0	0	7	6	22	2	9
M00595:54:000000000-A7CT0:1:1113:20210:22530	0	0	0	0	0	0	0	0	0	0	0	0	3	0	0	0	0	0	4	0
M00595:54:000000000-A7CT0:1:1106:25342:7302	0	0	0	0	0	0	0	0	0	0	0	0	5	0	0	0	1	0	5	0
M00595:54:000000000-A7CT0:1:2112:9047:12431	0	0	0	0	0	0	0	0	0	0	0	0	2	0	0	1	0	0	2	0
M00595:54:000000000-A7CT0:1:2115:15876:16444	0	0	0	0	0	0	0	0	0	0	0	0	2	0	0	0	0	1	2	0
M00595:42:000000000-A5J1T:1:2117:18679:9491	0	0	0	0	0	0	0	0	0	0	0	0	2	0	0	4	6	11	4	3
M00595:54:000000000-A7CT0:1:1103:6338:20091	0	0	0	0	0	0	0	0	0	0	0	0	2	0	0	0	0	0	2	0
M00595:54:000000000-A7CT0:1:2117:16746:5483	0	0	0	0	0	0	0	0	0	0	0	0	2	0	2	2	0	1	3	1
M00595:54:000000000-A7CT0:1:1112:13430:10929	0	0	0	0	0	0	0	0	0	0	0	0	4	0	0	10	3	10	4	4
M00595:54:000000000-A7CT0:1:1111:14400:8751	0	0	0	0	0	0	0	0	0	0	0	0	2	0	0	0	0	0	2	0
M00595:54:000000000-A7CT0:1:1106:10529:6391	0	0	0	0	0	0	0	0	0	0	0	0	2	0	0	0	1	1	2	0
M00595:54:000000000-A7CT0:1:1103:24636:16601	0	0	0	0	0	0	0	0	0	0	0	0	2	0	0	0	0	0	2	0
M00595:42:000000000-A5J1T:1:1117:10375:11305	0	0	0	0	0	0	0	0	0	0	0	0	2	0	0	9	10	39	5	17
M00595:54:000000000-A7CT0:1:1113:6228:13828	0	0	0	0	0	0	0	0	0	0	0	0	2	0	0	0	0	0	2	0
M00595:54:000000000-A7CT0:1:1101:17326:8859	0	0	0	0	0	0	0	0	0	0	0	0	2	0	0	0	0	1	2	0
M01896:15:000000000-A7EN9:1:1102:13664:10852	0	0	0	0	0	0	0	0	0	0	0	0	0	12	2	11	5	25	3	10
M00595:42:000000000-A5J1T:1:2115:18643:15057	0	0	0	0	0	0	0	0	0	0	0	0	0	17	0	5	12	29	3	8
M00595:42:000000000-A5J1T:1:1107:22371:20290	0	0	0	0	0	0	0	0	0	0	0	0	0	11	0	9	10	35	8	12
M00595:42:000000000-A5J1T:1:2106:25092:23081	0	0	0	0	0	0	0	0	0	0	0	0	0	7	0	3	2	17	0	2
M00595:42:000000000-A5J1T:1:1119:22976:18454	0	0	0	0	0	0	0	0	0	0	0	0	0	9	0	7	4	31	5	6
M00595:42:000000000-A5J1T:1:2103:18434:14808	0	0	0	0	0	0	0	0	0	0	0	0	0	6	0	2	3	14	1	4
M01896:2:000000000-A69JN:1:1108:26966:18907	0	0	0	0	0	0	0	0	0	0	0	0	0	4	0	2	2	7	1	2
M00595:42:000000000-A5J1T:1:2118:25182:14273	0	0	0	0	0	0	0	0	0	0	0	0	0	6	0	5	8	17	2	7
M00595:42:000000000-A5J1T:1:2104:18243:20922	0	0	0	0	0	0	0	0	0	0	0	0	0	5	0	3	6	23	2	4
M00595:42:000000000-A5J1T:1:2118:16711:19943	0	0	0	0	0	0	0	0	0	0	0	0	0	6	0	4	8	17	7	3
M00595:42:000000000-A5J1T:1:1113:9815:12577	0	0	0	0	0	0	0	0	0	0	0	0	0	2	0	0	0	2	0	0
M00595:42:000000000-A5J1T:1:1109:9619:22712	0	0	0	0	0	0	0	0	0	0	0	0	0	2	0	2	4	10	0	0
M01896:14:000000000-A7ERE:1:2115:11698:15477	0	0	0	0	0	0	0	0	0	0	0	0	0	4	0	3	3	14	1	2
M00595:42:000000000-A5J1T:1:2112:13400:9196	0	0	0	0	0	0	0	0	0	0	0	0	0	2	0	1	2	5	1	2
M00595:42:000000000-A5J1T:1:2102:7900:21203	0	0	0	0	0	0	0	0	0	0	0	0	0	2	0	1	3	7	1	5
M00595:42:000000000-A5J1T:1:1107:18243:21964	0	0	0	0	0	0	0	0	0	0	0	0	0	2	0	0	0	2	0	0
M00595:42:000000000-A5J1T:1:2103:6684:16723	0	0	0	0	0	0	0	0	0	0	0	0	0	2	0	2	7	20	4	3
M00595:42:000000000-A5J1T:1:2103:15814:13872	0	0	0	0	0	0	0	0	0	0	0	0	0	2	0	0	0	2	0	0
M00595:42:000000000-A5J1T:1:2117:9568:13560	0	0	0	0	0	0	0	0	0	0	0	0	0	2	0	3	8	10	1	6
M00595:42:000000000-A5J1T:1:2116:17595:2713	0	0	0	0	0	0	0	0	0	0	0	0	0	2	0	6	9	18	0	10
M00595:42:000000000-A5J1T:1:2110:22091:20816	0	0	0	0	0	0	0	0	0	0	0	0	0	2	0	5	3	9	0	1
M00595:42:000000000-A5J1T:1:2110:28177:12908	0	0	0	0	0	0	0	0	0	0	0	0	0	2	0	1	1	6	1	3
M00595:42:000000000-A5J1T:1:2110:10441:14123	0	0	0	0	0	0	0	0	0	0	0	0	0	2	0	2	2	5	0	1
M00595:42:000000000-A5J1T:1:1112:7240:19166	0	0	0	0	0	0	0	0	0	0	0	0	0	2	0	0	0	2	0	0
M01896:2:000000000-A69JN:1:1102:9480:8766	0	0	0	0	0	0	0	0	0	0	0	0	0	4	0	0	0	9	0	1
M00595:42:000000000-A5J1T:1:1115:5897:14962	0	0	0	0	0	0	0	0	0	0	0	0	0	2	0	0	0	2	0	0
M00595:42:000000000-A5J1T:1:2108:11679:12128	0	0	0	0	0	0	0	0	0	0	0	0	0	2	0	0	0	2	0	0
M00595:42:000000000-A5J1T:1:1111:16412:18783	0	0	0	0	0	0	0	0	0	0	0	0	0	2	0	2	6	11	0	2
M01896:14:000000000-A7ERE:1:1103:29388:14778	0	0	0	0	0	0	0	0	0	0	0	0	0	0	3	3	1	1	0	0
M01896:15:000000000-A7EN9:1:2109:16222:22316	0	0	0	0	0	0	0	0	0	0	0	0	0	0	2	2	0	0	0	0
M01896:15:000000000-A7EN9:1:2114:14513:3033	0	0	0	0	0	0	0	0	0	0	0	0	0	0	2	2	0	0	0	0
M01896:15:000000000-A7EN9:1:2102:4863:10843	0	0	0	0	0	0	0	0	0	0	0	0	0	0	2	2	0	0	0	0
M01896:15:000000000-A7EN9:1:1103:19604:15724	0	0	0	0	0	0	0	0	0	0	0	0	0	0	2	2	0	0	0	0
M00595:42:000000000-A5J1T:1:1110:24224:17487	0	0	0	0	0	0	0	0	0	0	0	0	0	0	2	6	3	10	4	5
M01896:14:000000000-A7ERE:1:1106:5446:8248	0	0	0	0	0	0	0	0	0	0	0	0	0	0	0	1	2	3	2	0
M01896:2:000000000-A69JN:1:1102:3964:20526	0	0	0	0	0	0	0	0	0	0	0	0	0	0	0	3	4	5	0	3
M00595:42:000000000-A5J1T:1:2114:23307:2964	0	0	0	0	0	0	0	0	0	0	0	0	0	0	0	7	9	18	2	1
M01896:2:000000000-A69JN:1:2109:19892:24135	0	0	0	0	0	0	0	0	0	0	0	0	0	0	0	6	10	29	0	11
M01896:2:000000000-A69JN:1:2108:14092:22107	0	0	0	0	0	0	0	0	0	0	0	0	0	0	0	12	6	32	10	6
M01896:2:000000000-A69JN:1:2112:10480:8078	0	0	0	0	0	0	0	0	0	0	0	0	0	0	0	1	0	8	0	3
M00595:42:000000000-A5J1T:1:2109:18123:6214	0	0	0	0	0	0	0	0	0	0	0	0	0	0	0	4	1	12	4	5
M00595:42:000000000-A5J1T:1:2114:21857:14897	0	0	0	0	0	0	0	0	0	0	0	0	0	0	0	2	0	3	0	1
M00595:42:000000000-A5J1T:1:1112:27029:14395	0	0	0	0	0	0	0	0	0	0	0	0	0	0	0	13	21	49	6	14
M00595:42:000000000-A5J1T:1:1103:14979:16082	0	0	0	0	0	0	0	0	0	0	0	0	0	0	0	2	0	5	2	0
M01896:2:000000000-A69JN:1:2103:4388:14773	0	0	0	0	0	0	0	0	0	0	0	0	0	0	0	11	8	23	3	5
M01896:14:000000000-A7ERE:1:1103:6517:21898	0	0	0	0	0	0	0	0	0	0	0	0	0	0	0	4	5	11	0	3
M00595:42:000000000-A5J1T:1:1104:24239:17732	0	0	0	0	0	0	0	0	0	0	0	0	0	0	0	2	0	6	2	2
M01896:2:000000000-A69JN:1:2113:21587:9388	0	0	0	0	0	0	0	0	0	0	0	0	0	0	0	7	11	28	8	5
M00595:42:000000000-A5J1T:1:2114:26004:6628	0	0	0	0	0	0	0	0	0	0	0	0	0	0	0	4	3	2	3	3
M00595:42:000000000-A5J1T:1:1113:25756:21929	0	0	0	0	0	0	0	0	0	0	0	0	0	0	0	3	0	5	0	0
M01896:14:000000000-A7ERE:1:1104:15651:16638	0	0	0	0	0	0	0	0	0	0	0	0	0	0	0	2	2	5	3	3
M00595:42:000000000-A5J1T:1:2115:15124:7816	0	0	0	0	0	0	0	0	0	0	0	0	0	0	0	2	6	13	2	1
M01896:2:000000000-A69JN:1:1115:17559:10816	0	0	0	0	0	0	0	0	0	0	0	0	0	0	0	1	0	1	1	1
M00595:42:000000000-A5J1T:1:1109:18091:3597	0	0	0	0	0	0	0	0	0	0	0	0	0	0	0	5	6	7	1	0
M00595:42:000000000-A5J1T:1:1116:21308:5156	0	0	0	0	0	0	0	0	0	0	0	0	0	0	0	2	0	3	0	1
M01896:15:000000000-A7EN9:1:2101:22901:19637	0	0	0	0	0	0	0	0	0	0	0	0	0	0	0	7	6	17	3	4
M01896:14:000000000-A7ERE:1:1105:22988:22148	0	0	0	0	0	0	0	0	0	0	0	0	0	0	0	1	0	0	0	0
M01896:15:000000000-A7EN9:1:1112:25379:6572	0	0	0	0	0	0	0	0	0	0	0	0	0	0	0	1	2	0	0	0
M00595:42:000000000-A5J1T:1:1102:23068:22183	0	0	0	0	0	0	0	0	0	0	0	0	0	0	0	2	1	8	1	2
M01896:2:000000000-A69JN:1:1104:17771:2174	0	0	0	0	0	0	0	0	0	0	0	0	0	0	0	3	3	11	0	2
M01896:14:000000000-A7ERE:1:2108:7743:2129	0	0	0	0	0	0	0	0	0	0	0	0	0	0	0	4	0	0	1	0
M01896:2:000000000-A69JN:1:1101:7533:23551	0	0	0	0	0	0	0	0	0	0	0	0	0	0	0	2	0	2	0	3
M00595:42:000000000-A5J1T:1:2112:26164:14693	0	0	0	0	0	0	0	0	0	0	0	0	0	0	0	1	2	8	0	1
M01896:14:000000000-A7ERE:1:1107:13753:23846	0	0	0	0	0	0	0	0	0	0	0	0	0	0	0	3	1	1	0	2
M01896:2:000000000-A69JN:1:2107:18251:19832	0	0	0	0	0	0	0	0	0	0	0	0	0	0	0	2	2	5	0	2
M01896:2:000000000-A69JN:1:1102:20921:12098	0	0	0	0	0	0	0	0	0	0	0	0	0	0	0	2	1	5	0	5
M00595:42:000000000-A5J1T:1:1107:20557:10168	0	0	0	0	0	0	0	0	0	0	0	0	0	0	0	1	3	4	1	2
M01896:14:000000000-A7ERE:1:1110:20740:5382	0	0	0	0	0	0	0	0	0	0	0	0	0	0	0	2	6	3	2	0
M00595:42:000000000-A5J1T:1:2117:13723:8907	0	0	0	0	0	0	0	0	0	0	0	0	0	0	0	2	0	5	0	0
M01896:15:000000000-A7EN9:1:2106:23983:4261	0	0	0	0	0	0	0	0	0	0	0	0	0	0	0	2	2	6	0	3
M01896:2:000000000-A69JN:1:2115:23976:2384	0	0	0	0	0	0	0	0	0	0	0	0	0	0	0	5	2	5	0	5
M01896:14:000000000-A7ERE:1:1111:20897:11206	0	0	0	0	0	0	0	0	0	0	0	0	0	0	0	3	3	5	0	0
M00595:42:000000000-A5J1T:1:1113:24971:12403	0	0	0	0	0	0	0	0	0	0	0	0	0	0	0	1	0	2	0	0
M01896:2:000000000-A69JN:1:2101:10750:15253	0	0	0	0	0	0	0	0	0	0	0	0	0	0	0	1	1	4	0	6
M01896:14:000000000-A7ERE:1:1112:24941:9642	0	0	0	0	0	0	0	0	0	0	0	0	0	0	0	1	0	2	0	0
M00595:42:000000000-A5J1T:1:1117:7587:20082	0	0	0	0	0	0	0	0	0	0	0	0	0	0	0	3	1	4	0	0
M00595:42:000000000-A5J1T:1:1113:20988:16199	0	0	0	0	0	0	0	0	0	0	0	0	0	0	0	3	0	15	0	2
M01896:14:000000000-A7ERE:1:2104:25953:13179	0	0	0	0	0	0	0	0	0	0	0	0	0	0	0	1	4	0	0	0
M01896:14:000000000-A7ERE:1:2108:17563:2118	0	0	0	0	0	0	0	0	0	0	0	0	0	0	0	2	4	3	2	0
M01896:2:000000000-A69JN:1:2108:6273:19034	0	0	0	0	0	0	0	0	0	0	0	0	0	0	0	3	4	4	5	4
M01896:2:000000000-A69JN:1:1111:15914:14325	0	0	0	0	0	0	0	0	0	0	0	0	0	0	0	1	1	2	0	2
M00595:42:000000000-A5J1T:1:2112:9091:6057	0	0	0	0	0	0	0	0	0	0	0	0	0	0	0	1	0	4	0	1
M01896:14:000000000-A7ERE:1:1118:23103:14234	0	0	0	0	0	0	0	0	0	0	0	0	0	0	0	1	1	6	0	1
M01896:2:000000000-A69JN:1:2110:7156:11180	0	0	0	0	0	0	0	0	0	0	0	0	0	0	0	1	1	1	0	3
M00595:42:000000000-A5J1T:1:2113:18641:15793	0	0	0	0	0	0	0	0	0	0	0	0	0	0	0	6	1	6	0	3
M01896:2:000000000-A69JN:1:1104:14076:22432	0	0	0	0	0	0	0	0	0	0	0	0	0	0	0	8	6	18	5	10
M00595:42:000000000-A5J1T:1:1118:23985:8433	0	0	0	0	0	0	0	0	0	0	0	0	0	0	0	2	2	4	2	1
M01896:14:000000000-A7ERE:1:1116:5972:16412	0	0	0	0	0	0	0	0	0	0	0	0	0	0	0	1	2	8	1	1
M01896:2:000000000-A69JN:1:2107:7152:5484	0	0	0	0	0	0	0	0	0	0	0	0	0	0	0	1	4	3	0	3
M01896:2:000000000-A69JN:1:2105:12306:5094	0	0	0	0	0	0	0	0	0	0	0	0	0	0	0	2	3	2	1	3
M00595:42:000000000-A5J1T:1:2105:14594:10056	0	0	0	0	0	0	0	0	0	0	0	0	0	0	0	1	0	5	0	1
M00595:42:000000000-A5J1T:1:1106:17472:17872	0	0	0	0	0	0	0	0	0	0	0	0	0	0	0	3	0	4	0	1
M00595:42:000000000-A5J1T:1:1113:18157:9364	0	0	0	0	0	0	0	0	0	0	0	0	0	0	0	1	4	6	0	0
M01896:2:000000000-A69JN:1:2102:24456:10584	0	0	0	0	0	0	0	0	0	0	0	0	0	0	0	3	5	9	4	6
M01896:2:000000000-A69JN:1:2101:12019:15217	0	0	0	0	0	0	0	0	0	0	0	0	0	0	0	3	4	3	5	11
M01896:2:000000000-A69JN:1:2103:17489:16901	0	0	0	0	0	0	0	0	0	0	0	0	0	0	0	2	4	1	0	3
M00595:42:000000000-A5J1T:1:1115:16055:20451	0	0	0	0	0	0	0	0	0	0	0	0	0	0	0	2	2	2	2	0
M00595:42:000000000-A5J1T:1:1114:7885:8994	0	0	0	0	0	0	0	0	0	0	0	0	0	0	0	5	2	4	3	1
M00595:54:000000000-A7CT0:1:2119:18289:17995	0	0	0	0	0	0	0	0	0	0	0	0	0	0	0	1	0	1	1	0
M00595:42:000000000-A5J1T:1:1102:17723:16892	0	0	0	0	0	0	0	0	0	0	0	0	0	0	0	1	3	2	0	0
M00595:54:000000000-A7CT0:1:1110:10776:6038	0	0	0	0	0	0	0	0	0	0	0	0	0	0	0	2	3	7	3	3
M01896:14:000000000-A7ERE:1:2108:13261:20101	0	0	0	0	0	0	0	0	0	0	0	0	0	0	0	1	0	2	1	0
M00595:42:000000000-A5J1T:1:1119:8264:14837	0	0	0	0	0	0	0	0	0	0	0	0	0	0	0	1	0	2	1	1
M00595:54:000000000-A7CT0:1:2111:12492:13991	0	0	0	0	0	0	0	0	0	0	0	0	0	0	0	4	1	7	4	5
M01896:2:000000000-A69JN:1:2111:7730:17185	0	0	0	0	0	0	0	0	0	0	0	0	0	0	0	3	2	14	0	7
M00595:42:000000000-A5J1T:1:1119:6995:4325	0	0	0	0	0	0	0	0	0	0	0	0	0	0	0	2	2	4	0	0
M01896:15:000000000-A7EN9:1:2115:12897:11581	0	0	0	0	0	0	0	0	0	0	0	0	0	0	0	4	1	3	0	4
M01896:14:000000000-A7ERE:1:2104:5485:19274	0	0	0	0	0	0	0	0	0	0	0	0	0	0	0	2	2	8	1	2
M01896:14:000000000-A7ERE:1:2112:26774:19864	0	0	0	0	0	0	0	0	0	0	0	0	0	0	0	1	0	0	0	0
M00595:54:000000000-A7CT0:1:2116:13914:7315	0	0	0	0	0	0	0	0	0	0	0	0	0	0	0	1	0	0	2	0
M01896:15:000000000-A7EN9:1:1109:25041:21785	0	0	0	0	0	0	0	0	0	0	0	0	0	0	0	1	3	10	1	2
M01896:2:000000000-A69JN:1:2110:11557:11590	0	0	0	0	0	0	0	0	0	0	0	0	0	0	0	1	1	0	0	3
M00595:42:000000000-A5J1T:1:2101:23390:4875	0	0	0	0	0	0	0	0	0	0	0	0	0	0	0	2	2	8	0	1
M01896:2:000000000-A69JN:1:2114:22056:3131	0	0	0	0	0	0	0	0	0	0	0	0	0	0	0	1	1	5	0	3
M01896:2:000000000-A69JN:1:2109:3646:8276	0	0	0	0	0	0	0	0	0	0	0	0	0	0	0	3	1	10	0	3
M01896:2:000000000-A69JN:1:1116:7942:10678	0	0	0	0	0	0	0	0	0	0	0	0	0	0	0	1	3	1	0	2
M00595:42:000000000-A5J1T:1:2110:5443:18184	0	0	0	0	0	0	0	0	0	0	0	0	0	0	0	3	5	7	3	4
M00595:42:000000000-A5J1T:1:1117:23262:7532	0	0	0	0	0	0	0	0	0	0	0	0	0	0	0	1	0	2	1	0
M01896:15:000000000-A7EN9:1:1111:14052:13270	0	0	0	0	0	0	0	0	0	0	0	0	0	0	0	3	8	5	1	1
M01896:2:000000000-A69JN:1:2115:26242:15631	0	0	0	0	0	0	0	0	0	0	0	0	0	0	0	2	1	12	1	6
M01896:15:000000000-A7EN9:1:2111:18467:15393	0	0	0	0	0	0	0	0	0	0	0	0	0	0	0	5	0	3	0	0
M01896:15:000000000-A7EN9:1:1104:16870:19937	0	0	0	0	0	0	0	0	0	0	0	0	0	0	0	3	5	11	0	3
M01896:15:000000000-A7EN9:1:1105:6219:16219	0	0	0	0	0	0	0	0	0	0	0	0	0	0	0	3	0	3	1	0
M00595:42:000000000-A5J1T:1:1109:15093:5256	0	0	0	0	0	0	0	0	0	0	0	0	0	0	0	6	7	11	5	8
M00595:54:000000000-A7CT0:1:1105:25782:18741	0	0	0	0	0	0	0	0	0	0	0	0	0	0	0	6	8	10	6	5
M00595:42:000000000-A5J1T:1:1118:12710:9270	0	0	0	0	0	0	0	0	0	0	0	0	0	0	0	1	6	12	3	3
M00595:42:000000000-A5J1T:1:2105:19381:20345	0	0	0	0	0	0	0	0	0	0	0	0	0	0	0	1	0	5	0	2
M01896:2:000000000-A69JN:1:2113:18444:20384	0	0	0	0	0	0	0	0	0	0	0	0	0	0	0	2	1	8	4	3
M01896:15:000000000-A7EN9:1:1111:23963:17404	0	0	0	0	0	0	0	0	0	0	0	0	0	0	0	2	3	0	0	0
M00595:42:000000000-A5J1T:1:1108:17366:19672	0	0	0	0	0	0	0	0	0	0	0	0	0	0	0	2	1	4	1	1
M00595:42:000000000-A5J1T:1:1108:16107:22374	0	0	0	0	0	0	0	0	0	0	0	0	0	0	0	2	0	3	0	0
M01896:2:000000000-A69JN:1:1109:10283:24780	0	0	0	0	0	0	0	0	0	0	0	0	0	0	0	1	0	5	0	2
M01896:15:000000000-A7EN9:1:1116:9556:6762	0	0	0	0	0	0	0	0	0	0	0	0	0	0	0	3	0	0	0	0
M01896:2:000000000-A69JN:1:2109:15588:7319	0	0	0	0	0	0	0	0	0	0	0	0	0	0	0	2	1	7	1	1
M00595:42:000000000-A5J1T:1:1106:19040:2903	0	0	0	0	0	0	0	0	0	0	0	0	0	0	0	1	1	8	0	2
M01896:2:000000000-A69JN:1:2114:14618:14198	0	0	0	0	0	0	0	0	0	0	0	0	0	0	0	1	2	3	0	3
M01896:2:000000000-A69JN:1:2111:26193:19383	0	0	0	0	0	0	0	0	0	0	0	0	0	0	0	1	2	6	0	1
M00595:54:000000000-A7CT0:1:1109:28620:14400	0	0	0	0	0	0	0	0	0	0	0	0	0	0	0	2	0	0	2	0
M00595:42:000000000-A5J1T:1:2118:14755:10792	0	0	0	0	0	0	0	0	0	0	0	0	0	0	0	2	9	11	4	4
M01896:15:000000000-A7EN9:1:2105:23500:19305	0	0	0	0	0	0	0	0	0	0	0	0	0	0	0	2	3	2	2	1
M01896:2:000000000-A69JN:1:2112:11621:24025	0	0	0	0	0	0	0	0	0	0	0	0	0	0	0	2	0	10	0	2
M01896:14:000000000-A7ERE:1:2101:27387:10347	0	0	0	0	0	0	0	0	0	0	0	0	0	0	0	5	2	0	0	2
M01896:2:000000000-A69JN:1:1109:21152:6485	0	0	0	0	0	0	0	0	0	0	0	0	0	0	0	1	5	14	1	2
M01896:15:000000000-A7EN9:1:2107:14839:12565	0	0	0	0	0	0	0	0	0	0	0	0	0	0	0	2	0	1	0	0
M00595:54:000000000-A7CT0:1:2114:21476:12525	0	0	0	0	0	0	0	0	0	0	0	0	0	0	0	3	3	6	2	0
M01896:2:000000000-A69JN:1:2111:7187:6525	0	0	0	0	0	0	0	0	0	0	0	0	0	0	0	1	1	1	1	2
M00595:42:000000000-A5J1T:1:2118:11392:10108	0	0	0	0	0	0	0	0	0	0	0	0	0	0	0	1	2	7	1	2
M01896:15:000000000-A7EN9:1:1109:17511:20354	0	0	0	0	0	0	0	0	0	0	0	0	0	0	0	1	1	0	0	0
M01896:15:000000000-A7EN9:1:2114:15958:17296	0	0	0	0	0	0	0	0	0	0	0	0	0	0	0	2	0	0	0	0
M00595:42:000000000-A5J1T:1:1104:9864:12695	0	0	0	0	0	0	0	0	0	0	0	0	0	0	0	1	0	6	0	1
M00595:42:000000000-A5J1T:1:2105:20466:4113	0	0	0	0	0	0	0	0	0	0	0	0	0	0	0	2	0	3	0	1
M00595:42:000000000-A5J1T:1:1117:20195:22191	0	0	0	0	0	0	0	0	0	0	0	0	0	0	0	2	0	10	0	8
M00595:42:000000000-A5J1T:1:1108:23090:13423	0	0	0	0	0	0	0	0	0	0	0	0	0	0	0	3	1	3	2	1
M01896:15:000000000-A7EN9:1:2102:6931:4275	0	0	0	0	0	0	0	0	0	0	0	0	0	0	0	1	2	1	0	0
M00595:42:000000000-A5J1T:1:2115:15774:8453	0	0	0	0	0	0	0	0	0	0	0	0	0	0	0	2	2	9	0	1
M01896:2:000000000-A69JN:1:2108:7135:20808	0	0	0	0	0	0	0	0	0	0	0	0	0	0	0	2	2	0	1	3
M01896:15:000000000-A7EN9:1:2116:7290:23093	0	0	0	0	0	0	0	0	0	0	0	0	0	0	0	2	5	19	3	7
M01896:14:000000000-A7ERE:1:2109:10922:22076	0	0	0	0	0	0	0	0	0	0	0	0	0	0	0	1	1	0	0	0
M01896:2:000000000-A69JN:1:1118:16028:7466	0	0	0	0	0	0	0	0	0	0	0	0	0	0	0	1	3	3	0	1
M00595:42:000000000-A5J1T:1:2116:11665:22412	0	0	0	0	0	0	0	0	0	0	0	0	0	0	0	1	2	2	1	1
M01896:2:000000000-A69JN:1:1102:22725:16078	0	0	0	0	0	0	0	0	0	0	0	0	0	0	0	1	1	2	1	1
M01896:15:000000000-A7EN9:1:2119:10799:18733	0	0	0	0	0	0	0	0	0	0	0	0	0	0	0	3	3	4	1	0
M00595:42:000000000-A5J1T:1:1103:14226:18520	0	0	0	0	0	0	0	0	0	0	0	0	0	0	0	1	0	3	0	0
M01896:14:000000000-A7ERE:1:2103:12984:10620	0	0	0	0	0	0	0	0	0	0	0	0	0	0	0	2	4	2	0	2
M01896:14:000000000-A7ERE:1:2115:5944:22487	0	0	0	0	0	0	0	0	0	0	0	0	0	0	0	2	0	0	1	0
M00595:42:000000000-A5J1T:1:2111:19600:21067	0	0	0	0	0	0	0	0	0	0	0	0	0	0	0	2	3	18	6	2
M01896:14:000000000-A7ERE:1:1112:29527:12253	0	0	0	0	0	0	0	0	0	0	0	0	0	0	0	1	1	8	0	2
M01896:14:000000000-A7ERE:1:1112:10468:13043	0	0	0	0	0	0	0	0	0	0	0	0	0	0	0	2	1	3	1	4
M00595:42:000000000-A5J1T:1:1112:26733:10009	0	0	0	0	0	0	0	0	0	0	0	0	0	0	0	1	0	3	0	1
M01896:14:000000000-A7ERE:1:1113:24216:6106	0	0	0	0	0	0	0	0	0	0	0	0	0	0	0	1	2	2	0	3
M01896:14:000000000-A7ERE:1:1111:8472:10175	0	0	0	0	0	0	0	0	0	0	0	0	0	0	0	1	0	3	1	2
M00595:54:000000000-A7CT0:1:2109:17058:9280	0	0	0	0	0	0	0	0	0	0	0	0	0	0	0	3	1	2	3	1
M00595:42:000000000-A5J1T:1:1102:15301:13006	0	0	0	0	0	0	0	0	0	0	0	0	0	0	0	1	2	8	4	1
M01896:2:000000000-A69JN:1:1103:14345:24281	0	0	0	0	0	0	0	0	0	0	0	0	0	0	0	1	0	6	1	2
M00595:42:000000000-A5J1T:1:1110:13983:7291	0	0	0	0	0	0	0	0	0	0	0	0	0	0	0	2	1	5	1	1
M00595:42:000000000-A5J1T:1:2109:11948:13219	0	0	0	0	0	0	0	0	0	0	0	0	0	0	0	3	4	15	1	2
M00595:54:000000000-A7CT0:1:1115:23371:5301	0	0	0	0	0	0	0	0	0	0	0	0	0	0	0	3	4	10	2	1
M01896:14:000000000-A7ERE:1:1118:16619:16724	0	0	0	0	0	0	0	0	0	0	0	0	0	0	0	2	1	0	1	0
M01896:2:000000000-A69JN:1:2104:16124:11954	0	0	0	0	0	0	0	0	0	0	0	0	0	0	0	2	1	10	4	3
M01896:14:000000000-A7ERE:1:2101:20901:18183	0	0	0	0	0	0	0	0	0	0	0	0	0	0	0	2	0	2	0	0
M01896:14:000000000-A7ERE:1:2102:12087:10618	0	0	0	0	0	0	0	0	0	0	0	0	0	0	0	2	0	2	0	0
M01896:2:000000000-A69JN:1:2111:20230:21856	0	0	0	0	0	0	0	0	0	0	0	0	0	0	0	1	0	10	3	6
M01896:14:000000000-A7ERE:1:2103:28451:12823	0	0	0	0	0	0	0	0	0	0	0	0	0	0	0	1	1	1	0	3
M01896:2:000000000-A69JN:1:2113:7793:13249	0	0	0	0	0	0	0	0	0	0	0	0	0	0	0	1	3	1	0	5
M01896:14:000000000-A7ERE:1:2119:18383:11356	0	0	0	0	0	0	0	0	0	0	0	0	0	0	0	4	2	3	1	3
M00595:42:000000000-A5J1T:1:1115:16203:15695	0	0	0	0	0	0	0	0	0	0	0	0	0	0	0	2	7	6	1	2
M01896:14:000000000-A7ERE:1:1117:9455:6640	0	0	0	0	0	0	0	0	0	0	0	0	0	0	0	5	6	9	4	1
M00595:42:000000000-A5J1T:1:2111:22367:10575	0	0	0	0	0	0	0	0	0	0	0	0	0	0	0	1	2	4	1	3
M00595:54:000000000-A7CT0:1:2105:7915:11324	0	0	0	0	0	0	0	0	0	0	0	0	0	0	0	1	0	3	3	1
M01896:2:000000000-A69JN:1:2105:24315:20184	0	0	0	0	0	0	0	0	0	0	0	0	0	0	0	2	5	8	3	9
M00595:42:000000000-A5J1T:1:1116:21664:8031	0	0	0	0	0	0	0	0	0	0	0	0	0	0	0	1	0	5	0	0
M01896:14:000000000-A7ERE:1:2115:11757:12967	0	0	0	0	0	0	0	0	0	0	0	0	0	0	0	2	2	7	1	5
M00595:42:000000000-A5J1T:1:1117:10251:19904	0	0	0	0	0	0	0	0	0	0	0	0	0	0	0	1	0	6	2	0
M01896:14:000000000-A7ERE:1:2112:15837:12640	0	0	0	0	0	0	0	0	0	0	0	0	0	0	0	2	0	0	0	0
M00595:42:000000000-A5J1T:1:2111:6417:15570	0	0	0	0	0	0	0	0	0	0	0	0	0	0	0	1	1	9	0	2
M00595:42:000000000-A5J1T:1:1116:24069:17498	0	0	0	0	0	0	0	0	0	0	0	0	0	0	0	1	1	3	0	1
M00595:42:000000000-A5J1T:1:1104:7953:7804	0	0	0	0	0	0	0	0	0	0	0	0	0	0	0	4	1	9	1	3
M00595:42:000000000-A5J1T:1:1104:4118:15817	0	0	0	0	0	0	0	0	0	0	0	0	0	0	0	1	1	6	3	0
M00595:42:000000000-A5J1T:1:2104:19825:6455	0	0	0	0	0	0	0	0	0	0	0	0	0	0	0	1	1	5	0	2
M01896:2:000000000-A69JN:1:2103:6510:16773	0	0	0	0	0	0	0	0	0	0	0	0	0	0	0	1	2	0	0	5
M00595:42:000000000-A5J1T:1:2111:15366:17024	0	0	0	0	0	0	0	0	0	0	0	0	0	0	0	2	4	12	0	4
M00595:42:000000000-A5J1T:1:2118:24623:3431	0	0	0	0	0	0	0	0	0	0	0	0	0	0	0	1	4	10	3	2
M01896:14:000000000-A7ERE:1:1113:9350:12267	0	0	0	0	0	0	0	0	0	0	0	0	0	0	0	1	1	3	0	0
M01896:2:000000000-A69JN:1:2108:5774:15173	0	0	0	0	0	0	0	0	0	0	0	0	0	0	0	1	1	4	4	7
M01896:2:000000000-A69JN:1:1108:11626:15907	0	0	0	0	0	0	0	0	0	0	0	0	0	0	0	1	2	2	0	2
M00595:54:000000000-A7CT0:1:1110:16290:13519	0	0	0	0	0	0	0	0	0	0	0	0	0	0	0	1	0	1	2	2
M00595:42:000000000-A5J1T:1:1107:13732:4393	0	0	0	0	0	0	0	0	0	0	0	0	0	0	0	1	0	5	0	1
M01896:15:000000000-A7EN9:1:1112:16815:10017	0	0	0	0	0	0	0	0	0	0	0	0	0	0	0	1	2	6	0	1
M01896:15:000000000-A7EN9:1:1109:11385:3281	0	0	0	0	0	0	0	0	0	0	0	0	0	0	0	1	2	2	0	0
M00595:42:000000000-A5J1T:1:2103:21732:5014	0	0	0	0	0	0	0	0	0	0	0	0	0	0	0	1	1	4	0	0
M00595:42:000000000-A5J1T:1:1107:17435:2702	0	0	0	0	0	0	0	0	0	0	0	0	0	0	0	1	2	4	0	1
M00595:42:000000000-A5J1T:1:2107:9112:9995	0	0	0	0	0	0	0	0	0	0	0	0	0	0	0	1	0	5	0	0
M01896:15:000000000-A7EN9:1:1112:22207:19513	0	0	0	0	0	0	0	0	0	0	0	0	0	0	0	1	0	0	0	1
M01896:2:000000000-A69JN:1:2117:28934:17356	0	0	0	0	0	0	0	0	0	0	0	0	0	0	0	1	0	1	0	2
M00595:42:000000000-A5J1T:1:1116:15384:13640	0	0	0	0	0	0	0	0	0	0	0	0	0	0	0	1	0	4	2	0
M00595:42:000000000-A5J1T:1:2114:11248:3212	0	0	0	0	0	0	0	0	0	0	0	0	0	0	0	1	3	3	0	3
M00595:42:000000000-A5J1T:1:1106:18793:10806	0	0	0	0	0	0	0	0	0	0	0	0	0	0	0	1	3	2	1	0
M01896:2:000000000-A69JN:1:1103:21371:20139	0	0	0	0	0	0	0	0	0	0	0	0	0	0	0	1	2	3	1	5
M01896:15:000000000-A7EN9:1:1116:17243:3897	0	0	0	0	0	0	0	0	0	0	0	0	0	0	0	2	0	0	2	0
M00595:54:000000000-A7CT0:1:1101:10843:5962	0	0	0	0	0	0	0	0	0	0	0	0	0	0	0	1	3	1	2	0
M00595:42:000000000-A5J1T:1:2105:10588:13443	0	0	0	0	0	0	0	0	0	0	0	0	0	0	0	1	0	4	0	2
M01896:15:000000000-A7EN9:1:2115:10549:12443	0	0	0	0	0	0	0	0	0	0	0	0	0	0	0	1	3	4	1	2
M01896:2:000000000-A69JN:1:2117:16410:24390	0	0	0	0	0	0	0	0	0	0	0	0	0	0	0	1	0	2	1	4
M01896:2:000000000-A69JN:1:2115:12141:5690	0	0	0	0	0	0	0	0	0	0	0	0	0	0	0	1	2	0	1	2
M00595:42:000000000-A5J1T:1:2114:4136:15691	0	0	0	0	0	0	0	0	0	0	0	0	0	0	0	1	2	6	1	9
M00595:42:000000000-A5J1T:1:2101:21219:11917	0	0	0	0	0	0	0	0	0	0	0	0	0	0	0	1	0	3	1	1
M01896:14:000000000-A7ERE:1:1106:21842:21190	0	0	0	0	0	0	0	0	0	0	0	0	0	0	0	1	1	7	0	3
M00595:42:000000000-A5J1T:1:1104:13450:22715	0	0	0	0	0	0	0	0	0	0	0	0	0	0	0	1	0	6	0	2
M01896:2:000000000-A69JN:1:2106:25190:4665	0	0	0	0	0	0	0	0	0	0	0	0	0	0	0	1	1	0	0	2
M01896:15:000000000-A7EN9:1:2116:18475:20813	0	0	0	0	0	0	0	0	0	0	0	0	0	0	0	2	5	5	0	1
M00595:42:000000000-A5J1T:1:2112:21480:19500	0	0	0	0	0	0	0	0	0	0	0	0	0	0	0	1	1	7	0	2
M01896:15:000000000-A7EN9:1:2107:16776:4529	0	0	0	0	0	0	0	0	0	0	0	0	0	0	0	0	6	8	5	3
M01896:14:000000000-A7ERE:1:1102:6268:3426	0	0	0	0	0	0	0	0	0	0	0	0	0	0	0	0	2	6	0	0
M01896:2:000000000-A69JN:1:2106:5189:11509	0	0	0	0	0	0	0	0	0	0	0	0	0	0	0	0	5	8	1	6
M01896:14:000000000-A7ERE:1:1105:26767:11634	0	0	0	0	0	0	0	0	0	0	0	0	0	0	0	0	2	0	0	0
M01896:2:000000000-A69JN:1:1113:25137:13065	0	0	0	0	0	0	0	0	0	0	0	0	0	0	0	0	1	5	0	2
M00595:42:000000000-A5J1T:1:1112:13534:19858	0	0	0	0	0	0	0	0	0	0	0	0	0	0	0	0	1	1	1	1
M01896:14:000000000-A7ERE:1:1116:23095:2479	0	0	0	0	0	0	0	0	0	0	0	0	0	0	0	0	7	2	3	3
M00595:42:000000000-A5J1T:1:1101:18506:11958	0	0	0	0	0	0	0	0	0	0	0	0	0	0	0	0	1	8	0	2
M01896:15:000000000-A7EN9:1:1112:23201:16549	0	0	0	0	0	0	0	0	0	0	0	0	0	0	0	0	2	1	0	1
M00595:42:000000000-A5J1T:1:1118:9939:4406	0	0	0	0	0	0	0	0	0	0	0	0	0	0	0	0	1	1	0	0
M00595:42:000000000-A5J1T:1:2104:25831:11284	0	0	0	0	0	0	0	0	0	0	0	0	0	0	0	0	1	1	0	0
M00595:42:000000000-A5J1T:1:2117:5164:10490	0	0	0	0	0	0	0	0	0	0	0	0	0	0	0	0	2	2	0	0
M00595:42:000000000-A5J1T:1:2110:12805:14589	0	0	0	0	0	0	0	0	0	0	0	0	0	0	0	0	1	5	0	0
M01896:14:000000000-A7ERE:1:1115:7452:23005	0	0	0	0	0	0	0	0	0	0	0	0	0	0	0	0	2	0	1	0
M00595:42:000000000-A5J1T:1:2119:14653:6618	0	0	0	0	0	0	0	0	0	0	0	0	0	0	0	0	2	3	1	1
M01896:14:000000000-A7ERE:1:1117:24378:6694	0	0	0	0	0	0	0	0	0	0	0	0	0	0	0	0	1	3	0	1
M00595:42:000000000-A5J1T:1:2103:22865:6574	0	0	0	0	0	0	0	0	0	0	0	0	0	0	0	0	1	4	0	0
M01896:15:000000000-A7EN9:1:2111:17217:10732	0	0	0	0	0	0	0	0	0	0	0	0	0	0	0	0	5	5	0	0
M01896:15:000000000-A7EN9:1:1105:18051:20257	0	0	0	0	0	0	0	0	0	0	0	0	0	0	0	0	2	4	0	2
M01896:15:000000000-A7EN9:1:2110:19417:6500	0	0	0	0	0	0	0	0	0	0	0	0	0	0	0	0	3	8	0	0
M00595:42:000000000-A5J1T:1:2117:23956:9779	0	0	0	0	0	0	0	0	0	0	0	0	0	0	0	0	1	2	0	0
M00595:42:000000000-A5J1T:1:2110:15141:8849	0	0	0	0	0	0	0	0	0	0	0	0	0	0	0	0	1	2	1	0
M00595:42:000000000-A5J1T:1:1117:12484:21018	0	0	0	0	0	0	0	0	0	0	0	0	0	0	0	0	1	3	0	0
M00595:42:000000000-A5J1T:1:1111:20576:11831	0	0	0	0	0	0	0	0	0	0	0	0	0	0	0	0	2	5	1	2
M00595:42:000000000-A5J1T:1:1107:18484:2587	0	0	0	0	0	0	0	0	0	0	0	0	0	0	0	0	2	4	2	0
M01896:14:000000000-A7ERE:1:2108:7387:2058	0	0	0	0	0	0	0	0	0	0	0	0	0	0	0	0	2	5	1	0
M01896:2:000000000-A69JN:1:2110:10502:4416	0	0	0	0	0	0	0	0	0	0	0	0	0	0	0	0	1	7	0	4
M00595:42:000000000-A5J1T:1:2110:7839:15626	0	0	0	0	0	0	0	0	0	0	0	0	0	0	0	0	1	5	3	1
M00595:54:000000000-A7CT0:1:1115:15304:13300	0	0	0	0	0	0	0	0	0	0	0	0	0	0	0	0	2	5	5	3
M00595:42:000000000-A5J1T:1:2112:25173:5764	0	0	0	0	0	0	0	0	0	0	0	0	0	0	0	0	1	2	1	0
M00595:42:000000000-A5J1T:1:1118:15444:13713	0	0	0	0	0	0	0	0	0	0	0	0	0	0	0	0	1	10	1	1
M01896:15:000000000-A7EN9:1:2107:12007:11543	0	0	0	0	0	0	0	0	0	0	0	0	0	0	0	0	5	0	0	1
M01896:14:000000000-A7ERE:1:1102:6371:2876	0	0	0	0	0	0	0	0	0	0	0	0	0	0	0	0	4	2	0	0
M01896:2:000000000-A69JN:1:2114:20237:4314	0	0	0	0	0	0	0	0	0	0	0	0	0	0	0	0	3	1	1	2
M01896:14:000000000-A7ERE:1:2118:23227:19997	0	0	0	0	0	0	0	0	0	0	0	0	0	0	0	0	2	0	0	1
M00595:42:000000000-A5J1T:1:1104:17566:13405	0	0	0	0	0	0	0	0	0	0	0	0	0	0	0	0	2	5	1	1
M01896:2:000000000-A69JN:1:1109:10541:18765	0	0	0	0	0	0	0	0	0	0	0	0	0	0	0	0	1	0	0	2
M01896:15:000000000-A7EN9:1:1103:17368:4217	0	0	0	0	0	0	0	0	0	0	0	0	0	0	0	0	2	0	0	0
M00595:42:000000000-A5J1T:1:1110:21328:19519	0	0	0	0	0	0	0	0	0	0	0	0	0	0	0	0	5	4	0	1
M01896:2:000000000-A69JN:1:2101:15683:19386	0	0	0	0	0	0	0	0	0	0	0	0	0	0	0	0	3	4	0	9
M00595:42:000000000-A5J1T:1:2104:13276:2820	0	0	0	0	0	0	0	0	0	0	0	0	0	0	0	0	2	3	0	0
M00595:42:000000000-A5J1T:1:2114:4780:12984	0	0	0	0	0	0	0	0	0	0	0	0	0	0	0	0	3	9	1	1
M00595:42:000000000-A5J1T:1:1118:9946:24410	0	0	0	0	0	0	0	0	0	0	0	0	0	0	0	0	1	2	0	0
M01896:15:000000000-A7EN9:1:1108:23667:13552	0	0	0	0	0	0	0	0	0	0	0	0	0	0	0	0	2	0	0	0
M00595:42:000000000-A5J1T:1:1107:5535:17966	0	0	0	0	0	0	0	0	0	0	0	0	0	0	0	0	1	4	0	0
M00595:42:000000000-A5J1T:1:2109:13476:16312	0	0	0	0	0	0	0	0	0	0	0	0	0	0	0	0	1	9	1	3
M01896:15:000000000-A7EN9:1:1115:17111:2208	0	0	0	0	0	0	0	0	0	0	0	0	0	0	0	0	2	0	0	0
M01896:15:000000000-A7EN9:1:1116:4783:11234	0	0	0	0	0	0	0	0	0	0	0	0	0	0	0	0	1	0	0	0
M01896:2:000000000-A69JN:1:2107:6327:14292	0	0	0	0	0	0	0	0	0	0	0	0	0	0	0	0	1	1	0	2
M01896:15:000000000-A7EN9:1:2104:9508:8624	0	0	0	0	0	0	0	0	0	0	0	0	0	0	0	0	2	0	0	0
M00595:42:000000000-A5J1T:1:1113:11967:12785	0	0	0	0	0	0	0	0	0	0	0	0	0	0	0	0	2	5	0	0
M01896:15:000000000-A7EN9:1:2108:6786:16487	0	0	0	0	0	0	0	0	0	0	0	0	0	0	0	0	2	0	0	0
M00595:54:000000000-A7CT0:1:1117:16655:5155	0	0	0	0	0	0	0	0	0	0	0	0	0	0	0	0	1	2	2	0
M01896:15:000000000-A7EN9:1:2109:17737:7540	0	0	0	0	0	0	0	0	0	0	0	0	0	0	0	0	2	1	0	0
M00595:42:000000000-A5J1T:1:1111:18461:17301	0	0	0	0	0	0	0	0	0	0	0	0	0	0	0	0	2	12	0	1
M01896:2:000000000-A69JN:1:2115:11818:4084	0	0	0	0	0	0	0	0	0	0	0	0	0	0	0	0	1	1	0	2
M00595:42:000000000-A5J1T:1:2113:20509:19059	0	0	0	0	0	0	0	0	0	0	0	0	0	0	0	0	2	5	2	3
M01896:2:000000000-A69JN:1:2105:26429:20585	0	0	0	0	0	0	0	0	0	0	0	0	0	0	0	0	1	3	0	3
M00595:42:000000000-A5J1T:1:2115:26240:15449	0	0	0	0	0	0	0	0	0	0	0	0	0	0	0	0	1	6	0	0
M01896:14:000000000-A7ERE:1:1102:16549:2116	0	0	0	0	0	0	0	0	0	0	0	0	0	0	0	0	3	3	1	1
M01896:2:000000000-A69JN:1:1101:8601:18650	0	0	0	0	0	0	0	0	0	0	0	0	0	0	0	0	2	8	0	4
M00595:42:000000000-A5J1T:1:1105:15289:14657	0	0	0	0	0	0	0	0	0	0	0	0	0	0	0	0	1	1	0	0
M00595:54:000000000-A7CT0:1:1111:8625:18733	0	0	0	0	0	0	0	0	0	0	0	0	0	0	0	0	6	4	3	0
M00595:42:000000000-A5J1T:1:1119:20013:20603	0	0	0	0	0	0	0	0	0	0	0	0	0	0	0	0	3	6	0	2
M00595:42:000000000-A5J1T:1:2105:14121:22042	0	0	0	0	0	0	0	0	0	0	0	0	0	0	0	0	1	1	0	0
M00595:42:000000000-A5J1T:1:2109:20779:17871	0	0	0	0	0	0	0	0	0	0	0	0	0	0	0	0	1	4	0	0
M01896:14:000000000-A7ERE:1:1110:18846:17855	0	0	0	0	0	0	0	0	0	0	0	0	0	0	0	0	2	1	0	0
M00595:42:000000000-A5J1T:1:1113:24427:22165	0	0	0	0	0	0	0	0	0	0	0	0	0	0	0	0	1	3	0	0
M00595:42:000000000-A5J1T:1:2108:14254:5407	0	0	0	0	0	0	0	0	0	0	0	0	0	0	0	0	1	3	0	2
M01896:2:000000000-A69JN:1:2103:27724:14295	0	0	0	0	0	0	0	0	0	0	0	0	0	0	0	0	2	4	0	2
M00595:54:000000000-A7CT0:1:2114:8030:7912	0	0	0	0	0	0	0	0	0	0	0	0	0	0	0	0	2	0	1	0
M01896:14:000000000-A7ERE:1:1116:14496:20233	0	0	0	0	0	0	0	0	0	0	0	0	0	0	0	0	2	0	0	0
M00595:54:000000000-A7CT0:1:2109:22876:12687	0	0	0	0	0	0	0	0	0	0	0	0	0	0	0	0	4	3	4	0
M00595:42:000000000-A5J1T:1:1118:15095:7916	0	0	0	0	0	0	0	0	0	0	0	0	0	0	0	0	1	3	0	2
M01896:2:000000000-A69JN:1:2114:24247:6374	0	0	0	0	0	0	0	0	0	0	0	0	0	0	0	0	1	3	0	2
M00595:42:000000000-A5J1T:1:1111:9372:9597	0	0	0	0	0	0	0	0	0	0	0	0	0	0	0	0	1	4	1	1
M01896:15:000000000-A7EN9:1:1105:3466:12721	0	0	0	0	0	0	0	0	0	0	0	0	0	0	0	0	1	2	0	0
M00595:42:000000000-A5J1T:1:1106:16985:8494	0	0	0	0	0	0	0	0	0	0	0	0	0	0	0	0	1	1	0	0
M00595:42:000000000-A5J1T:1:2105:13721:14176	0	0	0	0	0	0	0	0	0	0	0	0	0	0	0	0	1	3	0	4
M01896:15:000000000-A7EN9:1:1109:17433:15641	0	0	0	0	0	0	0	0	0	0	0	0	0	0	0	0	1	2	0	0
M00595:42:000000000-A5J1T:1:2103:25060:14714	0	0	0	0	0	0	0	0	0	0	0	0	0	0	0	0	1	2	0	3
M01896:15:000000000-A7EN9:1:1115:22119:16843	0	0	0	0	0	0	0	0	0	0	0	0	0	0	0	0	2	0	0	1
M00595:42:000000000-A5J1T:1:2110:18076:6038	0	0	0	0	0	0	0	0	0	0	0	0	0	0	0	0	1	2	0	0
M00595:42:000000000-A5J1T:1:1117:5210:16144	0	0	0	0	0	0	0	0	0	0	0	0	0	0	0	0	1	5	0	0
M00595:42:000000000-A5J1T:1:1104:18922:11193	0	0	0	0	0	0	0	0	0	0	0	0	0	0	0	0	1	3	0	0
M00595:42:000000000-A5J1T:1:1101:15102:17998	0	0	0	0	0	0	0	0	0	0	0	0	0	0	0	0	1	3	0	1
M01896:2:000000000-A69JN:1:1105:8156:12976	0	0	0	0	0	0	0	0	0	0	0	0	0	0	0	0	1	1	0	2
M00595:54:000000000-A7CT0:1:2113:24632:7420	0	0	0	0	0	0	0	0	0	0	0	0	0	0	0	0	1	0	2	0
M00595:42:000000000-A5J1T:1:2102:10579:5298	0	0	0	0	0	0	0	0	0	0	0	0	0	0	0	0	1	2	0	0
M00595:42:000000000-A5J1T:1:2104:14126:11543	0	0	0	0	0	0	0	0	0	0	0	0	0	0	0	0	1	8	1	0
M00595:42:000000000-A5J1T:1:2111:25009:6087	0	0	0	0	0	0	0	0	0	0	0	0	0	0	0	0	0	6	0	1
M00595:42:000000000-A5J1T:1:1102:11033:16413	0	0	0	0	0	0	0	0	0	0	0	0	0	0	0	0	0	5	0	0
M01896:2:000000000-A69JN:1:2105:10905:5186	0	0	0	0	0	0	0	0	0	0	0	0	0	0	0	0	0	6	0	2
M00595:42:000000000-A5J1T:1:1110:26095:18170	0	0	0	0	0	0	0	0	0	0	0	0	0	0	0	0	0	6	0	3
M01896:2:000000000-A69JN:1:2116:22478:5084	0	0	0	0	0	0	0	0	0	0	0	0	0	0	0	0	0	3	0	2
M00595:42:000000000-A5J1T:1:2104:17121:12492	0	0	0	0	0	0	0	0	0	0	0	0	0	0	0	0	0	6	0	1
M00595:42:000000000-A5J1T:1:2103:8221:16189	0	0	0	0	0	0	0	0	0	0	0	0	0	0	0	0	0	12	1	1
M00595:42:000000000-A5J1T:1:2111:9640:20469	0	0	0	0	0	0	0	0	0	0	0	0	0	0	0	0	0	6	0	0
M01896:2:000000000-A69JN:1:2116:18810:6984	0	0	0	0	0	0	0	0	0	0	0	0	0	0	0	0	0	4	0	2
M00595:42:000000000-A5J1T:1:1105:16086:18815	0	0	0	0	0	0	0	0	0	0	0	0	0	0	0	0	0	4	1	0
M01896:2:000000000-A69JN:1:1110:5376:15868	0	0	0	0	0	0	0	0	0	0	0	0	0	0	0	0	0	1	2	3
M00595:42:000000000-A5J1T:1:2113:12950:12262	0	0	0	0	0	0	0	0	0	0	0	0	0	0	0	0	0	10	0	2
M00595:42:000000000-A5J1T:1:1107:12422:13106	0	0	0	0	0	0	0	0	0	0	0	0	0	0	0	0	0	4	0	3
M00595:42:000000000-A5J1T:1:1107:12553:20357	0	0	0	0	0	0	0	0	0	0	0	0	0	0	0	0	0	2	0	0
M01896:2:000000000-A69JN:1:1103:8400:18099	0	0	0	0	0	0	0	0	0	0	0	0	0	0	0	0	0	3	0	3
M00595:42:000000000-A5J1T:1:2117:14471:6822	0	0	0	0	0	0	0	0	0	0	0	0	0	0	0	0	0	8	2	2
M00595:42:000000000-A5J1T:1:1110:19401:19385	0	0	0	0	0	0	0	0	0	0	0	0	0	0	0	0	0	3	0	0
M01896:2:000000000-A69JN:1:2116:25294:15092	0	0	0	0	0	0	0	0	0	0	0	0	0	0	0	0	0	4	0	1
M01896:2:000000000-A69JN:1:1103:9384:19139	0	0	0	0	0	0	0	0	0	0	0	0	0	0	0	0	0	4	1	1
M00595:42:000000000-A5J1T:1:1113:19603:6422	0	0	0	0	0	0	0	0	0	0	0	0	0	0	0	0	0	4	0	0
M01896:2:000000000-A69JN:1:2116:23490:15074	0	0	0	0	0	0	0	0	0	0	0	0	0	0	0	0	0	1	0	2
M00595:42:000000000-A5J1T:1:1113:9016:15546	0	0	0	0	0	0	0	0	0	0	0	0	0	0	0	0	0	5	0	1
M00595:42:000000000-A5J1T:1:1105:8293:23323	0	0	0	0	0	0	0	0	0	0	0	0	0	0	0	0	0	5	0	0
M00595:42:000000000-A5J1T:1:1113:9153:19615	0	0	0	0	0	0	0	0	0	0	0	0	0	0	0	0	0	2	0	0
M01896:2:000000000-A69JN:1:2113:20875:8534	0	0	0	0	0	0	0	0	0	0	0	0	0	0	0	0	0	1	0	4
M00595:42:000000000-A5J1T:1:2104:8628:6387	0	0	0	0	0	0	0	0	0	0	0	0	0	0	0	0	0	5	0	0
M00595:42:000000000-A5J1T:1:1114:13623:21084	0	0	0	0	0	0	0	0	0	0	0	0	0	0	0	0	0	1	0	0
M01896:2:000000000-A69JN:1:1116:16575:19866	0	0	0	0	0	0	0	0	0	0	0	0	0	0	0	0	0	1	0	1
M01896:2:000000000-A69JN:1:2111:5884:10125	0	0	0	0	0	0	0	0	0	0	0	0	0	0	0	0	0	1	0	2
M01896:2:000000000-A69JN:1:2112:25572:14325	0	0	0	0	0	0	0	0	0	0	0	0	0	0	0	0	0	1	0	3
M00595:42:000000000-A5J1T:1:1112:12166:5314	0	0	0	0	0	0	0	0	0	0	0	0	0	0	0	0	0	4	0	0
M01896:2:000000000-A69JN:1:2102:18564:17187	0	0	0	0	0	0	0	0	0	0	0	0	0	0	0	0	0	2	0	1
M00595:42:000000000-A5J1T:1:2103:10512:23611	0	0	0	0	0	0	0	0	0	0	0	0	0	0	0	0	0	2	1	1
M00595:42:000000000-A5J1T:1:2104:11792:5331	0	0	0	0	0	0	0	0	0	0	0	0	0	0	0	0	0	2	0	0
M01896:2:000000000-A69JN:1:1107:15067:16645	0	0	0	0	0	0	0	0	0	0	0	0	0	0	0	0	0	3	1	3
M01896:2:000000000-A69JN:1:2110:26359:18850	0	0	0	0	0	0	0	0	0	0	0	0	0	0	0	0	0	3	0	2
M00595:54:000000000-A7CT0:1:1110:23728:14929	0	0	0	0	0	0	0	0	0	0	0	0	0	0	0	0	0	4	2	0
M00595:42:000000000-A5J1T:1:2119:25311:18784	0	0	0	0	0	0	0	0	0	0	0	0	0	0	0	0	0	3	0	1
M01896:2:000000000-A69JN:1:2108:19731:22221	0	0	0	0	0	0	0	0	0	0	0	0	0	0	0	0	0	1	1	2
M01896:2:000000000-A69JN:1:1101:16212:19825	0	0	0	0	0	0	0	0	0	0	0	0	0	0	0	0	0	5	0	1
M00595:42:000000000-A5J1T:1:2110:12400:17742	0	0	0	0	0	0	0	0	0	0	0	0	0	0	0	0	0	4	1	0
M00595:54:000000000-A7CT0:1:1112:19979:12486	0	0	0	0	0	0	0	0	0	0	0	0	0	0	0	0	0	2	1	0
M00595:42:000000000-A5J1T:1:2113:23567:18042	0	0	0	0	0	0	0	0	0	0	0	0	0	0	0	0	0	2	0	0
M00595:42:000000000-A5J1T:1:2114:19464:11182	0	0	0	0	0	0	0	0	0	0	0	0	0	0	0	0	0	2	0	0
M00595:42:000000000-A5J1T:1:2114:13186:17123	0	0	0	0	0	0	0	0	0	0	0	0	0	0	0	0	0	3	2	4
M01896:2:000000000-A69JN:1:1102:7775:3643	0	0	0	0	0	0	0	0	0	0	0	0	0	0	0	0	0	2	1	2
M00595:42:000000000-A5J1T:1:2115:16748:22096	0	0	0	0	0	0	0	0	0	0	0	0	0	0	0	0	0	2	1	2
M00595:42:000000000-A5J1T:1:2119:27108:15331	0	0	0	0	0	0	0	0	0	0	0	0	0	0	0	0	0	2	1	0
M00595:42:000000000-A5J1T:1:1116:19958:11721	0	0	0	0	0	0	0	0	0	0	0	0	0	0	0	0	0	3	0	0
M01896:2:000000000-A69JN:1:2106:12467:14252	0	0	0	0	0	0	0	0	0	0	0	0	0	0	0	0	0	3	2	1
M00595:42:000000000-A5J1T:1:2118:25081:17311	0	0	0	0	0	0	0	0	0	0	0	0	0	0	0	0	0	5	2	0
M01896:2:000000000-A69JN:1:1119:15742:11683	0	0	0	0	0	0	0	0	0	0	0	0	0	0	0	0	0	1	0	1
M01896:2:000000000-A69JN:1:1104:24598:10545	0	0	0	0	0	0	0	0	0	0	0	0	0	0	0	0	0	2	0	2
M00595:54:000000000-A7CT0:1:1104:24650:20783	0	0	0	0	0	0	0	0	0	0	0	0	0	0	0	0	0	1	2	0
M00595:42:000000000-A5J1T:1:1107:27117:17815	0	0	0	0	0	0	0	0	0	0	0	0	0	0	0	0	0	2	0	0
M01896:2:000000000-A69JN:1:1108:10803:19741	0	0	0	0	0	0	0	0	0	0	0	0	0	0	0	0	0	2	0	1
M01896:2:000000000-A69JN:1:2112:15449:9043	0	0	0	0	0	0	0	0	0	0	0	0	0	0	0	0	0	1	0	4
M00595:42:000000000-A5J1T:1:1111:11051:4402	0	0	0	0	0	0	0	0	0	0	0	0	0	0	0	0	0	3	1	4
M00595:42:000000000-A5J1T:1:1112:16836:7896	0	0	0	0	0	0	0	0	0	0	0	0	0	0	0	0	0	1	0	1
M00595:42:000000000-A5J1T:1:1114:23853:15009	0	0	0	0	0	0	0	0	0	0	0	0	0	0	0	0	0	1	0	0
M00595:54:000000000-A7CT0:1:1114:8149:20930	0	0	0	0	0	0	0	0	0	0	0	0	0	0	0	0	0	1	3	0
M00595:42:000000000-A5J1T:1:2105:19674:7189	0	0	0	0	0	0	0	0	0	0	0	0	0	0	0	0	0	1	0	0
M01896:2:000000000-A69JN:1:2112:18078:13551	0	0	0	0	0	0	0	0	0	0	0	0	0	0	0	0	0	1	0	2
M00595:42:000000000-A5J1T:1:2113:17524:3902	0	0	0	0	0	0	0	0	0	0	0	0	0	0	0	0	0	2	0	1
M00595:42:000000000-A5J1T:1:2114:13935:11363	0	0	0	0	0	0	0	0	0	0	0	0	0	0	0	0	0	3	0	0
M00595:42:000000000-A5J1T:1:2118:21451:10252	0	0	0	0	0	0	0	0	0	0	0	0	0	0	0	0	0	1	0	2
M00595:42:000000000-A5J1T:1:2118:12533:15521	0	0	0	0	0	0	0	0	0	0	0	0	0	0	0	0	0	2	0	0
M00595:54:000000000-A7CT0:1:1102:8664:15130	0	0	0	0	0	0	0	0	0	0	0	0	0	0	0	0	0	0	2	0
M00595:54:000000000-A7CT0:1:1106:20103:6247	0	0	0	0	0	0	0	0	0	0	0	0	0	0	0	0	0	0	2	0
M00595:54:000000000-A7CT0:1:1109:16878:11114	0	0	0	0	0	0	0	0	0	0	0	0	0	0	0	0	0	0	2	1
M00595:54:000000000-A7CT0:1:1110:11632:21683	0	0	0	0	0	0	0	0	0	0	0	0	0	0	0	0	0	0	2	0
M00595:54:000000000-A7CT0:1:2101:16604:11980	0	0	0	0	0	0	0	0	0	0	0	0	0	0	0	0	0	0	1	1
M00595:54:000000000-A7CT0:1:2108:17336:5016	0	0	0	0	0	0	0	0	0	0	0	0	0	0	0	0	0	0	2	0
M01896:2:000000000-A69JN:1:2114:20048:8719	0	0	0	0	0	0	0	0	0	0	0	0	0	0	0	0	0	0	2	2
M00595:54:000000000-A7CT0:1:1105:14819:14931	0	0	0	0	0	0	0	0	0	0	0	0	0	0	0	0	0	0	1	0
M00595:54:000000000-A7CT0:1:1109:28464:11995	0	0	0	0	0	0	0	0	0	0	0	0	0	0	0	0	0	0	2	0
M00595:54:000000000-A7CT0:1:1112:22546:9099	0	0	0	0	0	0	0	0	0	0	0	0	0	0	0	0	0	0	2	0
M00595:54:000000000-A7CT0:1:1118:23331:8398	0	0	0	0	0	0	0	0	0	0	0	0	0	0	0	0	0	0	2	0
M00595:54:000000000-A7CT0:1:2104:22291:12649	0	0	0	0	0	0	0	0	0	0	0	0	0	0	0	0	0	0	2	0
M00595:54:000000000-A7CT0:1:2106:19913:10434	0	0	0	0	0	0	0	0	0	0	0	0	0	0	0	0	0	0	2	0
M00595:54:000000000-A7CT0:1:2111:18301:4758	0	0	0	0	0	0	0	0	0	0	0	0	0	0	0	0	0	0	2	0
M00595:54:000000000-A7CT0:1:2112:19801:7132	0	0	0	0	0	0	0	0	0	0	0	0	0	0	0	0	0	0	2	0
M01896:2:000000000-A69JN:1:1102:13893:5678	0	0	0	0	0	0	0	0	0	0	0	0	0	0	0	0	0	0	0	3
M01896:2:000000000-A69JN:1:1104:14341:14109	0	0	0	0	0	0	0	0	0	0	0	0	0	0	0	0	0	0	0	2
M01896:2:000000000-A69JN:1:1107:11836:7411	0	0	0	0	0	0	0	0	0	0	0	0	0	0	0	0	0	0	0	2
M01896:2:000000000-A69JN:1:1108:6591:19986	0	0	0	0	0	0	0	0	0	0	0	0	0	0	0	0	0	0	0	2
M01896:2:000000000-A69JN:1:1109:12059:23306	0	0	0	0	0	0	0	0	0	0	0	0	0	0	0	0	0	0	0	2
M01896:2:000000000-A69JN:1:1112:11036:6680	0	0	0	0	0	0	0	0	0	0	0	0	0	0	0	0	0	0	0	2
M01896:2:000000000-A69JN:1:1116:23193:7703	0	0	0	0	0	0	0	0	0	0	0	0	0	0	0	0	0	0	0	2
M01896:2:000000000-A69JN:1:1116:24905:11032	0	0	0	0	0	0	0	0	0	0	0	0	0	0	0	0	0	0	0	2
M01896:2:000000000-A69JN:1:1118:14300:17355	0	0	0	0	0	0	0	0	0	0	0	0	0	0	0	0	0	0	0	3
M01896:2:000000000-A69JN:1:2102:20711:10668	0	0	0	0	0	0	0	0	0	0	0	0	0	0	0	0	0	0	0	3
M01896:2:000000000-A69JN:1:2104:28807:17848	0	0	0	0	0	0	0	0	0	0	0	0	0	0	0	0	0	0	0	2
M01896:2:000000000-A69JN:1:2105:19767:7222	0	0	0	0	0	0	0	0	0	0	0	0	0	0	0	0	0	0	0	2
M01896:2:000000000-A69JN:1:2107:24533:3681	0	0	0	0	0	0	0	0	0	0	0	0	0	0	0	0	0	0	0	2
M01896:2:000000000-A69JN:1:2115:16622:8058	0	0	0	0	0	0	0	0	0	0	0	0	0	0	0	0	0	0	0	4
M01896:2:000000000-A69JN:1:2113:6196:6980	0	0	0	0	0	0	0	0	0	0	0	0	0	0	0	0	0	0	0	2
M01896:2:000000000-A69JN:1:2113:20594:19681	0	0	0	0	0	0	0	0	0	0	0	0	0	0	0	0	0	0	0	2
M01896:2:000000000-A69JN:1:2118:24465:14046	0	0	0	0	0	0	0	0	0	0	0	0	0	0	0	0	0	0	0	2
M01896:2:000000000-A69JN:1:1102:22911:17713	0	0	0	0	0	0	0	0	0	0	0	0	0	0	0	0	0	0	0	2
M01896:2:000000000-A69JN:1:1107:14467:6055	0	0	0	0	0	0	0	0	0	0	0	0	0	0	0	0	0	0	0	2
M01896:2:000000000-A69JN:1:1109:4626:9081	0	0	0	0	0	0	0	0	0	0	0	0	0	0	0	0	0	0	0	2
M01896:2:000000000-A69JN:1:1109:10188:20908	0	0	0	0	0	0	0	0	0	0	0	0	0	0	0	0	0	0	0	2
M01896:2:000000000-A69JN:1:1111:12823:16023	0	0	0	0	0	0	0	0	0	0	0	0	0	0	0	0	0	0	0	2
M01896:2:000000000-A69JN:1:1113:7089:15024	0	0	0	0	0	0	0	0	0	0	0	0	0	0	0	0	0	0	0	2
M01896:2:000000000-A69JN:1:1119:2300:12619	0	0	0	0	0	0	0	0	0	0	0	0	0	0	0	0	0	0	0	2
M01896:2:000000000-A69JN:1:1119:9178:13373	0	0	0	0	0	0	0	0	0	0	0	0	0	0	0	0	0	0	0	2
M01896:2:000000000-A69JN:1:2101:9189:14728	0	0	0	0	0	0	0	0	0	0	0	0	0	0	0	0	0	0	0	2
M01896:2:000000000-A69JN:1:2105:5867:7041	0	0	0	0	0	0	0	0	0	0	0	0	0	0	0	0	0	0	0	3
M01896:2:000000000-A69JN:1:2111:6507:6075	0	0	0	0	0	0	0	0	0	0	0	0	0	0	0	0	0	0	0	2
