#OTU ID	PDD2.MID47-47.P2.apr13_ncdenovo	S1DD2.MID103-103.P2.nov13_ncdenovo	S1DD2.MID110-110.P4.jan14_ncdenovo	S1DD2.MID109-109.P2.jan14_ncdenovo	S1DD2.MID97-97.P2.dec13_ncdenovo	S1DD2.MID103-103.P2.nov13_otuclust	S1DD2.MID109-109.P2.jan14_otuclust	S1DD2.MID97-97.P2.dec13_otuclust	S1DD2.MID110-110.P4.jan14_otuclust	PDD2.MID47-47.P2.apr13_otuclust	S1DD2.MID110-110.P4.jan14_ncref	S1DD2.MID103-103.P2.nov13_ncref	S1DD2.MID97-97.P2.dec13_ncref	PDD2.MID47-47.P2.apr13_ncref	S1DD2.MID109-109.P2.jan14_ncref	S1DD2.MID109-109.P2.jan14	S1DD2.MID110-110.P4.jan14	PDD2.MID47-47.P2.apr13	S1DD2.MID97-97.P2.dec13	S1DD2.MID103-103.P2.nov13
M01896:14:000000000-A7ERE:1:1106:13350:9617	3211	1763	1809	1999	1381	1	1	1	1	1	1805	1763	1379	3197	1999	3093	2808	4494	2389	2597
M01896:2:000000000-A69JN:1:2106:6750:17275	1934	522	563	454	408	1	1	1	1	1	563	531	413	1941	454	879	1022	2866	774	876
M00595:42:000000000-A5J1T:1:2116:15237:12084	2690	1096	677	686	520	1	1	1	1	1	680	1101	520	2692	686	1359	1388	4031	1144	1858
M01896:14:000000000-A7ERE:1:2117:14496:24430	1842	997	972	922	1114	1	1	1	1	1	972	997	1114	1844	922	1689	1746	2779	2002	1581
M01896:2:000000000-A69JN:1:2115:14667:8607	190	90	29	50	21	1	1	1	1	1	29	88	21	190	50	190	176	457	104	277
M01896:14:000000000-A7ERE:1:1113:4092:11043	1735	852	733	1643	786	1	1	1	1	1	733	852	786	1735	1643	2692	1319	2518	1394	1379
M00595:42:000000000-A5J1T:1:1116:14382:8111	394	140	71	56	58	1	1	1	1	1	71	138	58	392	56	252	271	890	191	393
M00595:42:000000000-A5J1T:1:2109:14970:23966	1518	752	490	418	500	1	1	1	1	1	490	750	500	1518	420	867	968	2364	990	1202
M00595:42:000000000-A5J1T:1:2103:8503:10001	519	185	179	385	198	1	1	1	1	1	179	185	198	519	385	895	452	938	474	413
M01896:2:000000000-A69JN:1:1101:21868:10786	40	27	12	14	21	1	1	1	1	1	12	27	21	40	14	39	28	90	57	55
M01896:15:000000000-A7EN9:1:2101:16163:10967	2155	1149	675	709	663	1	1	1	1	1	675	1150	663	2162	709	1590	1574	3661	1523	2056
M01896:15:000000000-A7EN9:1:2109:18176:2424	34	24	35	101	32	1	1	1	1	1	37	26	32	34	101	195	72	77	86	58
M01896:14:000000000-A7ERE:1:1103:13337:10005	1144	495	318	392	287	1	1	1	1	1	320	495	287	1144	390	795	708	1883	659	917
M00595:42:000000000-A5J1T:1:2105:17494:3196	1179	1625	784	718	487	2	1	1	1	1	784	1625	487	1181	718	1535	1760	2086	1169	2661
M01896:2:000000000-A69JN:1:1107:12949:22053	1651	814	718	1163	841	1	1	1	1	1	718	814	841	1651	1163	1999	1311	2363	1520	1305
M00595:42:000000000-A5J1T:1:1119:16330:23966	1167	334	297	245	165	1	1	1	1	1	297	334	165	1169	245	585	660	1891	418	667
M00595:42:000000000-A5J1T:1:1112:23343:11856	1484	627	381	339	383	1	1	1	1	1	381	627	383	1490	337	790	861	2376	856	1107
M00595:42:000000000-A5J1T:1:2117:21474:11486	1210	1644	718	692	529	1	1	1	1	1	715	1650	532	1214	692	1492	1503	2045	1309	2674
M00595:54:000000000-A7CT0:1:2116:4799:5713	27	56	61	165	116	1	1	1	1	1	61	56	116	27	165	375	160	62	255	107
M01896:15:000000000-A7EN9:1:1114:13795:22573	32	21	27	42	14	1	1	1	1	1	27	21	14	32	42	96	52	63	51	34
M00595:42:000000000-A5J1T:1:1102:18660:12665	1031	496	312	278	250	1	1	1	1	1	312	496	250	1037	278	662	728	1679	603	937
M01896:2:000000000-A69JN:1:2101:20082:17056	27	44	61	114	78	1	1	1	1	1	61	44	82	27	114	257	133	74	179	94
M01896:14:000000000-A7ERE:1:2108:8853:22075	1226	631	526	483	430	1	1	1	1	1	526	631	430	1226	483	1001	1031	1907	887	1043
M00595:42:000000000-A5J1T:1:2107:12392:12487	1271	445	400	336	238	1	1	1	1	1	400	447	238	1271	336	839	946	2250	657	863
M00595:42:000000000-A5J1T:1:2108:28567:12243	1281	732	638	559	529	1	1	1	1	1	638	734	529	1281	559	1100	1183	1901	1018	1144
M00595:42:000000000-A5J1T:1:2118:26937:7215	1230	640	364	367	375	1	1	1	1	1	364	638	385	1244	367	785	811	2041	804	1120
M00595:42:000000000-A5J1T:1:2103:7647:15998	621	314	152	101	151	1	1	1	1	1	152	314	151	621	101	405	493	1409	441	822
M01896:14:000000000-A7ERE:1:2105:10223:11783	21	16	9	12	19	1	1	1	1	1	9	16	19	21	12	50	34	39	56	30
M00595:42:000000000-A5J1T:1:2116:8416:5908	1063	572	350	224	244	1	1	1	1	1	350	572	244	1063	224	499	720	1710	546	984
M00595:54:000000000-A7CT0:1:2106:21047:6992	916	491	232	280	252	1	1	1	1	1	232	491	252	916	280	604	576	1503	589	878
M00595:42:000000000-A5J1T:1:2110:8600:6912	836	253	157	157	106	1	1	1	1	1	157	251	106	840	157	424	414	1535	288	537
M00595:54:000000000-A7CT0:1:2111:14863:5535	740	362	242	225	217	1	1	1	1	1	242	362	217	744	225	539	523	1328	574	722
M01896:14:000000000-A7ERE:1:1107:10337:14813	747	401	162	142	224	1	1	1	1	1	166	401	224	750	142	390	442	1378	524	780
M01896:2:000000000-A69JN:1:1104:22275:4570	1295	696	590	607	369	1	1	1	1	1	590	709	373	1319	613	1348	1292	2254	893	1233
M01896:2:000000000-A69JN:1:2102:7724:14045	54	26	2	2	0	1	1	0	1	1	0	26	0	57	2	36	28	223	26	133
M00595:54:000000000-A7CT0:1:1104:18924:13974	199	124	30	26	38	1	1	1	1	1	30	122	38	199	26	133	102	489	97	317
M00595:42:000000000-A5J1T:1:2107:27584:12198	181	69	4	13	5	1	1	1	1	1	4	69	5	179	13	55	41	507	39	245
M00595:54:000000000-A7CT0:1:1107:11133:18782	942	695	325	223	217	1	1	1	1	1	325	695	217	938	226	561	750	1695	576	1196
M00595:42:000000000-A5J1T:1:1119:23021:11990	11	7	8	19	4	1	1	1	1	1	8	7	4	11	19	43	30	22	14	24
M00595:54:000000000-A7CT0:1:2107:15783:13545	12	0	2	0	2	1	0	1	1	0	5	2	5	12	0	13	17	37	14	25
M00595:42:000000000-A5J1T:1:1104:23026:15266	335	392	249	250	104	1	1	1	1	1	247	392	104	332	250	718	616	699	331	781
M00595:42:000000000-A5J1T:1:1111:13547:9195	188	52	49	35	35	1	1	1	1	1	49	54	35	188	35	86	118	402	100	117
M00595:54:000000000-A7CT0:1:1101:18305:4114	98	302	243	189	263	1	1	1	1	1	243	302	263	98	189	404	516	195	537	566
M01896:14:000000000-A7ERE:1:1118:19297:9769	52	49	43	155	34	1	1	1	1	1	43	49	34	52	155	310	104	111	74	87
M00595:54:000000000-A7CT0:1:1110:18804:15128	3	6	8	4	3	1	1	1	1	1	8	6	0	3	4	28	22	11	16	14
M00595:42:000000000-A5J1T:1:2104:29039:12979	3	0	0	0	0	0	0	0	0	1	0	0	0	0	0	4	4	8	2	4
M00595:42:000000000-A5J1T:1:1111:22582:16964	2	0	0	0	0	0	0	0	0	0	0	2	0	0	0	4	6	24	8	11
M00595:42:000000000-A5J1T:1:1103:24503:18151	2	0	0	0	0	0	0	0	0	0	0	0	0	0	0	0	1	2	0	0
M00595:42:000000000-A5J1T:1:2108:19655:7494	2	0	0	0	0	0	0	0	0	0	0	0	0	0	0	0	1	3	0	0
M00595:42:000000000-A5J1T:1:1119:26698:12847	2	0	0	0	0	0	0	0	0	0	0	0	0	0	0	0	1	12	1	1
M00595:42:000000000-A5J1T:1:1117:8169:15649	2	0	0	0	0	0	0	0	0	0	0	0	0	2	0	1	0	5	0	0
M00595:42:000000000-A5J1T:1:2103:19752:5866	2	0	0	0	0	0	0	0	0	0	0	0	0	0	0	0	2	5	1	2
M01896:15:000000000-A7EN9:1:1115:3727:9324	4	0	0	2	0	0	0	0	0	0	0	0	0	4	2	3	6	18	1	5
M00595:42:000000000-A5J1T:1:1104:24422:6958	2	0	0	0	0	0	0	0	0	0	0	0	0	0	0	0	2	10	1	2
M00595:42:000000000-A5J1T:1:1107:10174:11946	2	0	0	0	0	0	0	0	0	0	0	0	0	0	0	2	1	5	0	1
M00595:42:000000000-A5J1T:1:1119:19087:16982	0	2	0	0	0	0	0	0	0	0	0	0	0	13	0	13	19	54	3	26
M01896:2:000000000-A69JN:1:2114:14172:22378	0	2	0	0	0	1	0	0	0	0	0	2	0	0	0	0	1	1	0	2
M01896:2:000000000-A69JN:1:1117:3744:11340	0	2	0	0	0	0	0	0	0	0	0	2	0	0	0	5	3	12	3	15
M01896:2:000000000-A69JN:1:1116:14319:4641	0	2	0	0	0	0	0	0	0	0	0	2	0	0	0	0	0	0	0	2
M01896:2:000000000-A69JN:1:1111:11045:7365	0	2	0	0	0	0	0	0	0	0	0	0	0	0	0	1	1	3	0	3
M01896:2:000000000-A69JN:1:2119:14798:24247	0	2	0	0	0	0	0	0	0	0	0	0	0	0	0	0	0	4	0	2
M00595:42:000000000-A5J1T:1:1111:7757:8456	0	2	0	0	0	0	0	0	0	0	0	0	0	0	0	0	3	3	0	3
M01896:2:000000000-A69JN:1:2106:16557:20696	0	2	0	0	0	1	0	0	0	0	0	0	0	0	0	0	0	2	0	3
M01896:2:000000000-A69JN:1:1111:12373:6221	0	2	0	0	0	0	0	0	0	0	0	0	0	0	0	0	1	1	0	2
M01896:2:000000000-A69JN:1:1106:26151:15665	0	2	0	0	0	1	0	0	0	0	0	2	0	0	0	0	0	0	0	2
M01896:15:000000000-A7EN9:1:1114:11979:10895	0	2	2	0	0	1	0	0	1	0	2	2	0	0	0	3	6	11	0	9
M01896:15:000000000-A7EN9:1:1108:25766:15660	0	0	87	0	0	0	0	0	0	0	0	0	0	0	0	0	2	1	0	1
M00595:42:000000000-A5J1T:1:2112:7943:15915	0	0	21	3	0	0	0	0	0	0	0	0	0	0	0	3	3	7	1	3
M00595:42:000000000-A5J1T:1:2112:15801:23963	0	0	3	0	0	0	0	0	0	0	3	0	0	0	0	2	7	5	0	0
M01896:15:000000000-A7EN9:1:1115:9357:7450	0	0	2	0	0	0	0	0	0	0	2	0	0	0	0	2	37	2	0	4
M00595:42:000000000-A5J1T:1:1102:15177:19395	0	0	2	0	2	0	0	0	0	0	0	0	2	0	0	5	5	4	2	2
M01896:14:000000000-A7ERE:1:1114:3238:11424	0	0	2	0	0	0	0	0	0	0	0	0	0	0	0	1	3	5	0	1
M00595:42:000000000-A5J1T:1:2119:27108:15331	0	0	2	0	0	0	0	0	0	0	0	0	0	0	0	1	3	14	6	0
M01896:14:000000000-A7ERE:1:1106:9379:21911	0	0	2	0	0	0	0	0	0	0	2	0	0	0	0	0	3	1	1	0
M01896:15:000000000-A7EN9:1:2102:12193:17530	0	0	2	0	0	0	0	0	0	0	2	0	0	0	0	1	2	0	0	4
M00595:42:000000000-A5J1T:1:1101:17120:17501	0	0	4	0	0	0	0	0	0	0	0	6	2	16	0	12	18	65	6	26
M00595:42:000000000-A5J1T:1:2117:24734:13976	0	0	2	0	0	0	0	0	0	0	0	0	0	0	0	5	5	25	2	3
M00595:42:000000000-A5J1T:1:1119:15226:13258	0	0	2	0	0	0	0	0	0	0	5	0	0	0	0	8	15	26	8	5
M01896:14:000000000-A7ERE:1:2119:21886:10183	0	0	2	0	0	0	0	0	0	0	2	0	0	0	0	2	5	11	1	2
M00595:42:000000000-A5J1T:1:1110:23199:21208	0	0	0	2	0	0	0	0	0	0	0	0	0	0	0	13	8	30	1	6
M01896:2:000000000-A69JN:1:2119:15300:12783	0	0	0	2	0	0	1	0	0	0	0	0	0	0	0	3	2	1	1	4
M01896:14:000000000-A7ERE:1:2104:3680:10205	0	0	0	2	0	0	0	0	0	0	7	0	0	0	0	7	19	25	2	7
M00595:54:000000000-A7CT0:1:1119:17416:2902	0	0	0	0	2	0	0	0	0	0	0	0	0	0	0	0	0	0	2	0
M00595:54:000000000-A7CT0:1:1109:27225:10799	0	0	0	0	2	0	0	0	0	0	0	0	0	0	0	1	0	2	3	0
M00595:54:000000000-A7CT0:1:1108:12308:6744	0	0	0	0	2	0	0	1	0	0	0	0	2	0	0	0	0	0	2	0
M00595:54:000000000-A7CT0:1:1105:14079:19779	0	0	0	0	2	0	0	1	0	0	0	0	2	0	0	6	1	9	2	3
M00595:54:000000000-A7CT0:1:1112:20841:20904	0	0	0	0	2	0	0	0	0	0	0	0	0	0	0	0	0	0	2	0
M00595:54:000000000-A7CT0:1:1106:12016:21848	0	0	0	0	2	0	0	0	0	0	0	0	2	0	0	0	0	0	4	0
M00595:54:000000000-A7CT0:1:1107:23813:11031	0	0	0	0	2	0	0	0	0	0	0	0	2	0	0	0	11	35	7	10
M01896:2:000000000-A69JN:1:2103:13073:10388	0	0	0	0	0	0	1	0	0	0	0	0	0	0	0	2	0	1	1	2
M01896:14:000000000-A7ERE:1:2107:8445:14742	0	0	0	0	0	0	0	0	0	0	2	0	0	0	0	0	4	2	0	0
M01896:2:000000000-A69JN:1:2102:21112:9787	0	0	0	0	0	0	0	0	0	0	2	5	0	0	0	1	2	5	0	6
M01896:2:000000000-A69JN:1:1117:8956:20352	0	0	0	0	0	0	0	0	0	0	2	0	0	0	0	3	6	11	2	8
M01896:15:000000000-A7EN9:1:1112:26784:18711	0	0	0	0	0	0	0	0	0	0	4	0	0	0	0	5	11	20	2	5
M00595:42:000000000-A5J1T:1:1114:17468:8720	0	0	0	0	0	0	0	0	0	0	4	0	0	0	0	4	10	8	1	1
M00595:42:000000000-A5J1T:1:2104:11137:23037	0	0	0	0	0	0	0	0	0	0	4	0	0	0	0	0	7	4	2	0
M01896:14:000000000-A7ERE:1:1108:19523:3962	0	0	0	0	0	0	0	0	0	0	2	0	0	0	0	0	2	2	0	0
M00595:42:000000000-A5J1T:1:2115:18643:15057	0	0	0	0	0	0	0	0	0	0	2	0	0	17	0	5	16	33	5	9
M01896:15:000000000-A7EN9:1:2110:24392:3310	0	0	0	0	0	0	0	0	0	0	2	0	0	0	0	0	2	0	0	0
M01896:2:000000000-A69JN:1:2114:13498:23198	0	0	0	0	0	0	0	0	0	0	2	5	0	0	0	8	16	37	14	9
M01896:2:000000000-A69JN:1:1115:19879:6367	0	0	0	0	0	0	0	0	0	0	4	0	0	0	0	4	8	5	4	4
M01896:15:000000000-A7EN9:1:2105:15554:11897	0	0	0	0	0	0	0	0	0	0	2	0	0	0	0	3	4	7	1	4
M01896:2:000000000-A69JN:1:1115:15104:8388	0	0	0	0	0	0	0	0	0	0	0	3	0	0	0	0	1	0	0	1
M01896:2:000000000-A69JN:1:2112:8012:8250	0	0	0	0	0	0	0	0	0	0	0	3	0	0	0	2	0	2	2	6
M00595:42:000000000-A5J1T:1:2106:23128:20725	0	0	0	0	0	0	0	0	0	0	0	4	0	0	0	5	4	7	0	7
M01896:2:000000000-A69JN:1:2107:14978:5970	0	0	0	0	0	0	0	0	0	0	0	2	0	0	0	2	0	0	0	2
M01896:2:000000000-A69JN:1:1115:16794:4874	0	0	0	0	0	0	0	0	0	0	0	4	0	0	0	7	0	2	0	4
M01896:2:000000000-A69JN:1:1115:5217:14438	0	0	0	0	0	0	0	0	0	0	0	4	0	0	0	3	0	13	0	7
M01896:2:000000000-A69JN:1:1117:12361:19782	0	0	0	0	0	0	0	0	0	0	0	4	0	0	0	0	1	1	0	4
M01896:14:000000000-A7ERE:1:1104:4992:6827	0	0	0	0	0	0	0	0	0	0	0	4	0	3	0	1	7	29	4	9
M00595:42:000000000-A5J1T:1:1105:8293:23323	0	0	0	0	0	0	0	0	0	0	0	2	0	0	0	0	0	5	0	2
M01896:15:000000000-A7EN9:1:1109:17511:20354	0	0	0	0	0	0	0	0	0	0	0	2	0	0	0	1	4	1	0	4
M01896:15:000000000-A7EN9:1:2116:18475:20813	0	0	0	0	0	0	0	0	0	0	0	2	0	0	0	5	11	16	4	5
M01896:2:000000000-A69JN:1:2111:7567:8861	0	0	0	0	0	0	0	0	0	0	0	2	0	0	0	1	0	0	0	3
M01896:2:000000000-A69JN:1:2110:28673:16641	0	0	0	0	0	0	0	0	0	0	0	2	0	0	0	0	0	0	0	2
M01896:2:000000000-A69JN:1:2102:15950:22792	0	0	0	0	0	0	0	0	0	0	0	2	0	0	0	0	0	0	0	5
M01896:2:000000000-A69JN:1:2118:23813:6617	0	0	0	0	0	0	0	0	0	0	0	2	0	0	0	0	0	0	0	2
M01896:2:000000000-A69JN:1:2106:12079:21421	0	0	0	0	0	0	0	0	0	0	0	2	0	0	0	2	4	7	0	4
M01896:2:000000000-A69JN:1:1108:3686:8727	0	0	0	0	0	0	0	0	0	0	0	2	0	0	0	0	0	0	1	2
M01896:2:000000000-A69JN:1:2103:20142:5923	0	0	0	0	0	0	0	0	0	0	0	2	0	0	0	4	7	6	1	5
M01896:2:000000000-A69JN:1:1114:11094:20907	0	0	0	0	0	0	0	0	0	0	0	2	0	0	0	0	0	1	0	2
M00595:42:000000000-A5J1T:1:1104:7421:17126	0	0	0	0	0	0	0	0	0	0	0	4	0	17	5	24	25	64	13	10
M01896:2:000000000-A69JN:1:2115:28179:15354	0	0	0	0	0	0	0	0	0	0	0	2	0	0	0	2	2	9	1	6
M00595:42:000000000-A5J1T:1:1111:16412:18783	0	0	0	0	0	0	0	0	0	0	0	2	0	2	0	2	6	12	0	4
M01896:2:000000000-A69JN:1:2107:16965:17819	0	0	0	0	0	0	0	0	0	0	0	2	0	0	0	8	7	22	3	9
M00595:54:000000000-A7CT0:1:1113:20210:22530	0	0	0	0	0	0	0	0	0	0	0	0	3	0	0	0	0	0	5	0
M00595:54:000000000-A7CT0:1:1106:25342:7302	0	0	0	0	0	0	0	0	0	0	0	0	5	0	0	0	1	0	5	0
M00595:54:000000000-A7CT0:1:2112:9047:12431	0	0	0	0	0	0	0	0	0	0	0	0	2	0	0	1	0	0	2	0
M00595:54:000000000-A7CT0:1:1103:6338:20091	0	0	0	0	0	0	0	0	0	0	0	0	2	0	0	0	0	0	2	0
M00595:54:000000000-A7CT0:1:2117:16746:5483	0	0	0	0	0	0	0	0	0	0	0	0	2	0	2	2	0	1	3	1
M00595:54:000000000-A7CT0:1:1112:13430:10929	0	0	0	0	0	0	0	0	0	0	0	0	4	0	0	11	4	10	6	4
M00595:54:000000000-A7CT0:1:1111:14400:8751	0	0	0	0	0	0	0	0	0	0	0	0	2	0	0	1	0	2	3	0
M00595:54:000000000-A7CT0:1:1106:10529:6391	0	0	0	0	0	0	0	0	0	0	0	0	2	0	0	0	2	2	4	2
M00595:42:000000000-A5J1T:1:1119:6995:4325	0	0	0	0	0	0	0	0	0	0	0	0	2	0	0	2	2	4	2	0
M01896:14:000000000-A7ERE:1:1118:16619:16724	0	0	0	0	0	0	0	0	0	0	0	0	2	0	0	11	10	38	7	17
M00595:54:000000000-A7CT0:1:1113:6228:13828	0	0	0	0	0	0	0	0	0	0	0	0	2	0	0	0	0	0	2	0
M00595:54:000000000-A7CT0:1:1101:17326:8859	0	0	0	0	0	0	0	0	0	0	0	0	2	0	0	0	0	1	2	0
M01896:15:000000000-A7EN9:1:1102:13664:10852	0	0	0	0	0	0	0	0	0	0	0	0	0	12	2	11	7	30	4	12
M00595:42:000000000-A5J1T:1:1116:21664:8031	0	0	0	0	0	0	0	0	0	0	0	0	0	11	0	9	8	39	6	8
M00595:42:000000000-A5J1T:1:2106:25092:23081	0	0	0	0	0	0	0	0	0	0	0	0	0	7	0	4	3	19	0	3
M00595:42:000000000-A5J1T:1:1119:22976:18454	0	0	0	0	0	0	0	0	0	0	0	0	0	9	0	8	4	34	5	6
M00595:42:000000000-A5J1T:1:2103:18434:14808	0	0	0	0	0	0	0	0	0	0	0	0	0	6	0	3	3	16	1	4
M00595:42:000000000-A5J1T:1:2118:25182:14273	0	0	0	0	0	0	0	0	0	0	0	0	0	6	0	7	9	21	4	7
M00595:42:000000000-A5J1T:1:2104:18243:20922	0	0	0	0	0	0	0	0	0	0	0	0	0	5	0	3	8	28	2	5
M00595:42:000000000-A5J1T:1:2118:16711:19943	0	0	0	0	0	0	0	0	0	0	0	0	0	6	0	5	11	21	7	5
M00595:42:000000000-A5J1T:1:1107:5535:17966	0	0	0	0	0	0	0	0	0	0	0	0	0	2	0	2	7	14	2	3
M00595:42:000000000-A5J1T:1:1113:9815:12577	0	0	0	0	0	0	0	0	0	0	0	0	0	2	0	0	0	3	0	0
M00595:42:000000000-A5J1T:1:2112:13400:9196	0	0	0	0	0	0	0	0	0	0	0	0	0	2	0	1	4	7	1	2
M00595:42:000000000-A5J1T:1:1107:18243:21964	0	0	0	0	0	0	0	0	0	0	0	0	0	2	0	0	0	2	0	0
M00595:42:000000000-A5J1T:1:2116:17595:2713	0	0	0	0	0	0	0	0	0	0	0	0	0	2	0	7	11	20	0	12
M00595:42:000000000-A5J1T:1:2110:22091:20816	0	0	0	0	0	0	0	0	0	0	0	0	0	2	0	5	3	11	0	2
M01896:2:000000000-A69JN:1:1102:9480:8766	0	0	0	0	0	0	0	0	0	0	0	0	0	4	0	0	0	9	0	2
M00595:42:000000000-A5J1T:1:1115:5897:14962	0	0	0	0	0	0	0	0	0	0	0	0	0	2	0	0	0	2	0	0
M00595:42:000000000-A5J1T:1:2108:11679:12128	0	0	0	0	0	0	0	0	0	0	0	0	0	2	0	0	0	3	0	0
M01896:15:000000000-A7EN9:1:2114:14513:3033	0	0	0	0	0	0	0	0	0	0	0	0	0	0	2	2	0	0	0	0
M01896:15:000000000-A7EN9:1:2102:4863:10843	0	0	0	0	0	0	0	0	0	0	0	0	0	0	2	3	1	3	0	2
M01896:15:000000000-A7EN9:1:1103:19604:15724	0	0	0	0	0	0	0	0	0	0	0	0	0	0	2	2	0	0	0	0
M00595:42:000000000-A5J1T:1:1110:24224:17487	0	0	0	0	0	0	0	0	0	0	0	0	0	0	2	7	3	12	4	5
M01896:14:000000000-A7ERE:1:1106:5446:8248	0	0	0	0	0	0	0	0	0	0	0	0	0	0	0	3	10	13	6	4
M01896:2:000000000-A69JN:1:1102:3964:20526	0	0	0	0	0	0	0	0	0	0	0	0	0	0	0	3	4	9	1	5
M01896:2:000000000-A69JN:1:2109:19892:24135	0	0	0	0	0	0	0	0	0	0	0	0	0	0	0	9	12	31	1	11
M01896:2:000000000-A69JN:1:2112:10480:8078	0	0	0	0	0	0	0	0	0	0	0	0	0	0	0	1	0	10	0	4
M01896:2:000000000-A69JN:1:2108:14092:22107	0	0	0	0	0	0	0	0	0	0	0	0	0	0	0	14	7	33	11	9
M00595:42:000000000-A5J1T:1:1115:16203:15695	0	0	0	0	0	0	0	0	0	0	0	0	0	0	0	3	7	8	1	3
M00595:42:000000000-A5J1T:1:2109:18123:6214	0	0	0	0	0	0	0	0	0	0	0	0	0	0	0	5	1	14	6	5
M00595:42:000000000-A5J1T:1:1118:12710:9270	0	0	0	0	0	0	0	0	0	0	0	0	0	0	0	2	7	14	3	3
M00595:42:000000000-A5J1T:1:2114:21857:14897	0	0	0	0	0	0	0	0	0	0	0	0	0	0	0	2	0	3	0	2
M00595:42:000000000-A5J1T:1:1112:27029:14395	0	0	0	0	0	0	0	0	0	0	0	0	0	0	0	15	25	57	8	14
M00595:42:000000000-A5J1T:1:1101:18506:11958	0	0	0	0	0	0	0	0	0	0	0	0	0	0	0	1	1	8	0	2
M00595:42:000000000-A5J1T:1:1103:14979:16082	0	0	0	0	0	0	0	0	0	0	0	0	0	0	0	2	2	10	3	1
M01896:2:000000000-A69JN:1:2103:4388:14773	0	0	0	0	0	0	0	0	0	0	0	0	0	0	0	12	11	23	4	5
M01896:14:000000000-A7ERE:1:1103:6517:21898	0	0	0	0	0	0	0	0	0	0	0	0	0	0	0	5	5	12	3	4
M01896:2:000000000-A69JN:1:2113:21587:9388	0	0	0	0	0	0	0	0	0	0	0	0	0	0	0	10	11	28	8	5
M00595:42:000000000-A5J1T:1:1113:25756:21929	0	0	0	0	0	0	0	0	0	0	0	0	0	0	0	4	0	6	0	0
M01896:14:000000000-A7ERE:1:1103:23715:22426	0	0	0	0	0	0	0	0	0	0	0	0	0	0	0	4	4	2	7	3
M01896:14:000000000-A7ERE:1:1104:15651:16638	0	0	0	0	0	0	0	0	0	0	0	0	0	0	0	2	3	9	3	3
M00595:42:000000000-A5J1T:1:2115:15124:7816	0	0	0	0	0	0	0	0	0	0	0	0	0	0	0	2	6	14	2	5
M01896:2:000000000-A69JN:1:1115:17559:10816	0	0	0	0	0	0	0	0	0	0	0	0	0	0	0	1	2	3	1	1
M00595:42:000000000-A5J1T:1:2114:19464:11182	0	0	0	0	0	0	0	0	0	0	0	0	0	0	0	5	6	10	1	1
M01896:15:000000000-A7EN9:1:1103:17368:4217	0	0	0	0	0	0	0	0	0	0	0	0	0	0	0	1	3	0	0	0
M00595:42:000000000-A5J1T:1:1116:21308:5156	0	0	0	0	0	0	0	0	0	0	0	0	0	0	0	2	0	4	0	1
M01896:15:000000000-A7EN9:1:2101:22901:19637	0	0	0	0	0	0	0	0	0	0	0	0	0	0	0	7	6	17	3	4
M01896:14:000000000-A7ERE:1:1105:22988:22148	0	0	0	0	0	0	0	0	0	0	0	0	0	0	0	1	0	1	0	1
M01896:15:000000000-A7EN9:1:1112:25379:6572	0	0	0	0	0	0	0	0	0	0	0	0	0	0	0	1	2	0	0	0
M01896:2:000000000-A69JN:1:2110:10502:4416	0	0	0	0	0	0	0	0	0	0	0	0	0	0	0	1	1	9	1	6
M00595:42:000000000-A5J1T:1:1102:23068:22183	0	0	0	0	0	0	0	0	0	0	0	0	0	0	0	4	2	9	1	2
M01896:14:000000000-A7ERE:1:2108:7743:2129	0	0	0	0	0	0	0	0	0	0	0	0	0	0	0	4	0	0	1	0
M01896:2:000000000-A69JN:1:1101:7533:23551	0	0	0	0	0	0	0	0	0	0	0	0	0	0	0	2	1	4	0	4
M01896:2:000000000-A69JN:1:2113:20594:19681	0	0	0	0	0	0	0	0	0	0	0	0	0	0	0	1	1	1	0	2
M00595:42:000000000-A5J1T:1:2112:26164:14693	0	0	0	0	0	0	0	0	0	0	0	0	0	0	0	2	2	8	0	1
M01896:14:000000000-A7ERE:1:1107:13753:23846	0	0	0	0	0	0	0	0	0	0	0	0	0	0	0	4	1	2	0	2
M01896:2:000000000-A69JN:1:2107:18251:19832	0	0	0	0	0	0	0	0	0	0	0	0	0	0	0	3	3	8	1	2
M00595:42:000000000-A5J1T:1:2117:13723:8907	0	0	0	0	0	0	0	0	0	0	0	0	0	0	0	2	0	5	0	0
M00595:42:000000000-A5J1T:1:2115:15774:8453	0	0	0	0	0	0	0	0	0	0	0	0	0	0	0	3	2	10	0	1
M01896:15:000000000-A7EN9:1:2106:23983:4261	0	0	0	0	0	0	0	0	0	0	0	0	0	0	0	3	2	11	3	5
M01896:14:000000000-A7ERE:1:1111:20897:11206	0	0	0	0	0	0	0	0	0	0	0	0	0	0	0	4	3	5	0	0
M01896:2:000000000-A69JN:1:2101:10750:15253	0	0	0	0	0	0	0	0	0	0	0	0	0	0	0	1	4	4	1	8
M01896:14:000000000-A7ERE:1:1112:24941:9642	0	0	0	0	0	0	0	0	0	0	0	0	0	0	0	2	2	8	1	0
M00595:42:000000000-A5J1T:1:1117:7587:20082	0	0	0	0	0	0	0	0	0	0	0	0	0	0	0	3	1	4	1	0
M01896:14:000000000-A7ERE:1:2108:17563:2118	0	0	0	0	0	0	0	0	0	0	0	0	0	0	0	5	4	14	3	3
M00595:42:000000000-A5J1T:1:2112:9091:6057	0	0	0	0	0	0	0	0	0	0	0	0	0	0	0	1	0	4	0	1
M01896:14:000000000-A7ERE:1:1118:23103:14234	0	0	0	0	0	0	0	0	0	0	0	0	0	0	0	1	1	6	0	1
M01896:2:000000000-A69JN:1:2110:7156:11180	0	0	0	0	0	0	0	0	0	0	0	0	0	0	0	1	1	3	0	3
M01896:2:000000000-A69JN:1:2114:24247:6374	0	0	0	0	0	0	0	0	0	0	0	0	0	0	0	1	1	4	0	2
M00595:42:000000000-A5J1T:1:1104:7953:7804	0	0	0	0	0	0	0	0	0	0	0	0	0	0	0	9	4	19	4	6
M00595:42:000000000-A5J1T:1:1118:23985:8433	0	0	0	0	0	0	0	0	0	0	0	0	0	0	0	2	2	5	3	1
M01896:14:000000000-A7ERE:1:1116:5972:16412	0	0	0	0	0	0	0	0	0	0	0	0	0	0	0	3	3	20	5	4
M01896:2:000000000-A69JN:1:2107:7152:5484	0	0	0	0	0	0	0	0	0	0	0	0	0	0	0	2	4	4	2	4
M01896:2:000000000-A69JN:1:2105:12306:5094	0	0	0	0	0	0	0	0	0	0	0	0	0	0	0	2	3	2	1	4
M00595:42:000000000-A5J1T:1:1106:17472:17872	0	0	0	0	0	0	0	0	0	0	0	0	0	0	0	3	2	6	0	1
M00595:42:000000000-A5J1T:1:1103:14226:18520	0	0	0	0	0	0	0	0	0	0	0	0	0	0	0	2	0	3	0	0
M01896:15:000000000-A7EN9:1:1109:17433:15641	0	0	0	0	0	0	0	0	0	0	0	0	0	0	0	1	1	2	1	0
M01896:2:000000000-A69JN:1:2102:24456:10584	0	0	0	0	0	0	0	0	0	0	0	0	0	0	0	3	5	11	5	8
M01896:2:000000000-A69JN:1:2101:12019:15217	0	0	0	0	0	0	0	0	0	0	0	0	0	0	0	4	6	3	6	12
M01896:2:000000000-A69JN:1:2112:15449:9043	0	0	0	0	0	0	0	0	0	0	0	0	0	0	0	1	0	2	0	4
M00595:42:000000000-A5J1T:1:1114:7885:8994	0	0	0	0	0	0	0	0	0	0	0	0	0	0	0	6	2	5	3	1
M00595:42:000000000-A5J1T:1:1102:11033:16413	0	0	0	0	0	0	0	0	0	0	0	0	0	0	0	2	1	5	0	2
M01896:2:000000000-A69JN:1:2108:7135:20808	0	0	0	0	0	0	0	0	0	0	0	0	0	0	0	4	3	0	1	3
M01896:15:000000000-A7EN9:1:1111:14052:13270	0	0	0	0	0	0	0	0	0	0	0	0	0	0	0	4	9	6	1	3
M00595:42:000000000-A5J1T:1:1109:15093:5256	0	0	0	0	0	0	0	0	0	0	0	0	0	0	0	8	8	11	5	8
M00595:54:000000000-A7CT0:1:1110:10776:6038	0	0	0	0	0	0	0	0	0	0	0	0	0	0	0	2	3	10	3	4
M00595:42:000000000-A5J1T:1:1119:8264:14837	0	0	0	0	0	0	0	0	0	0	0	0	0	0	0	1	0	2	1	1
M01896:2:000000000-A69JN:1:2111:7730:17185	0	0	0	0	0	0	0	0	0	0	0	0	0	0	0	3	2	15	0	7
M01896:2:000000000-A69JN:1:2105:26429:20585	0	0	0	0	0	0	0	0	0	0	0	0	0	0	0	1	2	5	0	7
M00595:54:000000000-A7CT0:1:2116:13914:7315	0	0	0	0	0	0	0	0	0	0	0	0	0	0	0	1	0	0	2	0
M01896:15:000000000-A7EN9:1:1109:25041:21785	0	0	0	0	0	0	0	0	0	0	0	0	0	0	0	1	3	12	3	3
M01896:2:000000000-A69JN:1:2110:11557:11590	0	0	0	0	0	0	0	0	0	0	0	0	0	0	0	1	1	0	0	5
M00595:42:000000000-A5J1T:1:2101:23390:4875	0	0	0	0	0	0	0	0	0	0	0	0	0	0	0	3	2	8	0	1
M01896:15:000000000-A7EN9:1:1115:22119:16843	0	0	0	0	0	0	0	0	0	0	0	0	0	0	0	1	3	5	1	1
M01896:2:000000000-A69JN:1:2109:3646:8276	0	0	0	0	0	0	0	0	0	0	0	0	0	0	0	3	2	11	1	3
M00595:42:000000000-A5J1T:1:2110:5443:18184	0	0	0	0	0	0	0	0	0	0	0	0	0	0	0	3	5	8	5	4
M01896:2:000000000-A69JN:1:2115:26242:15631	0	0	0	0	0	0	0	0	0	0	0	0	0	0	0	2	1	15	1	8
M01896:2:000000000-A69JN:1:1104:14341:14109	0	0	0	0	0	0	0	0	0	0	0	0	0	0	0	8	5	13	2	7
M01896:15:000000000-A7EN9:1:1105:6219:16219	0	0	0	0	0	0	0	0	0	0	0	0	0	0	0	3	0	3	1	0
M00595:54:000000000-A7CT0:1:1105:25782:18741	0	0	0	0	0	0	0	0	0	0	0	0	0	0	0	6	8	10	6	5
M00595:42:000000000-A5J1T:1:2105:19381:20345	0	0	0	0	0	0	0	0	0	0	0	0	0	0	0	1	0	7	1	2
M01896:2:000000000-A69JN:1:2113:18444:20384	0	0	0	0	0	0	0	0	0	0	0	0	0	0	0	3	1	14	4	5
M00595:42:000000000-A5J1T:1:1108:16107:22374	0	0	0	0	0	0	0	0	0	0	0	0	0	0	0	5	2	5	5	1
M01896:2:000000000-A69JN:1:1109:10283:24780	0	0	0	0	0	0	0	0	0	0	0	0	0	0	0	2	1	5	0	2
M01896:15:000000000-A7EN9:1:1116:9556:6762	0	0	0	0	0	0	0	0	0	0	0	0	0	0	0	3	0	0	0	0
M00595:54:000000000-A7CT0:1:2108:17336:5016	0	0	0	0	0	0	0	0	0	0	0	0	0	0	0	2	1	6	3	1
M00595:42:000000000-A5J1T:1:1106:19040:2903	0	0	0	0	0	0	0	0	0	0	0	0	0	0	0	1	2	15	2	5
M00595:54:000000000-A7CT0:1:1109:28620:14400	0	0	0	0	0	0	0	0	0	0	0	0	0	0	0	2	0	0	2	0
M01896:15:000000000-A7EN9:1:2105:23500:19305	0	0	0	0	0	0	0	0	0	0	0	0	0	0	0	2	3	2	2	1
M01896:2:000000000-A69JN:1:2112:11621:24025	0	0	0	0	0	0	0	0	0	0	0	0	0	0	0	2	0	10	0	2
M01896:14:000000000-A7ERE:1:2101:27387:10347	0	0	0	0	0	0	0	0	0	0	0	0	0	0	0	5	2	1	0	2
M01896:15:000000000-A7EN9:1:2107:14839:12565	0	0	0	0	0	0	0	0	0	0	0	0	0	0	0	2	0	1	0	0
M01896:2:000000000-A69JN:1:2111:7187:6525	0	0	0	0	0	0	0	0	0	0	0	0	0	0	0	1	0	3	1	2
M00595:42:000000000-A5J1T:1:2118:11392:10108	0	0	0	0	0	0	0	0	0	0	0	0	0	0	0	1	2	8	1	2
M01896:15:000000000-A7EN9:1:2114:15958:17296	0	0	0	0	0	0	0	0	0	0	0	0	0	0	0	2	1	1	0	0
M00595:42:000000000-A5J1T:1:1104:9864:12695	0	0	0	0	0	0	0	0	0	0	0	0	0	0	0	3	4	12	0	4
M00595:42:000000000-A5J1T:1:1117:20195:22191	0	0	0	0	0	0	0	0	0	0	0	0	0	0	0	3	5	20	2	11
M00595:42:000000000-A5J1T:1:1108:23090:13423	0	0	0	0	0	0	0	0	0	0	0	0	0	0	0	3	1	3	3	1
M01896:15:000000000-A7EN9:1:2102:6931:4275	0	0	0	0	0	0	0	0	0	0	0	0	0	0	0	1	2	1	0	0
M01896:15:000000000-A7EN9:1:2110:19417:6500	0	0	0	0	0	0	0	0	0	0	0	0	0	0	0	1	3	10	0	1
M01896:15:000000000-A7EN9:1:2116:7290:23093	0	0	0	0	0	0	0	0	0	0	0	0	0	0	0	3	6	22	4	7
M01896:14:000000000-A7ERE:1:2109:10922:22076	0	0	0	0	0	0	0	0	0	0	0	0	0	0	0	1	2	2	0	0
M00595:54:000000000-A7CT0:1:1117:16655:5155	0	0	0	0	0	0	0	0	0	0	0	0	0	0	0	1	2	5	2	1
M01896:14:000000000-A7ERE:1:1102:6371:2876	0	0	0	0	0	0	0	0	0	0	0	0	0	0	0	1	5	5	2	0
M00595:42:000000000-A5J1T:1:2113:12950:12262	0	0	0	0	0	0	0	0	0	0	0	0	0	0	0	1	2	15	0	3
M01896:14:000000000-A7ERE:1:2103:12984:10620	0	0	0	0	0	0	0	0	0	0	0	0	0	0	0	2	5	4	0	2
M01896:14:000000000-A7ERE:1:2115:5944:22487	0	0	0	0	0	0	0	0	0	0	0	0	0	0	0	2	0	1	1	1
M00595:42:000000000-A5J1T:1:2111:19600:21067	0	0	0	0	0	0	0	0	0	0	0	0	0	0	0	2	3	18	7	2
M01896:14:000000000-A7ERE:1:1112:29527:12253	0	0	0	0	0	0	0	0	0	0	0	0	0	0	0	1	1	9	1	2
M01896:14:000000000-A7ERE:1:1112:10468:13043	0	0	0	0	0	0	0	0	0	0	0	0	0	0	0	2	1	3	3	5
M00595:42:000000000-A5J1T:1:1112:26733:10009	0	0	0	0	0	0	0	0	0	0	0	0	0	0	0	1	0	3	0	1
M01896:14:000000000-A7ERE:1:1113:24216:6106	0	0	0	0	0	0	0	0	0	0	0	0	0	0	0	1	2	2	0	4
M01896:14:000000000-A7ERE:1:1111:8472:10175	0	0	0	0	0	0	0	0	0	0	0	0	0	0	0	1	0	3	1	3
M00595:42:000000000-A5J1T:1:1102:15301:13006	0	0	0	0	0	0	0	0	0	0	0	0	0	0	0	1	2	8	4	1
M01896:2:000000000-A69JN:1:1110:5376:15868	0	0	0	0	0	0	0	0	0	0	0	0	0	0	0	1	1	11	4	5
M00595:42:000000000-A5J1T:1:1110:13983:7291	0	0	0	0	0	0	0	0	0	0	0	0	0	0	0	2	1	5	1	1
M00595:42:000000000-A5J1T:1:2109:11948:13219	0	0	0	0	0	0	0	0	0	0	0	0	0	0	0	3	5	17	1	2
M01896:14:000000000-A7ERE:1:2101:20901:18183	0	0	0	0	0	0	0	0	0	0	0	0	0	0	0	2	0	2	0	0
M00595:42:000000000-A5J1T:1:2104:14126:11543	0	0	0	0	0	0	0	0	0	0	0	0	0	0	0	2	2	11	1	0
M01896:14:000000000-A7ERE:1:2103:28451:12823	0	0	0	0	0	0	0	0	0	0	0	0	0	0	0	1	1	2	0	3
M01896:2:000000000-A69JN:1:2113:7793:13249	0	0	0	0	0	0	0	0	0	0	0	0	0	0	0	1	3	4	0	5
M00595:42:000000000-A5J1T:1:1112:16836:7896	0	0	0	0	0	0	0	0	0	0	0	0	0	0	0	1	0	2	0	1
M00595:54:000000000-A7CT0:1:2105:7915:11324	0	0	0	0	0	0	0	0	0	0	0	0	0	0	0	1	0	3	3	1
M00595:42:000000000-A5J1T:1:2111:22367:10575	0	0	0	0	0	0	0	0	0	0	0	0	0	0	0	1	2	6	1	4
M01896:15:000000000-A7EN9:1:1105:3466:12721	0	0	0	0	0	0	0	0	0	0	0	0	0	0	0	1	1	2	0	0
M01896:14:000000000-A7ERE:1:2115:11757:12967	0	0	0	0	0	0	0	0	0	0	0	0	0	0	0	2	2	7	2	5
M00595:42:000000000-A5J1T:1:1117:10251:19904	0	0	0	0	0	0	0	0	0	0	0	0	0	0	0	1	2	11	3	1
M01896:14:000000000-A7ERE:1:2112:15837:12640	0	0	0	0	0	0	0	0	0	0	0	0	0	0	0	2	0	0	0	0
M01896:2:000000000-A69JN:1:2115:16622:8058	0	0	0	0	0	0	0	0	0	0	0	0	0	0	0	2	2	0	1	8
M01896:2:000000000-A69JN:1:2101:9189:14728	0	0	0	0	0	0	0	0	0	0	0	0	0	0	0	1	2	1	0	2
M00595:42:000000000-A5J1T:1:2111:6417:15570	0	0	0	0	0	0	0	0	0	0	0	0	0	0	0	1	2	9	0	2
M00595:42:000000000-A5J1T:1:1104:4118:15817	0	0	0	0	0	0	0	0	0	0	0	0	0	0	0	1	1	7	3	2
M01896:2:000000000-A69JN:1:2103:6510:16773	0	0	0	0	0	0	0	0	0	0	0	0	0	0	0	1	2	0	0	5
M00595:42:000000000-A5J1T:1:2111:15366:17024	0	0	0	0	0	0	0	0	0	0	0	0	0	0	0	2	4	13	0	4
M00595:42:000000000-A5J1T:1:2118:24623:3431	0	0	0	0	0	0	0	0	0	0	0	0	0	0	0	1	6	10	3	2
M01896:14:000000000-A7ERE:1:1113:9350:12267	0	0	0	0	0	0	0	0	0	0	0	0	0	0	0	1	1	3	0	1
M01896:2:000000000-A69JN:1:1108:11626:15907	0	0	0	0	0	0	0	0	0	0	0	0	0	0	0	1	2	2	0	2
M00595:42:000000000-A5J1T:1:1107:13732:4393	0	0	0	0	0	0	0	0	0	0	0	0	0	0	0	1	0	5	0	1
M01896:15:000000000-A7EN9:1:1112:16815:10017	0	0	0	0	0	0	0	0	0	0	0	0	0	0	0	1	2	7	0	1
M00595:42:000000000-A5J1T:1:1107:17435:2702	0	0	0	0	0	0	0	0	0	0	0	0	0	0	0	2	2	8	0	2
M01896:15:000000000-A7EN9:1:1109:11385:3281	0	0	0	0	0	0	0	0	0	0	0	0	0	0	0	1	3	3	4	0
M00595:42:000000000-A5J1T:1:2103:21732:5014	0	0	0	0	0	0	0	0	0	0	0	0	0	0	0	1	5	12	1	1
M00595:42:000000000-A5J1T:1:2112:25173:5764	0	0	0	0	0	0	0	0	0	0	0	0	0	0	0	1	1	7	1	0
M01896:15:000000000-A7EN9:1:1112:22207:19513	0	0	0	0	0	0	0	0	0	0	0	0	0	0	0	1	0	1	0	1
M00595:42:000000000-A5J1T:1:2114:11248:3212	0	0	0	0	0	0	0	0	0	0	0	0	0	0	0	1	3	3	0	3
M00595:42:000000000-A5J1T:1:1106:18793:10806	0	0	0	0	0	0	0	0	0	0	0	0	0	0	0	1	3	2	1	0
M01896:2:000000000-A69JN:1:2105:19767:7222	0	0	0	0	0	0	0	0	0	0	0	0	0	0	0	1	1	3	1	6
M00595:54:000000000-A7CT0:1:1101:10843:5962	0	0	0	0	0	0	0	0	0	0	0	0	0	0	0	1	4	2	4	2
M00595:42:000000000-A5J1T:1:2105:10588:13443	0	0	0	0	0	0	0	0	0	0	0	0	0	0	0	1	0	4	0	2
M01896:15:000000000-A7EN9:1:2115:10549:12443	0	0	0	0	0	0	0	0	0	0	0	0	0	0	0	1	4	4	2	3
M01896:2:000000000-A69JN:1:2117:16410:24390	0	0	0	0	0	0	0	0	0	0	0	0	0	0	0	1	1	2	1	4
M00595:42:000000000-A5J1T:1:1104:17566:13405	0	0	0	0	0	0	0	0	0	0	0	0	0	0	0	1	3	5	1	1
M00595:42:000000000-A5J1T:1:1104:13450:22715	0	0	0	0	0	0	0	0	0	0	0	0	0	0	0	1	0	6	1	2
M01896:2:000000000-A69JN:1:2106:25190:4665	0	0	0	0	0	0	0	0	0	0	0	0	0	0	0	1	1	0	0	2
M01896:2:000000000-A69JN:1:2102:18564:17187	0	0	0	0	0	0	0	0	0	0	0	0	0	0	0	1	0	5	2	2
M00595:42:000000000-A5J1T:1:2112:21480:19500	0	0	0	0	0	0	0	0	0	0	0	0	0	0	0	1	1	9	0	2
M01896:15:000000000-A7EN9:1:2107:16776:4529	0	0	0	0	0	0	0	0	0	0	0	0	0	0	0	0	7	8	5	3
M01896:14:000000000-A7ERE:1:1102:6268:3426	0	0	0	0	0	0	0	0	0	0	0	0	0	0	0	0	3	8	0	0
M00595:42:000000000-A5J1T:1:2114:4780:12984	0	0	0	0	0	0	0	0	0	0	0	0	0	0	0	0	4	9	1	3
M01896:14:000000000-A7ERE:1:1105:26767:11634	0	0	0	0	0	0	0	0	0	0	0	0	0	0	0	0	2	0	0	0
M00595:42:000000000-A5J1T:1:1105:15289:14657	0	0	0	0	0	0	0	0	0	0	0	0	0	0	0	0	3	7	0	2
M00595:42:000000000-A5J1T:1:2114:13186:17123	0	0	0	0	0	0	0	0	0	0	0	0	0	0	0	0	1	5	3	7
M01896:14:000000000-A7ERE:1:1116:23095:2479	0	0	0	0	0	0	0	0	0	0	0	0	0	0	0	0	9	2	3	5
M00595:42:000000000-A5J1T:1:1110:21328:19519	0	0	0	0	0	0	0	0	0	0	0	0	0	0	0	0	6	6	1	3
M01896:2:000000000-A69JN:1:2116:22478:5084	0	0	0	0	0	0	0	0	0	0	0	0	0	0	0	0	1	4	0	2
M00595:42:000000000-A5J1T:1:2117:5164:10490	0	0	0	0	0	0	0	0	0	0	0	0	0	0	0	0	2	2	0	0
M00595:42:000000000-A5J1T:1:2110:12805:14589	0	0	0	0	0	0	0	0	0	0	0	0	0	0	0	0	1	5	0	0
M00595:42:000000000-A5J1T:1:1113:9153:19615	0	0	0	0	0	0	0	0	0	0	0	0	0	0	0	0	1	2	0	2
M01896:14:000000000-A7ERE:1:1115:7452:23005	0	0	0	0	0	0	0	0	0	0	0	0	0	0	0	0	2	2	1	0
M00595:42:000000000-A5J1T:1:2119:14653:6618	0	0	0	0	0	0	0	0	0	0	0	0	0	0	0	0	2	3	1	1
M01896:14:000000000-A7ERE:1:1117:24378:6694	0	0	0	0	0	0	0	0	0	0	0	0	0	0	0	0	1	3	0	1
M01896:15:000000000-A7EN9:1:2111:17217:10732	0	0	0	0	0	0	0	0	0	0	0	0	0	0	0	0	5	5	1	0
M00595:42:000000000-A5J1T:1:2104:17121:12492	0	0	0	0	0	0	0	0	0	0	0	0	0	0	0	0	1	6	0	1
M01896:2:000000000-A69JN:1:1116:16575:19866	0	0	0	0	0	0	0	0	0	0	0	0	0	0	0	0	3	4	0	1
M00595:42:000000000-A5J1T:1:1117:12484:21018	0	0	0	0	0	0	0	0	0	0	0	0	0	0	0	0	1	3	1	0
M01896:14:000000000-A7ERE:1:2108:7387:2058	0	0	0	0	0	0	0	0	0	0	0	0	0	0	0	0	2	5	1	0
M00595:42:000000000-A5J1T:1:2110:7839:15626	0	0	0	0	0	0	0	0	0	0	0	0	0	0	0	0	2	5	3	1
M00595:42:000000000-A5J1T:1:1111:18461:17301	0	0	0	0	0	0	0	0	0	0	0	0	0	0	0	0	3	14	0	1
M01896:2:000000000-A69JN:1:2103:27724:14295	0	0	0	0	0	0	0	0	0	0	0	0	0	0	0	0	3	6	0	3
M01896:15:000000000-A7EN9:1:2108:6786:16487	0	0	0	0	0	0	0	0	0	0	0	0	0	0	0	0	3	0	1	0
M01896:15:000000000-A7EN9:1:2107:12007:11543	0	0	0	0	0	0	0	0	0	0	0	0	0	0	0	0	5	1	0	1
M01896:2:000000000-A69JN:1:2114:20237:4314	0	0	0	0	0	0	0	0	0	0	0	0	0	0	0	0	3	1	1	2
M01896:14:000000000-A7ERE:1:2118:23227:19997	0	0	0	0	0	0	0	0	0	0	0	0	0	0	0	0	2	0	1	1
M01896:2:000000000-A69JN:1:1109:10541:18765	0	0	0	0	0	0	0	0	0	0	0	0	0	0	0	0	1	1	0	2
M01896:2:000000000-A69JN:1:2101:15683:19386	0	0	0	0	0	0	0	0	0	0	0	0	0	0	0	0	3	4	0	10
M00595:42:000000000-A5J1T:1:2104:13276:2820	0	0	0	0	0	0	0	0	0	0	0	0	0	0	0	0	2	3	0	0
M00595:42:000000000-A5J1T:1:2105:19674:7189	0	0	0	0	0	0	0	0	0	0	0	0	0	0	0	0	1	1	0	0
M00595:54:000000000-A7CT0:1:2112:19801:7132	0	0	0	0	0	0	0	0	0	0	0	0	0	0	0	0	1	2	2	1
M00595:42:000000000-A5J1T:1:1104:18922:11193	0	0	0	0	0	0	0	0	0	0	0	0	0	0	0	0	4	4	0	0
M01896:14:000000000-A7ERE:1:1110:18846:17855	0	0	0	0	0	0	0	0	0	0	0	0	0	0	0	0	3	3	0	1
M01896:15:000000000-A7EN9:1:1115:17111:2208	0	0	0	0	0	0	0	0	0	0	0	0	0	0	0	0	2	1	0	0
M00595:42:000000000-A5J1T:1:2118:25081:17311	0	0	0	0	0	0	0	0	0	0	0	0	0	0	0	0	2	8	2	0
M01896:15:000000000-A7EN9:1:1116:4783:11234	0	0	0	0	0	0	0	0	0	0	0	0	0	0	0	0	1	0	0	0
M00595:42:000000000-A5J1T:1:2111:9640:20469	0	0	0	0	0	0	0	0	0	0	0	0	0	0	0	0	1	6	0	0
M01896:2:000000000-A69JN:1:2107:6327:14292	0	0	0	0	0	0	0	0	0	0	0	0	0	0	0	0	2	0	0	3
M00595:42:000000000-A5J1T:1:1113:11967:12785	0	0	0	0	0	0	0	0	0	0	0	0	0	0	0	0	2	7	1	0
M01896:15:000000000-A7EN9:1:2109:17737:7540	0	0	0	0	0	0	0	0	0	0	0	0	0	0	0	0	2	1	0	0
M00595:42:000000000-A5J1T:1:2113:20509:19059	0	0	0	0	0	0	0	0	0	0	0	0	0	0	0	0	3	6	2	3
M00595:42:000000000-A5J1T:1:1112:12166:5314	0	0	0	0	0	0	0	0	0	0	0	0	0	0	0	0	2	13	3	2
M00595:42:000000000-A5J1T:1:2105:14121:22042	0	0	0	0	0	0	0	0	0	0	0	0	0	0	0	0	4	2	0	0
M01896:14:000000000-A7ERE:1:1102:16549:2116	0	0	0	0	0	0	0	0	0	0	0	0	0	0	0	0	3	7	1	1
M01896:2:000000000-A69JN:1:1101:8601:18650	0	0	0	0	0	0	0	0	0	0	0	0	0	0	0	0	2	8	0	4
M00595:54:000000000-A7CT0:1:1110:11632:21683	0	0	0	0	0	0	0	0	0	0	0	0	0	0	0	0	1	1	4	2
M01896:2:000000000-A69JN:1:1103:9384:19139	0	0	0	0	0	0	0	0	0	0	0	0	0	0	0	0	4	7	1	2
M00595:42:000000000-A5J1T:1:1119:20013:20603	0	0	0	0	0	0	0	0	0	0	0	0	0	0	0	0	3	6	0	2
M00595:42:000000000-A5J1T:1:2109:20779:17871	0	0	0	0	0	0	0	0	0	0	0	0	0	0	0	0	1	4	0	0
M00595:42:000000000-A5J1T:1:1110:26095:18170	0	0	0	0	0	0	0	0	0	0	0	0	0	0	0	0	1	12	1	4
M00595:42:000000000-A5J1T:1:2108:14254:5407	0	0	0	0	0	0	0	0	0	0	0	0	0	0	0	0	2	5	0	2
M00595:54:000000000-A7CT0:1:2114:8030:7912	0	0	0	0	0	0	0	0	0	0	0	0	0	0	0	0	2	0	1	0
M01896:2:000000000-A69JN:1:1119:15742:11683	0	0	0	0	0	0	0	0	0	0	0	0	0	0	0	0	2	3	0	3
M01896:14:000000000-A7ERE:1:1116:14496:20233	0	0	0	0	0	0	0	0	0	0	0	0	0	0	0	0	2	0	0	0
M01896:2:000000000-A69JN:1:2116:18810:6984	0	0	0	0	0	0	0	0	0	0	0	0	0	0	0	0	1	6	1	3
M00595:42:000000000-A5J1T:1:1118:15095:7916	0	0	0	0	0	0	0	0	0	0	0	0	0	0	0	0	1	3	0	2
M01896:2:000000000-A69JN:1:1107:14467:6055	0	0	0	0	0	0	0	0	0	0	0	0	0	0	0	0	1	0	0	2
M00595:42:000000000-A5J1T:1:1111:9372:9597	0	0	0	0	0	0	0	0	0	0	0	0	0	0	0	0	1	6	1	1
M00595:42:000000000-A5J1T:1:1106:16985:8494	0	0	0	0	0	0	0	0	0	0	0	0	0	0	0	0	1	1	0	0
M00595:42:000000000-A5J1T:1:2110:18076:6038	0	0	0	0	0	0	0	0	0	0	0	0	0	0	0	0	1	4	0	0
M00595:42:000000000-A5J1T:1:1101:15102:17998	0	0	0	0	0	0	0	0	0	0	0	0	0	0	0	0	1	3	0	1
M01896:2:000000000-A69JN:1:1105:8156:12976	0	0	0	0	0	0	0	0	0	0	0	0	0	0	0	0	1	1	0	2
M00595:54:000000000-A7CT0:1:1110:23728:14929	0	0	0	0	0	0	0	0	0	0	0	0	0	0	0	0	1	5	2	1
M00595:54:000000000-A7CT0:1:1112:19979:12486	0	0	0	0	0	0	0	0	0	0	0	0	0	0	0	0	0	4	1	1
M00595:42:000000000-A5J1T:1:2103:8221:16189	0	0	0	0	0	0	0	0	0	0	0	0	0	0	0	0	0	15	1	3
M00595:42:000000000-A5J1T:1:1105:16086:18815	0	0	0	0	0	0	0	0	0	0	0	0	0	0	0	0	0	4	1	0
M00595:42:000000000-A5J1T:1:1107:12553:20357	0	0	0	0	0	0	0	0	0	0	0	0	0	0	0	0	0	3	0	0
M00595:54:000000000-A7CT0:1:1109:28464:11995	0	0	0	0	0	0	0	0	0	0	0	0	0	0	0	0	0	1	2	0
M00595:42:000000000-A5J1T:1:2119:25311:18784	0	0	0	0	0	0	0	0	0	0	0	0	0	0	0	0	0	4	0	1
M01896:2:000000000-A69JN:1:1103:8400:18099	0	0	0	0	0	0	0	0	0	0	0	0	0	0	0	0	0	3	0	3
M01896:2:000000000-A69JN:1:2116:25294:15092	0	0	0	0	0	0	0	0	0	0	0	0	0	0	0	0	0	6	0	1
M01896:2:000000000-A69JN:1:2112:25572:14325	0	0	0	0	0	0	0	0	0	0	0	0	0	0	0	0	0	4	0	5
M00595:42:000000000-A5J1T:1:1113:19603:6422	0	0	0	0	0	0	0	0	0	0	0	0	0	0	0	0	0	4	0	1
M01896:2:000000000-A69JN:1:2116:23490:15074	0	0	0	0	0	0	0	0	0	0	0	0	0	0	0	0	0	1	0	2
M01896:2:000000000-A69JN:1:2113:20875:8534	0	0	0	0	0	0	0	0	0	0	0	0	0	0	0	0	0	1	0	4
M00595:42:000000000-A5J1T:1:2104:8628:6387	0	0	0	0	0	0	0	0	0	0	0	0	0	0	0	0	0	6	0	0
M00595:42:000000000-A5J1T:1:1114:13623:21084	0	0	0	0	0	0	0	0	0	0	0	0	0	0	0	0	0	1	0	2
M01896:2:000000000-A69JN:1:2111:5884:10125	0	0	0	0	0	0	0	0	0	0	0	0	0	0	0	0	0	1	0	2
M00595:42:000000000-A5J1T:1:1107:27117:17815	0	0	0	0	0	0	0	0	0	0	0	0	0	0	0	0	0	3	0	0
M00595:42:000000000-A5J1T:1:1116:19958:11721	0	0	0	0	0	0	0	0	0	0	0	0	0	0	0	0	0	4	0	1
M00595:42:000000000-A5J1T:1:2103:10512:23611	0	0	0	0	0	0	0	0	0	0	0	0	0	0	0	0	0	2	1	1
M00595:42:000000000-A5J1T:1:2104:11792:5331	0	0	0	0	0	0	0	0	0	0	0	0	0	0	0	0	0	2	0	0
M00595:42:000000000-A5J1T:1:2113:23567:18042	0	0	0	0	0	0	0	0	0	0	0	0	0	0	0	0	0	3	0	0
M01896:2:000000000-A69JN:1:2110:26359:18850	0	0	0	0	0	0	0	0	0	0	0	0	0	0	0	0	0	6	3	3
M01896:2:000000000-A69JN:1:2108:19731:22221	0	0	0	0	0	0	0	0	0	0	0	0	0	0	0	0	0	1	1	2
M01896:2:000000000-A69JN:1:1101:16212:19825	0	0	0	0	0	0	0	0	0	0	0	0	0	0	0	0	0	5	0	1
M00595:42:000000000-A5J1T:1:2110:12400:17742	0	0	0	0	0	0	0	0	0	0	0	0	0	0	0	0	0	4	1	0
M01896:2:000000000-A69JN:1:1102:7775:3643	0	0	0	0	0	0	0	0	0	0	0	0	0	0	0	0	0	4	1	2
M00595:42:000000000-A5J1T:1:2115:16748:22096	0	0	0	0	0	0	0	0	0	0	0	0	0	0	0	0	0	2	1	2
M01896:2:000000000-A69JN:1:1104:24598:10545	0	0	0	0	0	0	0	0	0	0	0	0	0	0	0	0	0	2	1	2
M01896:2:000000000-A69JN:1:1108:10803:19741	0	0	0	0	0	0	0	0	0	0	0	0	0	0	0	0	0	2	0	1
M00595:42:000000000-A5J1T:1:1111:11051:4402	0	0	0	0	0	0	0	0	0	0	0	0	0	0	0	0	0	3	1	4
M00595:42:000000000-A5J1T:1:1114:23853:15009	0	0	0	0	0	0	0	0	0	0	0	0	0	0	0	0	0	1	0	0
M00595:54:000000000-A7CT0:1:1114:8149:20930	0	0	0	0	0	0	0	0	0	0	0	0	0	0	0	0	0	1	3	0
M01896:2:000000000-A69JN:1:2112:18078:13551	0	0	0	0	0	0	0	0	0	0	0	0	0	0	0	0	0	1	1	2
M00595:42:000000000-A5J1T:1:2118:21451:10252	0	0	0	0	0	0	0	0	0	0	0	0	0	0	0	0	0	1	0	2
M00595:54:000000000-A7CT0:1:1102:8664:15130	0	0	0	0	0	0	0	0	0	0	0	0	0	0	0	0	0	0	2	0
M00595:54:000000000-A7CT0:1:1106:20103:6247	0	0	0	0	0	0	0	0	0	0	0	0	0	0	0	0	0	0	4	0
M00595:54:000000000-A7CT0:1:1118:23331:8398	0	0	0	0	0	0	0	0	0	0	0	0	0	0	0	0	0	0	2	1
M00595:54:000000000-A7CT0:1:2104:22291:12649	0	0	0	0	0	0	0	0	0	0	0	0	0	0	0	0	0	0	2	0
M00595:54:000000000-A7CT0:1:2106:19913:10434	0	0	0	0	0	0	0	0	0	0	0	0	0	0	0	0	0	0	2	0
M01896:2:000000000-A69JN:1:1102:13893:5678	0	0	0	0	0	0	0	0	0	0	0	0	0	0	0	0	0	0	0	3
M01896:2:000000000-A69JN:1:1108:6591:19986	0	0	0	0	0	0	0	0	0	0	0	0	0	0	0	0	0	0	0	2
M01896:2:000000000-A69JN:1:1116:23193:7703	0	0	0	0	0	0	0	0	0	0	0	0	0	0	0	0	0	0	0	2
M01896:2:000000000-A69JN:1:1118:14300:17355	0	0	0	0	0	0	0	0	0	0	0	0	0	0	0	0	0	0	0	3
M01896:2:000000000-A69JN:1:2104:28807:17848	0	0	0	0	0	0	0	0	0	0	0	0	0	0	0	0	0	0	0	2
M01896:2:000000000-A69JN:1:2113:6196:6980	0	0	0	0	0	0	0	0	0	0	0	0	0	0	0	0	0	0	0	2
M01896:2:000000000-A69JN:1:2118:24465:14046	0	0	0	0	0	0	0	0	0	0	0	0	0	0	0	0	0	0	0	2
M01896:2:000000000-A69JN:1:1102:22911:17713	0	0	0	0	0	0	0	0	0	0	0	0	0	0	0	0	0	0	0	2
M01896:2:000000000-A69JN:1:1109:4626:9081	0	0	0	0	0	0	0	0	0	0	0	0	0	0	0	0	0	0	0	2
M01896:2:000000000-A69JN:1:1109:10188:20908	0	0	0	0	0	0	0	0	0	0	0	0	0	0	0	0	0	0	0	2
M01896:2:000000000-A69JN:1:1111:12823:16023	0	0	0	0	0	0	0	0	0	0	0	0	0	0	0	0	0	0	0	2
M01896:2:000000000-A69JN:1:1113:7089:15024	0	0	0	0	0	0	0	0	0	0	0	0	0	0	0	0	0	0	0	2
M01896:2:000000000-A69JN:1:1119:2300:12619	0	0	0	0	0	0	0	0	0	0	0	0	0	0	0	0	0	0	0	2
